0;366;366;100;7,0,1,6,8,5,2,9,4,3
1;388;388;100;1,0,7,4,3,2,9,5,6,8
2;405;405;100;3,7,5,4,9,0,8,1,2,6
3;352;352;100;1,9,3,4,2,0,7,8,6,5
4;403;403;100;2,3,7,4,9,5,0,1,6,8
5;405;405;100;2,8,1,4,5,9,6,3,0,7
6;407;407;100;1,9,7,6,3,0,2,4,5,8
7;406;406;100;2,5,6,4,9,1,7,8,0,3
8;409;409;100;6,0,5,7,9,1,8,3,2,4
9;405;405;100;3,0,1,4,2,6,9,5,8,7
10;402;402;100;6,0,4,5,1,9,2,3,8,7
11;410;410;100;0,9,7,5,8,2,3,1,6,4
12;368;368;100;1,8,6,4,3,5,9,2,7,0
13;408;408;100;2,0,6,4,7,8,1,5,3,9
14;402;402;100;8,9,7,5,2,1,3,4,6,0
15;406;406;100;9,6,4,2,0,7,1,8,3,5
16;361;361;100;1,2,4,7,8,3,9,0,5,6
17;91;91;119;0,9,2,3,8,6,5,1,4,7
18;328;328;100;9,0,8,5,6,3,4,2,1,7
19;325;325;100;0,9,5,4,1,7,2,3,8,6
20;321;321;100;6,8,1,4,3,9,5,7,2,0
21;399;399;100;3,9,7,1,6,2,0,5,8,4
22;398;398;100;8,2,7,4,0,3,9,6,5,1
23;314;314;100;0,5,4,8,1,7,9,3,2,6
24;394;394;100;2,0,4,7,1,9,6,3,8,5
25;323;323;100;1,0,5,3,6,8,9,2,7,4
26;324;324;100;2,0,5,1,9,8,6,3,7,4
27;399;399;100;7,9,3,6,0,2,8,4,1,5
28;359;359;100;1,0,7,8,5,3,9,2,6,4
29;389;389;100;2,6,8,4,9,1,7,5,0,3
30;404;404;100;8,9,6,7,0,2,1,4,3,5
31;364;364;100;7,8,1,3,5,6,2,9,4,0
32;375;375;100;0,8,4,6,1,7,2,3,5,9
33;318;318;100;3,9,8,6,1,4,5,2,0,7
34;312;312;100;3,8,2,4,9,6,0,5,1,7
35;410;410;100;5,3,4,7,2,0,8,9,1,6
36;401;401;100;9,6,7,4,5,3,1,2,0,8
37;406;406;100;4,5,0,6,1,2,9,8,7,3
38;401;401;100;8,9,6,5,0,2,3,4,7,1
39;294;294;100;3,0,1,7,4,9,8,2,5,6
40;329;329;100;7,8,2,4,5,6,3,9,1,0
41;295;295;100;9,3,4,5,1,7,8,0,2,6
42;331;331;100;5,8,4,0,1,9,3,7,2,6
43;315;315;100;2,7,6,4,9,8,1,3,0,5
44;402;402;100;1,3,7,0,4,2,9,5,6,8
45;410;410;100;7,5,1,4,8,3,9,0,2,6
46;401;401;100;3,9,1,4,7,5,0,6,8,2
47;401;401;100;0,8,1,5,3,9,4,6,2,7
48;405;405;100;8,3,4,6,1,9,5,0,2,7
49;408;408;100;5,0,8,4,1,6,3,2,9,7
50;406;406;100;2,1,6,7,5,8,0,9,3,4
51;405;405;100;2,3,6,1,4,9,0,5,7,8
52;403;403;100;9,0,7,4,6,2,1,3,8,5
53;378;378;100;2,7,6,4,5,3,1,8,0,9
54;400;400;100;3,8,7,4,1,2,0,5,6,9
55;404;404;100;1,9,8,4,0,3,7,5,6,2
56;404;404;100;8,9,2,4,1,7,6,0,3,5
57;398;398;100;8,9,3,6,0,2,5,1,7,4
58;397;397;100;1,7,3,4,0,2,9,8,6,5
59;396;396;100;9,2,5,7,3,0,1,6,4,8
60;392;392;100;1,6,7,4,0,5,9,8,3,2
61;398;398;100;3,6,0,4,1,9,5,7,8,2
62;408;408;100;2,1,4,3,8,5,0,9,6,7
63;402;402;100;7,8,5,1,9,6,4,3,2,0
64;398;398;100;1,9,5,4,7,8,6,3,0,2
65;397;397;100;0,1,6,4,8,7,2,9,3,5
66;396;396;100;7,9,2,5,3,0,1,8,4,6
67;392;392;100;6,3,4,5,8,9,1,0,2,7
68;400;400;100;3,5,1,4,7,2,0,6,8,9
69;401;401;100;0,9,3,5,6,8,2,7,4,1
70;408;408;100;2,9,8,4,3,7,0,6,1,5
71;409;409;100;0,2,6,4,9,1,7,5,3,8
72;402;402;100;6,1,2,5,3,0,8,4,9,7
73;404;404;100;4,9,6,5,0,2,3,1,7,8
74;399;399;100;6,8,4,5,9,3,1,0,2,7
75;396;396;100;0,9,8,4,7,5,3,6,2,1
76;398;398;100;6,9,5,8,7,3,1,0,2,4
77;403;403;100;9,0,7,5,3,8,1,2,6,4
78;381;381;100;2,9,6,5,3,8,7,4,0,1
79;400;400;100;3,5,1,4,9,7,8,2,0,6
80;404;404;100;3,4,5,7,2,6,8,9,1,0
81;403;403;100;0,8,4,6,1,9,2,3,5,7
82;401;401;100;0,9,3,4,7,8,2,5,6,1
83;402;402;100;8,1,7,4,0,9,3,6,5,2
84;388;388;100;8,9,5,4,2,0,3,6,7,1
85;399;399;100;0,9,2,4,8,6,3,1,5,7
86;401;401;100;8,0,5,1,4,9,3,2,7,6
87;402;402;100;7,3,5,6,9,1,4,0,2,8
88;398;398;100;3,8,5,4,9,1,0,7,2,6
89;399;399;100;6,0,1,4,7,8,9,3,5,2
90;392;392;100;1,0,9,4,8,5,7,2,6,3
91;397;397;100;1,6,5,4,7,3,9,0,2,8
92;402;402;100;3,1,5,7,9,4,8,2,0,6
93;400;400;100;6,9,2,4,7,0,8,3,5,1
94;398;398;100;8,9,6,1,2,0,7,5,3,4
95;402;402;100;3,6,5,4,7,1,9,2,0,8
96;392;392;100;6,8,4,1,3,0,5,7,2,9
97;388;388;100;6,2,4,7,3,9,1,0,8,5
98;396;396;100;2,7,3,4,9,1,0,8,6,5
99;393;393;100;7,0,1,4,6,2,9,3,8,5
100;292;292;100;1,0,7,4,5,8,3,2,6,9
101;283;283;100;0,8,4,2,1,6,7,5,3,9
102;291;291;100;3,5,0,6,7,2,8,1,9,4
103;289;289;100;2,5,7,4,9,1,6,3,0,8
104;291;291;100;7,6,4,5,3,8,9,1,2,0
105;256;256;100;1,3,6,8,4,5,9,2,7,0
106;296;296;100;8,6,7,4,1,9,5,0,3,2
107;289;289;100;5,8,6,1,7,4,9,3,0,2
108;292;292;100;2,4,6,5,3,1,0,9,7,8
109;292;292;100;6,2,4,7,8,9,1,0,3,5
110;287;287;100;2,3,7,5,8,6,0,9,1,4
111;293;293;100;0,6,7,4,3,8,2,9,5,1
112;294;294;100;2,8,7,5,9,3,6,4,0,1
113;300;300;100;2,9,6,5,8,3,0,1,7,4
114;293;293;100;8,6,3,1,4,0,5,2,7,9
115;375;375;100;5,8,0,4,7,2,3,9,6,1
116;436;436;100;3,6,5,1,9,8,0,2,7,4
117;437;437;100;3,0,5,4,1,9,8,2,6,7
118;436;436;100;2,7,8,4,3,9,0,1,6,5
119;443;443;100;7,3,4,5,8,9,1,0,2,6
120;440;440;100;9,2,6,5,3,8,1,0,4,7
121;442;442;100;1,0,9,4,5,8,6,2,7,3
122;440;440;100;7,2,4,3,5,9,8,6,1,0
123;443;443;100;8,6,3,4,1,9,5,2,7,0
124;440;440;100;4,6,5,2,0,3,9,8,7,1
125;272;272;100;7,1,4,8,3,5,9,6,2,0
126;350;350;100;6,2,5,7,0,3,8,1,9,4
127;362;362;100;3,8,1,5,2,6,0,9,4,7
128;334;334;100;1,7,6,4,0,5,9,8,3,2
129;348;348;100;0,3,1,6,4,9,2,5,8,7
130;436;436;100;1,0,3,5,7,8,9,2,6,4
131;355;355;100;2,3,4,5,1,7,0,8,6,9
132;438;438;100;3,2,5,4,6,8,0,9,7,1
133;437;437;100;5,8,9,1,7,2,6,3,0,4
134;437;437;100;3,9,7,5,0,2,8,1,6,4
135;443;443;100;2,3,1,4,5,9,0,7,8,6
136;432;432;100;0,6,5,4,9,1,2,8,7,3
137;425;425;150;5,8,4,7,1,9,6,0,3,2
138;442;442;100;7,3,1,5,2,6,8,9,4,0
139;433;433;100;5,1,4,6,2,7,8,9,3,0
140;433;433;100;4,6,5,2,3,0,9,1,7,8
141;434;434;100;0,9,7,4,6,1,2,3,5,8
142;439;439;100;0,8,1,5,4,9,3,7,2,6
143;425;425;100;7,9,2,4,8,6,1,5,3,0
144;332;332;100;7,5,2,3,8,0,1,9,4,6
145;312;312;100;7,2,4,5,0,3,8,6,1,9
146;256;256;236;0,4,6,5,1,9,2,8,3,7
147;297;297;100;8,0,6,5,1,9,3,7,4,2
148;334;334;100;0,5,4,6,1,9,3,7,2,8
149;336;336;100;8,0,7,3,4,9,5,2,6,1
150;299;299;100;4,2,1,5,8,6,9,0,3,7
151;341;341;100;0,2,4,7,1,9,3,6,8,5
152;352;352;100;2,5,6,4,3,8,0,1,7,9
153;344;344;100;4,0,7,9,6,8,1,3,5,2
154;343;343;100;1,8,9,4,0,3,7,5,6,2
155;333;333;100;2,9,7,3,8,4,0,1,6,5
156;336;336;100;2,9,0,8,5,3,7,1,6,4
157;337;337;100;6,8,4,3,1,0,5,7,2,9
158;338;338;100;0,6,3,1,7,9,2,5,4,8
159;351;351;100;6,8,1,4,0,9,2,3,5,7
160;434;434;100;3,7,5,4,9,6,8,2,0,1
161;439;439;100;2,9,7,6,5,4,1,8,0,3
162;436;436;100;6,8,4,1,7,9,2,5,3,0
163;434;434;100;2,6,3,1,9,5,0,8,7,4
164;348;348;100;2,9,7,4,6,5,1,3,0,8
165;281;281;100;1,6,5,4,3,0,9,2,7,8
166;341;341;100;1,0,7,4,6,8,9,5,3,2
167;340;340;100;3,0,7,4,5,9,8,2,6,1
168;396;396;100;1,6,4,5,3,0,9,7,2,8
169;372;372;100;9,2,4,6,8,5,1,7,3,0
170;356;356;100;6,9,4,3,5,0,8,7,2,1
171;295;295;100;1,0,7,4,9,8,5,2,6,3
172;278;278;100;2,1,7,5,3,8,0,9,6,4
173;291;291;100;3,1,8,4,2,7,9,5,0,6
174;292;292;100;2,1,0,8,5,3,6,9,7,4
175;293;293;100;6,3,4,5,7,9,8,0,2,1
176;292;292;100;3,7,9,5,6,4,8,2,0,1
177;296;296;100;6,8,2,7,3,0,1,5,4,9
178;294;294;100;1,0,5,8,6,4,9,2,7,3
179;292;292;100;6,9,2,4,5,0,1,7,8,3
180;294;294;100;2,8,5,1,9,7,6,3,0,4
181;294;294;100;1,0,7,5,6,4,2,3,9,8
182;295;295;100;2,9,7,3,5,4,0,1,6,8
183;296;296;100;0,1,4,9,8,6,3,7,2,5
184;297;297;100;0,5,7,4,6,8,2,9,3,1
185;294;294;100;2,3,4,7,8,9,0,1,6,5
186;298;298;100;4,2,5,7,3,8,0,1,9,6
187;294;294;100;5,1,3,6,2,0,8,9,4,7
188;296;296;100;1,9,4,6,3,8,5,7,2,0
189;296;296;100;2,6,7,5,8,3,0,9,1,4
190;291;291;100;5,1,8,7,2,0,3,9,4,6
191;292;292;100;3,5,7,1,9,4,0,8,6,2
192;297;297;100;9,8,4,5,3,0,1,7,2,6
193;292;292;100;8,0,9,5,7,4,3,1,6,2
194;298;298;100;9,8,4,6,5,3,1,0,2,7
195;293;293;100;7,1,3,5,8,6,2,9,4,0
196;290;290;100;7,9,4,5,3,6,8,1,2,0
197;294;294;100;5,0,4,9,2,6,1,3,8,7
198;272;272;100;9,0,7,1,6,2,4,3,5,8
199;295;295;100;2,8,3,4,6,5,0,7,1,9
200;296;296;100;5,0,4,6,2,9,1,3,8,7
201;298;298;100;8,0,9,4,6,1,7,5,3,2
202;297;297;100;0,9,3,7,8,6,4,1,2,5
203;295;295;100;8,9,5,3,2,0,6,4,7,1
204;289;289;100;2,9,6,5,7,8,1,3,0,4
205;295;295;100;0,9,3,4,1,5,2,8,6,7
206;296;296;100;9,6,4,5,0,2,1,8,3,7
207;295;295;100;9,7,6,3,5,8,4,2,0,1
208;295;295;100;8,9,6,3,2,0,5,1,7,4
209;291;291;100;2,1,9,5,8,3,6,7,0,4
210;293;293;100;8,6,7,2,9,1,5,0,3,4
211;290;290;100;9,3,6,0,7,2,1,5,4,8
212;294;294;100;8,0,1,5,9,4,3,2,7,6
213;291;291;100;3,0,7,4,6,1,8,9,5,2
214;294;294;100;7,1,3,5,8,0,2,9,4,6
215;297;297;100;1,0,9,3,5,8,6,2,7,4
216;293;293;100;1,8,2,5,3,0,6,7,9,4
217;294;294;100;1,8,2,4,9,6,7,3,5,0
218;290;290;100;4,1,6,7,3,5,9,2,0,8
219;289;289;100;6,8,2,7,4,0,1,3,5,9
220;293;293;100;9,2,1,7,6,8,4,0,3,5
221;294;294;100;7,2,4,5,0,3,8,9,1,6
222;293;293;100;6,5,8,4,7,1,9,0,2,3
223;293;293;100;0,3,4,6,1,7,2,5,8,9
224;294;294;100;3,8,4,5,1,6,9,2,0,7
225;300;300;100;1,6,5,4,3,0,9,7,2,8
226;294;294;100;6,0,4,7,1,9,2,5,8,3
227;295;295;100;2,7,3,1,9,5,0,8,6,4
228;294;294;100;5,3,4,7,1,2,0,8,6,9
229;292;292;100;5,9,7,8,0,2,3,1,6,4
230;292;292;100;5,4,3,6,2,0,8,9,1,7
231;296;296;100;7,1,4,3,5,9,8,0,2,6
232;297;297;100;7,3,8,4,1,6,9,0,2,5
233;298;298;100;0,6,3,7,9,8,2,5,4,1
234;294;294;100;5,4,1,7,0,2,3,6,8,9
235;292;292;100;8,2,5,4,9,1,3,6,7,0
236;296;296;100;4,9,0,6,8,2,5,1,7,3
237;292;292;100;5,9,8,4,7,1,6,3,0,2
238;290;290;100;2,8,1,5,9,7,6,3,0,4
239;294;294;100;7,0,3,1,6,8,2,9,4,5
240;297;297;100;1,5,6,4,3,0,9,2,7,8
241;291;291;100;8,9,6,4,0,2,5,1,7,3
242;295;295;100;6,9,5,1,7,4,8,0,2,3
243;294;294;100;1,2,4,5,3,0,9,7,6,8
244;295;295;100;1,0,6,4,8,9,3,2,7,5
245;294;294;100;6,8,4,1,7,9,5,3,2,0
246;293;293;100;9,3,4,6,8,5,1,0,2,7
247;296;296;100;5,8,1,7,2,0,3,9,4,6
248;295;295;100;4,6,7,2,0,1,9,8,5,3
249;297;297;100;1,2,7,6,5,8,9,0,3,4
250;292;292;100;9,5,6,7,0,2,1,8,4,3
251;294;294;100;2,0,6,4,9,1,7,3,8,5
252;292;292;100;4,7,6,3,8,1,9,2,0,5
253;292;292;100;6,3,4,7,1,5,8,0,2,9
254;296;296;100;2,0,7,1,4,9,6,5,3,8
255;297;297;100;2,9,6,1,3,5,0,4,7,8
256;296;296;100;5,0,3,4,7,2,8,6,1,9
257;295;295;100;5,9,4,6,2,7,1,8,3,0
258;291;291;100;5,9,7,4,6,8,1,3,0,2
259;294;294;100;8,2,3,6,9,5,7,0,4,1
260;293;293;100;3,0,7,5,6,2,8,1,9,4
261;297;297;100;6,0,5,4,7,1,8,9,2,3
262;296;296;100;2,5,6,1,9,4,7,3,0,8
263;294;294;100;0,1,4,6,7,8,2,5,3,9
264;296;296;100;1,3,7,4,0,5,9,8,6,2
265;218;218;131;3,5,7,4,6,9,8,2,0,1
266;292;292;100;6,1,4,8,3,5,9,0,2,7
267;294;294;100;1,8,6,4,3,5,9,2,0,7
268;297;297;100;0,3,1,6,4,9,2,8,5,7
269;292;292;100;2,0,8,4,1,9,7,5,6,3
270;294;294;100;7,8,1,4,5,6,9,3,2,0
271;301;301;100;0,9,5,4,8,3,2,1,7,6
272;292;292;100;3,8,4,7,1,9,5,2,0,6
273;294;294;100;3,1,7,5,6,4,8,9,0,2
274;295;295;100;2,4,7,3,5,8,0,1,6,9
275;293;293;100;9,8,7,4,2,0,1,5,3,6
276;293;293;100;4,0,8,5,1,3,9,2,7,6
277;295;295;100;3,6,0,1,9,8,5,2,7,4
278;298;298;100;1,0,7,6,9,4,2,8,5,3
279;290;290;100;4,0,7,1,6,2,9,3,5,8
280;293;293;100;2,5,7,4,6,8,0,3,9,1
281;291;291;100;4,1,6,7,0,2,9,8,3,5
282;295;295;100;0,9,7,5,6,4,2,8,3,1
283;291;291;100;0,7,6,4,9,5,2,8,3,1
284;297;297;100;0,1,5,7,8,6,3,9,2,4
285;296;296;100;8,2,6,7,4,1,9,0,3,5
286;291;291;100;0,4,1,6,8,7,2,9,3,5
287;296;296;100;8,0,7,4,9,1,6,2,3,5
288;295;295;100;7,0,2,4,1,6,9,3,8,5
289;291;291;100;6,0,4,7,5,9,8,2,1,3
290;293;293;100;3,6,1,4,7,9,8,2,0,5
291;291;291;100;1,0,7,4,8,5,9,3,6,2
292;298;298;100;0,3,4,6,9,1,5,8,2,7
293;298;298;100;3,2,5,4,9,6,0,1,8,7
294;426;426;100;2,6,7,4,3,9,0,1,5,8
295;436;436;100;5,0,9,4,7,8,3,1,6,2
296;434;434;100;2,9,7,4,3,8,6,1,0,5
297;428;428;100;8,7,2,4,9,1,6,3,5,0
298;435;435;100;3,0,8,4,7,9,5,6,1,2
299;430;430;100;3,1,8,4,2,6,0,9,5,7
300;432;432;100;0,8,1,4,2,6,9,5,3,7
301;434;434;100;0,2,5,4,8,7,3,1,9,6
302;439;439;100;8,0,6,4,5,1,9,2,7,3
303;440;440;100;8,9,6,5,0,1,3,4,7,2
304;427;427;100;5,1,8,0,2,6,3,9,4,7
305;436;436;100;9,8,1,4,2,7,6,5,3,0
306;432;432;100;5,8,7,4,1,2,6,3,0,9
307;438;438;100;9,0,1,5,8,7,3,2,4,6
308;426;426;100;6,9,5,7,8,3,4,1,2,0
309;441;441;100;4,8,6,7,1,2,9,5,0,3
310;435;435;100;8,3,4,6,1,7,5,0,2,9
311;434;434;100;7,1,4,5,3,0,8,6,2,9
312;433;433;100;0,8,4,7,5,9,3,6,2,1
313;422;422;100;6,2,5,4,0,3,8,1,9,7
314;435;435;100;5,2,1,6,4,9,8,0,3,7
315;438;438;100;0,6,7,4,5,8,9,2,3,1
316;436;436;100;2,9,8,1,3,5,6,4,0,7
317;440;440;100;8,0,6,5,9,4,3,2,7,1
318;435;435;100;6,0,5,4,1,9,2,3,8,7
319;440;440;100;5,8,7,4,1,9,6,0,3,2
320;440;440;100;5,6,4,3,1,9,8,2,0,7
321;432;432;100;7,8,1,3,0,5,2,9,4,6
322;438;438;100;8,0,6,4,9,1,5,2,7,3
323;444;444;100;1,0,7,4,8,2,9,5,6,3
324;443;443;100;8,9,7,1,0,2,3,6,5,4
325;444;444;100;3,6,7,4,0,2,9,8,5,1
326;448;448;100;2,9,0,4,5,3,6,1,7,8
327;439;439;100;2,5,7,4,1,9,6,3,0,8
328;438;438;100;9,8,4,5,3,0,6,7,1,2
329;436;436;100;2,4,6,5,3,8,0,9,7,1
330;434;434;100;2,9,0,8,5,3,6,1,7,4
331;441;441;100;9,6,7,5,3,8,1,2,4,0
332;440;440;100;1,8,6,5,0,3,9,2,7,4
333;436;436;100;0,9,4,6,3,8,5,7,2,1
334;434;434;100;9,8,7,5,6,2,1,3,0,4
335;438;438;100;6,3,4,5,1,8,9,0,2,7
336;437;437;100;0,1,4,5,6,8,3,7,2,9
337;434;434;100;2,9,3,5,0,8,7,1,6,4
338;436;436;100;1,5,4,7,8,6,9,3,2,0
339;438;438;100;2,8,7,4,9,5,6,3,0,1
340;441;441;100;7,3,4,5,8,1,9,0,2,6
341;438;438;100;7,2,4,8,5,9,1,0,3,6
342;437;437;100;0,8,4,6,1,9,3,5,2,7
343;439;439;100;0,8,5,7,9,4,3,6,2,1
344;432;432;100;9,0,1,5,3,8,4,2,6,7
345;438;438;100;2,3,4,7,9,1,0,5,6,8
346;437;437;100;2,0,6,5,9,8,3,4,7,1
347;443;443;100;2,9,6,4,3,5,0,8,7,1
348;436;436;100;2,6,7,8,5,3,0,1,9,4
349;435;435;100;3,9,7,2,6,1,0,8,5,4
350;439;439;100;3,1,4,5,2,6,0,9,8,7
351;437;437;100;0,6,4,5,1,7,2,8,3,9
352;435;435;100;2,8,6,1,4,9,7,3,0,5
353;433;433;100;7,3,9,5,6,1,8,0,2,4
354;433;433;100;0,8,5,7,9,4,3,6,2,1
355;443;443;100;2,5,8,4,9,7,0,6,1,3
356;438;438;100;7,3,1,5,8,0,2,9,4,6
357;436;436;100;7,4,8,5,0,6,2,9,1,3
358;435;435;100;9,8,3,7,2,0,1,5,4,6
359;438;438;100;3,9,8,4,6,1,5,0,2,7
360;435;435;100;8,9,0,4,3,5,6,1,7,2
361;433;433;100;3,9,8,4,6,0,5,7,2,1
362;436;436;100;0,6,1,5,4,9,2,8,3,7
363;433;433;100;8,6,0,3,9,4,5,2,7,1
364;437;437;100;2,7,5,4,9,8,6,3,0,1
365;437;437;100;4,2,5,7,0,3,8,1,9,6
366;441;441;100;1,0,6,4,5,3,9,2,7,8
367;438;438;100;2,9,7,3,5,1,0,8,6,4
368;439;439;100;2,8,5,4,1,7,6,3,0,9
369;328;328;100;4,8,0,1,7,2,9,3,6,5
370;338;338;100;9,0,3,4,7,8,1,2,6,5
371;345;345;100;2,5,0,1,9,3,6,8,7,4
372;343;343;100;2,5,6,3,9,1,0,4,7,8
373;350;350;100;8,9,6,3,0,2,5,1,7,4
374;314;314;100;5,0,6,9,7,4,1,3,8,2
375;294;294;100;2,1,7,4,5,0,6,9,3,8
376;325;325;100;4,8,7,5,3,9,0,1,6,2
377;322;322;100;2,9,0,4,8,3,7,1,6,5
378;295;295;100;3,0,5,7,4,9,8,1,2,6
379;288;288;100;4,0,7,1,6,2,5,3,9,8
380;357;357;100;2,0,6,5,9,1,3,8,7,4
381;337;337;100;9,3,1,5,2,0,6,8,4,7
382;294;294;100;6,0,4,7,3,8,2,9,1,5
383;293;293;100;8,0,3,4,1,2,7,5,6,9
384;294;294;100;6,9,2,4,0,7,1,8,5,3
385;293;293;100;4,1,7,5,3,2,0,9,6,8
386;267;267;100;1,9,4,8,3,0,5,7,2,6
387;296;296;100;8,6,4,2,9,1,7,5,3,0
388;295;295;100;7,0,4,1,9,3,2,5,8,6
389;295;295;100;2,8,1,4,3,9,0,7,6,5
390;275;275;100;2,5,8,4,1,9,7,3,0,6
391;288;288;100;3,9,5,6,7,8,0,1,2,4
392;292;292;100;2,1,7,5,9,8,6,3,0,4
393;293;293;100;8,9,7,4,3,5,0,1,6,2
394;294;294;100;2,5,7,6,9,1,8,3,0,4
395;298;298;100;0,2,8,4,9,6,3,7,1,5
396;292;292;100;2,5,7,4,9,8,6,0,3,1
397;295;295;100;3,9,7,6,0,2,8,1,5,4
398;297;297;100;1,9,2,5,8,7,6,0,4,3
399;292;292;100;1,0,7,4,6,9,2,3,5,8
400;294;294;100;2,9,3,6,8,5,0,1,7,4
401;295;295;100;3,2,5,7,9,4,0,6,8,1
402;296;296;100;3,5,7,6,0,2,8,1,9,4
403;297;297;100;9,2,1,4,8,5,6,0,3,7
404;293;293;100;9,6,0,5,8,3,1,2,7,4
405;292;292;100;9,2,8,7,3,5,4,6,1,0
406;292;292;100;7,0,1,3,5,6,4,2,8,9
407;289;289;100;2,1,3,4,7,9,0,5,6,8
408;292;292;100;3,9,7,4,6,5,8,1,0,2
409;293;293;100;0,7,4,8,5,9,3,1,2,6
410;295;295;100;1,8,7,4,0,2,6,3,9,5
411;295;295;100;7,1,5,6,3,8,2,9,4,0
412;292;292;100;2,8,5,4,1,9,6,3,0,7
413;291;291;100;1,8,2,5,3,0,6,4,9,7
414;287;287;100;4,3,6,5,0,2,9,8,7,1
415;295;295;100;8,7,3,4,0,2,9,1,6,5
416;295;295;100;2,8,1,4,7,9,6,5,0,3
417;298;298;100;2,6,5,3,4,9,0,1,7,8
418;431;431;100;2,6,0,4,8,3,7,9,1,5
419;433;433;100;4,9,5,2,3,0,6,1,7,8
420;437;437;100;7,1,3,6,5,8,2,9,4,0
421;430;430;100;9,0,8,4,7,5,3,6,1,2
422;432;432;100;5,9,4,7,2,0,6,8,3,1
423;437;437;100;1,0,5,4,8,3,9,2,6,7
424;435;435;100;5,3,4,7,2,6,8,9,1,0
425;436;436;100;1,6,7,3,5,4,9,2,0,8
426;439;439;100;3,9,2,4,5,7,0,6,8,1
427;437;437;100;9,4,5,7,2,6,1,8,3,0
428;436;436;100;7,8,1,6,5,9,2,3,4,0
429;438;438;100;7,0,9,4,6,1,2,3,8,5
430;432;432;100;1,0,7,4,6,5,9,3,8,2
431;440;440;100;3,7,6,4,9,1,8,2,0,5
432;436;436;100;4,5,1,7,2,0,9,3,8,6
433;445;445;100;3,9,5,7,6,1,8,4,0,2
434;320;320;100;7,0,1,3,5,9,2,4,8,6
435;435;435;100;5,9,7,4,0,2,8,1,6,3
436;434;434;100;2,5,7,4,3,9,0,1,6,8
437;432;432;100;3,7,0,5,9,4,8,2,6,1
438;438;438;100;8,1,3,7,0,2,6,9,4,5
439;382;382;100;0,9,4,7,8,5,3,6,2,1
440;439;439;100;3,0,4,6,1,9,5,7,8,2
441;331;331;100;7,6,4,1,3,9,2,5,8,0
442;440;440;100;7,2,4,5,3,0,8,6,1,9
443;437;437;100;0,6,5,4,9,1,3,2,7,8
444;433;433;100;1,3,2,4,8,6,7,5,9,0
445;438;438;100;6,9,2,4,7,1,8,0,5,3
446;385;385;100;0,9,4,3,8,7,5,1,2,6
447;439;439;100;3,1,8,6,4,7,5,2,0,9
448;439;439;100;1,6,3,4,8,7,9,0,2,5
449;436;436;100;3,4,5,9,1,6,8,0,2,7
450;438;438;100;8,6,3,4,1,9,5,2,7,0
451;434;434;100;1,7,3,4,0,5,9,8,6,2
452;436;436;100;5,6,0,7,8,2,3,1,9,4
453;443;443;100;9,6,4,7,2,0,1,5,3,8
454;441;441;100;2,7,5,1,9,8,6,3,0,4
455;439;439;100;8,2,1,5,4,7,6,0,3,9
456;437;437;100;3,6,0,7,9,4,5,2,8,1
457;435;435;100;1,8,4,5,3,0,9,7,2,6
458;399;399;100;3,8,4,7,1,0,5,6,2,9
459;442;442;100;8,0,5,1,9,4,3,2,7,6
460;433;433;100;3,0,8,4,1,7,5,2,9,6
461;435;435;100;0,8,4,7,5,6,3,1,2,9
462;439;439;100;9,3,5,4,2,6,1,8,7,0
463;435;435;100;2,9,7,4,5,1,0,8,6,3
464;441;441;100;9,8,6,4,7,5,1,3,0,2
465;441;441;100;4,1,6,3,8,5,9,2,0,7
466;437;437;100;3,0,7,4,6,1,5,2,9,8
467;441;441;100;2,7,6,5,3,8,0,1,9,4
468;439;439;100;2,7,9,4,5,1,0,8,6,3
469;441;441;100;2,6,3,5,7,8,0,9,1,4
470;437;437;100;3,8,7,4,6,2,5,9,0,1
471;440;440;100;5,8,0,4,7,1,3,9,6,2
472;439;439;100;3,2,5,4,7,8,0,6,9,1
473;435;435;100;0,1,3,7,6,8,2,9,4,5
474;439;439;100;8,9,7,5,2,0,3,4,6,1
475;443;443;100;7,5,4,3,1,9,8,0,2,6
476;438;438;100;5,9,6,4,0,8,3,1,7,2
477;440;440;100;8,0,6,3,9,4,5,1,7,2
478;445;445;100;0,5,2,8,1,6,3,9,4,7
479;438;438;100;1,0,7,6,5,8,2,3,9,4
480;436;436;100;3,1,5,6,4,9,8,0,2,7
481;431;431;100;6,2,1,4,5,3,9,0,8,7
482;434;434;100;3,1,7,5,6,9,8,2,0,4
483;430;430;100;3,0,7,9,6,8,2,4,5,1
484;433;433;100;5,3,4,1,8,7,9,0,2,6
485;434;434;100;3,0,7,4,6,1,9,2,5,8
486;431;431;100;2,5,3,7,4,9,0,6,1,8
487;438;438;100;7,9,5,4,3,6,8,1,2,0
488;438;438;100;2,3,1,5,4,0,7,8,6,9
489;438;438;100;2,3,1,7,4,5,0,8,6,9
490;438;438;100;2,3,6,7,9,1,0,5,8,4
491;440;440;100;2,7,3,4,9,8,0,1,6,5
492;440;440;100;1,7,6,4,8,5,9,3,0,2
493;438;438;100;8,3,4,1,6,9,5,0,2,7
494;437;437;100;3,8,6,4,1,9,5,7,0,2
495;440;440;100;1,2,5,4,3,0,9,6,7,8
496;440;440;100;3,0,7,4,6,1,9,2,5,8
497;440;440;100;0,6,7,1,9,4,2,3,5,8
498;441;441;100;1,0,3,4,5,8,9,2,7,6
499;440;440;100;4,0,9,2,6,8,7,3,5,1
