0;332;332;150;1,5,0,10,13,11,2,4,8,3,9,12,7,6,14
1;322;322;150;7,0,14,6,3,10,12,8,1,5,11,4,13,2,9
2;271;271;150;10,7,5,4,9,0,6,3,12,1,11,2,14,8,13
3;323;323;150;10,5,14,0,13,6,9,11,1,8,3,7,2,4,12
4;317;317;150;4,12,6,11,3,5,13,2,1,8,10,0,9,7,14
5;320;320;150;11,6,12,8,0,5,10,1,7,14,9,4,13,2,3
6;341;341;150;12,0,9,7,4,10,1,6,13,11,3,5,14,2,8
7;342;342;150;8,3,10,6,12,0,11,5,1,2,9,7,4,13,14
8;309;309;150;11,4,9,6,13,1,5,2,7,12,10,8,3,0,14
9;327;327;150;4,10,9,2,3,0,7,14,6,5,1,13,12,11,8
10;343;343;150;11,8,5,3,9,1,14,13,2,6,12,7,4,0,10
11;314;314;150;2,0,4,3,12,7,14,8,10,11,1,13,9,5,6
12;395;395;150;2,7,10,13,8,12,11,9,4,6,0,14,1,5,3
13;386;386;150;10,13,8,1,14,3,6,4,12,9,11,2,5,0,7
14;391;391;150;6,13,10,11,3,2,12,7,14,4,5,1,0,8,9
15;396;396;150;11,5,3,2,6,10,8,1,4,14,7,13,9,0,12
16;392;392;150;13,1,7,5,4,9,11,8,12,3,6,2,14,0,10
17;391;391;150;5,1,10,6,11,12,3,8,13,7,0,2,14,4,9
18;394;394;150;5,1,9,10,6,12,3,4,0,14,2,8,7,11,13
19;391;391;150;13,10,7,5,8,1,12,6,2,0,11,3,4,9,14
20;393;393;150;9,10,6,7,1,13,12,3,0,5,8,11,2,14,4
21;398;398;150;0,13,6,10,5,11,3,9,8,2,12,14,4,1,7
22;398;398;150;11,12,13,3,7,1,9,0,10,8,14,5,2,6,4
23;383;383;150;2,13,7,6,8,3,11,14,0,10,9,5,1,4,12
24;395;395;150;3,5,9,2,6,7,14,8,4,10,0,1,11,13,12
25;397;397;150;0,4,7,14,6,12,5,8,1,3,13,9,2,10,11
26;397;397;150;12,2,14,3,1,8,9,7,5,6,13,0,4,10,11
27;397;397;150;11,10,2,14,9,12,6,0,3,4,7,8,5,13,1
28;392;392;150;5,3,1,7,6,8,11,9,4,2,12,14,13,10,0
29;396;396;150;9,7,5,14,12,6,13,3,8,4,10,0,11,2,1
30;392;392;150;5,6,13,3,1,2,11,0,7,9,12,14,10,8,4
31;392;392;150;14,7,4,8,13,12,1,6,3,0,9,2,10,5,11
32;396;396;150;5,3,1,7,0,13,2,8,11,4,12,10,14,6,9
33;393;393;150;10,5,9,12,6,7,4,13,14,8,0,1,2,3,11
34;393;393;150;8,0,11,10,6,5,9,7,2,1,3,14,13,12,4
35;392;392;150;9,6,7,3,1,14,8,11,10,12,13,5,4,0,2
36;401;401;150;10,5,1,11,6,0,7,13,12,2,9,4,14,3,8
37;396;396;150;4,12,6,13,0,10,7,11,1,2,9,14,8,3,5
38;400;400;150;12,6,14,4,5,3,11,0,1,9,10,13,8,2,7
39;397;397;150;4,8,12,0,9,11,10,5,13,6,1,2,14,7,3
40;397;397;150;12,5,2,9,11,3,4,13,14,0,7,1,10,6,8
41;395;395;150;3,11,5,10,14,8,6,4,2,13,0,12,7,9,1
42;396;396;150;11,4,8,13,6,0,5,12,14,3,2,1,10,9,7
43;387;387;150;5,10,7,0,6,2,14,3,9,8,13,12,1,4,11
44;377;377;150;3,5,7,1,9,13,12,2,0,14,8,6,10,4,11
45;345;345;150;0,9,6,4,2,8,13,7,12,3,1,14,10,11,5
46;382;382;150;5,8,0,3,9,1,12,13,7,6,11,14,4,10,2
47;359;359;150;2,13,11,6,0,1,7,5,4,9,12,14,8,3,10
48;391;391;150;13,8,14,11,1,7,6,10,2,12,0,4,5,9,3
49;304;304;150;1,10,5,4,3,6,0,12,8,13,7,11,2,9,14
50;399;399;150;13,12,4,14,5,3,6,10,0,1,7,11,2,9,8
51;320;320;167;12,13,11,10,14,1,9,8,4,6,7,3,2,0,5
52;400;400;150;4,8,14,5,1,9,0,7,2,6,13,12,3,10,11
53;395;395;150;1,9,2,4,8,10,5,0,6,13,12,7,11,14,3
54;400;400;150;5,0,1,11,3,12,8,14,7,2,13,4,10,9,6
55;401;401;150;5,10,7,13,9,11,3,14,6,12,1,4,8,2,0
56;402;402;150;1,4,10,3,8,11,2,14,7,5,13,0,9,12,6
57;402;402;150;1,14,5,0,9,12,10,7,2,6,4,3,8,13,11
58;401;401;150;14,8,11,2,7,1,12,5,3,13,6,4,0,10,9
59;398;398;150;8,2,1,10,7,6,12,5,11,9,0,13,14,3,4
60;398;398;150;9,5,1,6,7,0,2,12,11,4,14,13,10,3,8
61;400;400;150;8,0,13,14,10,5,4,6,9,1,7,3,2,12,11
62;395;395;150;13,7,0,1,11,8,12,10,4,14,5,2,9,3,6
63;396;396;150;2,0,8,5,7,3,11,12,4,6,1,10,13,14,9
64;397;397;150;3,2,12,5,0,10,4,1,13,11,6,9,14,8,7
65;396;396;150;13,2,5,7,4,0,6,3,14,1,8,12,9,10,11
66;399;399;150;6,8,4,11,2,1,0,13,5,7,14,3,12,10,9
67;397;397;150;0,6,11,14,12,5,9,13,2,10,3,7,1,4,8
68;398;398;150;7,5,10,1,3,9,11,8,12,0,13,2,4,6,14
69;399;399;150;0,2,10,9,6,1,14,8,3,12,5,7,13,11,4
70;401;401;150;4,11,13,9,7,10,3,12,0,2,6,14,8,1,5
71;400;400;150;14,10,13,7,6,3,1,5,4,12,11,2,9,8,0
72;401;401;150;14,1,10,5,9,6,8,3,12,11,7,13,4,2,0
73;402;402;150;6,8,14,11,2,13,0,4,5,3,10,9,1,7,12
74;400;400;150;1,3,8,6,13,5,10,9,2,0,4,14,11,7,12
75;399;399;150;13,1,7,4,5,6,12,8,10,3,11,9,14,0,2
76;397;397;150;14,0,13,11,10,7,3,5,9,1,12,4,8,2,6
77;400;400;150;10,12,14,5,8,1,3,13,11,7,6,0,2,4,9
78;399;399;150;7,12,8,5,14,11,1,3,2,9,0,6,13,4,10
79;401;401;150;5,3,4,7,13,12,2,11,8,1,14,6,9,10,0
80;354;354;150;9,3,4,10,5,2,12,0,1,8,11,13,7,14,6
81;399;399;150;7,8,13,11,3,9,5,12,0,14,2,10,6,4,1
82;402;402;150;4,0,9,3,12,7,6,5,11,10,1,14,8,2,13
83;400;400;150;9,1,0,7,5,11,12,2,6,14,8,4,10,13,3
84;399;399;150;1,7,0,13,9,14,10,11,5,3,4,2,12,8,6
85;394;394;150;10,14,12,11,6,0,5,3,13,2,8,7,1,9,4
86;401;401;150;1,5,4,2,6,3,11,9,7,12,13,8,14,0,10
87;398;398;150;3,13,10,14,9,6,12,5,7,8,0,1,4,11,2
88;391;391;150;3,10,2,6,8,4,1,13,14,0,5,12,7,11,9
89;400;400;150;13,1,14,0,8,2,9,6,3,7,5,4,10,12,11
90;401;401;150;6,14,11,2,12,3,10,8,0,5,1,4,13,7,9
91;362;362;150;5,6,1,2,3,7,14,8,9,13,0,4,10,12,11
92;399;399;150;13,2,7,6,1,4,9,0,10,3,14,5,8,11,12
93;400;400;150;9,1,0,10,4,6,12,5,3,2,7,11,8,13,14
94;399;399;150;11,7,9,0,3,5,14,6,4,1,10,2,12,8,13
95;395;395;150;11,8,12,3,2,1,0,9,7,4,14,10,13,5,6
96;398;398;150;7,11,5,13,14,3,6,0,2,8,12,1,10,9,4
97;400;400;150;1,3,7,2,10,6,11,14,9,12,8,0,4,5,13
98;401;401;150;8,6,3,12,10,14,13,7,2,11,1,5,4,0,9
99;405;405;150;5,9,1,10,6,12,0,4,3,7,11,2,14,13,8
100;414;414;150;12,2,13,11,1,8,5,9,7,6,10,4,14,0,3
101;391;391;150;13,3,2,4,7,0,11,12,1,9,6,10,5,14,8
102;345;345;150;0,13,5,2,14,7,3,8,11,6,10,1,12,4,9
103;349;349;150;5,13,4,0,11,10,9,2,8,12,6,1,7,3,14
104;345;345;150;11,6,10,3,5,0,9,8,7,12,13,2,4,1,14
105;344;344;150;12,6,3,0,14,8,7,1,9,10,13,5,2,4,11
106;346;346;150;4,12,9,8,0,7,1,5,6,3,11,14,2,13,10
107;416;416;150;7,4,11,14,8,13,10,0,3,12,6,9,2,1,5
108;335;335;150;14,3,1,2,10,0,8,4,11,9,7,13,5,6,12
109;387;387;150;4,12,13,2,6,5,0,1,9,3,11,10,8,7,14
110;427;427;150;8,5,1,10,0,7,13,12,11,4,9,3,14,6,2
111;426;426;150;8,13,0,9,7,6,12,5,10,2,4,1,11,3,14
112;425;425;150;8,13,3,11,7,12,5,6,2,10,9,14,1,4,0
113;423;423;150;3,8,0,13,10,4,12,6,11,14,5,2,9,7,1
114;430;430;150;12,0,13,2,3,14,8,10,11,7,6,5,9,1,4
115;360;360;150;9,10,5,14,1,0,8,3,4,12,11,6,2,13,7
116;425;425;150;7,8,1,6,11,12,0,5,3,14,9,4,10,2,13
117;425;425;150;1,12,9,13,4,0,6,3,5,11,7,8,14,10,2
118;427;427;150;0,13,12,9,5,1,6,4,8,10,11,14,3,7,2
119;358;358;150;9,3,12,11,5,8,0,2,4,6,7,10,1,13,14
120;343;343;150;12,11,5,6,7,8,0,1,4,3,10,14,9,2,13
121;345;345;150;8,7,2,3,1,13,0,14,9,4,6,12,5,11,10
122;374;374;150;9,3,2,4,13,7,1,14,10,8,5,0,11,12,6
123;328;328;150;9,1,10,5,12,14,6,0,4,11,3,13,7,2,8
124;324;324;150;2,1,7,10,5,9,0,8,4,12,13,3,6,14,11
125;419;419;150;6,0,7,13,10,2,12,5,1,9,14,3,4,11,8
126;418;418;150;4,9,7,6,1,14,13,3,8,2,0,5,11,10,12
127;420;420;150;3,6,7,8,0,12,9,4,11,14,13,5,10,2,1
128;355;355;150;11,0,8,4,2,3,1,5,7,10,6,12,14,13,9
129;420;420;150;14,5,13,4,3,0,1,2,11,8,12,6,10,9,7
130;423;423;150;6,10,5,14,8,13,11,1,4,7,0,12,2,9,3
131;425;425;150;10,3,7,6,13,5,14,1,12,11,8,2,4,0,9
132;425;425;150;8,4,7,0,1,5,14,3,10,11,13,12,2,6,9
133;423;423;150;4,13,14,10,1,3,9,0,11,6,12,8,2,5,7
134;425;425;150;3,12,1,10,7,2,9,0,5,13,11,4,6,14,8
135;420;420;150;5,3,11,12,6,0,8,14,7,4,13,9,1,2,10
136;423;423;150;2,3,14,6,10,9,11,12,7,0,1,5,8,4,13
137;286;286;150;9,8,3,6,1,11,0,10,12,7,5,2,13,4,14
138;333;333;150;14,6,7,0,8,12,10,1,9,11,3,2,4,5,13
139;400;400;150;8,11,1,6,7,12,3,4,2,0,5,13,14,9,10
140;275;275;150;10,2,8,9,0,6,11,5,12,7,3,1,14,4,13
141;428;428;150;12,1,10,3,9,8,0,5,4,11,7,13,14,6,2
142;426;426;150;10,4,13,3,11,6,5,14,0,2,7,9,12,1,8
143;426;426;150;13,0,9,11,5,2,6,7,3,1,10,4,8,14,12
144;422;422;150;0,4,10,14,5,6,13,11,7,3,1,12,2,9,8
145;423;423;150;3,8,5,6,10,7,11,12,9,13,0,4,14,1,2
146;427;427;150;8,9,5,0,1,6,13,12,2,7,10,3,4,14,11
147;422;422;150;11,12,2,14,5,4,13,0,9,1,7,3,8,10,6
148;425;425;150;2,6,12,13,7,5,11,4,8,1,0,10,9,14,3
149;407;407;150;2,0,5,7,10,6,13,3,8,11,12,14,4,1,9
150;286;286;150;3,10,4,9,5,11,1,12,0,6,14,13,7,8,2
151;286;286;150;0,5,11,4,7,12,8,10,3,14,1,9,13,2,6
152;301;301;150;5,13,0,1,7,14,4,3,6,12,11,2,9,8,10
153;285;285;150;10,3,13,11,9,14,1,4,12,6,8,7,2,0,5
154;285;285;150;7,14,4,10,9,11,1,8,6,5,3,12,13,2,0
155;283;283;150;6,12,13,5,4,7,0,3,10,2,14,1,11,9,8
156;284;284;150;5,2,4,7,6,10,8,12,13,1,0,11,3,14,9
157;288;288;150;14,11,12,9,3,10,5,8,6,0,4,1,2,7,13
158;286;286;150;2,11,5,14,10,7,0,3,12,6,1,13,4,9,8
159;286;286;150;5,3,4,8,1,9,13,2,6,12,7,0,14,10,11
160;286;286;150;6,7,10,4,3,13,0,14,5,1,12,11,2,8,9
161;285;285;150;12,2,9,11,6,0,5,10,1,13,14,7,4,8,3
162;288;288;150;9,4,12,3,10,11,2,0,1,8,5,6,13,14,7
163;288;288;150;12,5,0,4,10,2,11,1,9,14,6,13,7,8,3
164;308;308;150;2,10,12,11,0,5,7,6,4,1,8,14,13,3,9
165;286;286;150;3,8,0,14,7,9,12,6,11,5,13,1,10,2,4
166;286;286;150;6,10,4,5,2,7,1,8,3,12,0,9,13,11,14
167;309;309;150;5,2,4,7,1,8,6,0,3,13,12,11,14,10,9
168;286;286;150;1,8,0,13,6,7,3,14,12,5,4,11,2,10,9
169;309;309;150;9,14,10,7,11,12,2,4,1,8,5,13,6,0,3
170;285;285;150;9,6,1,11,3,14,0,7,2,8,12,5,10,13,4
171;290;290;150;5,7,1,4,3,9,12,2,6,0,13,11,10,8,14
172;286;286;150;2,10,1,7,11,3,8,13,0,4,6,5,14,12,9
173;285;285;150;8,4,3,9,1,5,12,0,10,7,2,14,13,11,6
174;288;288;150;3,1,2,11,6,10,14,9,5,0,7,13,12,4,8
175;286;286;150;6,5,4,7,13,12,1,0,2,8,14,9,3,10,11
176;286;286;150;0,12,6,2,7,11,5,4,10,3,13,1,8,9,14
177;285;285;150;13,7,1,4,6,0,12,2,14,5,10,8,3,11,9
178;283;283;150;9,5,4,11,0,10,3,12,8,1,7,13,14,6,2
179;287;287;150;0,13,9,12,4,5,8,3,6,1,10,14,2,11,7
180;286;286;150;6,3,10,4,5,7,13,8,2,11,12,0,14,1,9
181;282;282;150;8,6,12,2,5,9,0,11,10,7,1,4,13,3,14
182;287;287;150;4,2,0,11,6,8,3,10,9,5,14,12,1,7,13
183;285;285;150;4,2,5,14,10,7,11,13,1,9,3,0,8,12,6
184;288;288;150;8,6,7,13,1,3,12,4,2,0,9,5,10,11,14
185;287;287;150;4,11,6,9,7,8,12,5,0,3,1,13,14,10,2
186;287;287;150;14,11,6,7,12,10,5,2,3,0,4,9,13,1,8
187;288;288;150;5,10,12,8,6,14,1,0,13,7,9,4,3,2,11
188;282;282;150;2,14,3,8,0,12,5,4,6,7,1,9,10,11,13
189;282;282;150;14,3,5,8,0,13,9,1,12,11,7,2,10,6,4
190;304;304;150;6,14,3,8,7,10,0,12,4,5,1,9,2,11,13
191;286;286;150;8,11,9,1,7,0,12,5,6,14,4,13,3,2,10
192;283;283;150;6,9,0,12,2,7,10,8,5,3,1,4,13,11,14
193;286;286;150;3,8,12,14,9,6,1,11,0,5,13,7,4,2,10
194;276;276;150;4,9,13,10,14,5,3,7,8,1,12,11,6,2,0
195;287;287;150;12,1,11,2,4,9,0,10,3,7,6,5,14,8,13
196;285;285;150;3,1,7,6,4,9,11,8,2,14,12,5,10,13,0
197;288;288;150;12,10,7,9,0,11,5,4,6,14,13,1,3,2,8
198;285;285;150;12,7,1,3,4,6,13,8,10,9,0,14,2,11,5
199;283;283;150;5,11,10,13,4,7,0,14,1,12,6,3,2,8,9
200;284;284;150;13,0,9,6,5,12,8,1,11,7,3,10,4,2,14
201;288;288;150;13,11,7,1,5,6,12,10,3,0,4,2,14,9,8
202;286;286;150;0,10,14,6,2,12,8,7,9,1,3,5,4,11,13
203;209;209;150;1,10,7,14,11,13,2,3,9,8,12,0,4,6,5
204;285;285;150;1,5,7,2,10,8,12,0,13,9,6,3,4,11,14
205;286;286;150;9,6,0,4,14,5,3,2,11,7,1,13,12,10,8
206;289;289;150;8,5,14,1,6,3,4,0,2,10,9,11,13,12,7
207;285;285;150;6,7,2,10,3,13,5,1,4,0,9,8,12,11,14
208;282;282;150;8,11,3,14,9,5,0,6,13,1,12,10,2,7,4
209;283;283;150;8,6,10,3,0,4,14,13,7,11,1,2,9,5,12
210;288;288;150;5,11,6,12,8,9,4,3,13,2,7,10,1,14,0
211;286;286;150;7,8,0,5,10,6,2,4,12,11,13,3,1,9,14
212;251;251;150;1,14,13,8,0,7,2,9,11,5,4,10,12,3,6
213;285;285;150;4,2,9,10,6,8,5,3,13,12,11,14,1,0,7
214;285;285;150;0,8,2,12,5,1,6,13,14,7,10,3,9,4,11
215;289;289;150;3,14,8,2,7,1,12,11,5,13,0,10,4,9,6
216;285;285;150;4,11,13,9,14,8,1,7,12,0,6,5,2,10,3
217;293;293;150;9,3,4,12,1,0,11,7,8,2,14,13,10,5,6
218;286;286;150;14,4,1,7,12,0,5,13,3,11,9,8,10,2,6
219;283;283;150;3,14,2,9,13,1,6,8,10,0,12,7,5,11,4
220;287;287;150;5,14,2,8,0,6,3,10,13,1,11,9,7,12,4
221;287;287;150;7,3,0,8,5,1,6,2,14,13,11,10,4,9,12
222;282;282;150;6,13,5,2,10,11,9,0,4,12,8,1,14,3,7
223;284;284;150;13,5,14,11,12,4,10,8,7,3,1,9,2,6,0
224;292;292;150;11,2,5,4,6,1,3,13,8,9,10,0,14,7,12
225;288;288;150;9,13,5,10,1,6,4,11,14,12,8,2,7,0,3
226;285;285;150;8,12,1,13,7,11,5,3,0,9,2,6,10,14,4
227;285;285;150;9,6,3,12,5,13,7,10,11,14,1,0,4,8,2
228;287;287;150;1,3,14,2,10,8,12,11,4,9,13,0,7,5,6
229;283;283;150;13,3,4,2,6,10,12,1,7,8,5,0,9,14,11
230;280;280;150;14,13,6,12,2,10,9,3,0,11,7,5,8,1,4
231;285;285;150;9,4,5,2,12,13,0,6,10,11,8,1,14,7,3
232;286;286;150;1,2,5,14,12,10,7,3,8,11,6,0,9,4,13
233;285;285;150;6,0,13,11,12,8,7,4,14,5,10,2,9,1,3
234;288;288;150;0,13,2,12,5,8,7,11,10,6,14,4,3,1,9
235;288;288;150;5,14,10,2,9,3,8,0,13,1,6,7,4,11,12
236;286;286;150;11,13,9,1,7,0,3,5,6,14,4,8,12,2,10
237;282;282;150;1,0,5,13,8,7,11,3,12,9,2,4,10,14,6
238;285;285;150;3,0,9,8,2,11,12,4,6,10,13,1,5,7,14
239;296;296;150;1,5,14,9,6,8,12,3,13,0,4,10,2,7,11
240;286;286;150;13,5,2,11,6,9,0,4,14,8,3,1,10,12,7
241;285;285;150;13,10,6,11,2,0,14,12,7,5,1,4,9,8,3
242;283;283;150;7,8,14,4,12,9,0,2,13,11,6,10,5,1,3
243;277;277;150;3,5,0,13,6,1,12,8,7,14,11,10,4,9,2
244;303;303;150;3,5,0,10,6,11,14,7,12,2,8,13,4,1,9
245;287;287;150;10,11,0,5,14,12,6,4,8,7,13,2,9,1,3
246;287;287;150;3,0,1,4,14,11,12,10,8,13,5,6,7,2,9
247;286;286;150;13,3,11,1,0,14,5,6,12,4,8,2,9,10,7
248;286;286;150;11,14,8,3,4,10,1,13,0,2,5,7,6,12,9
249;284;284;150;13,11,2,14,4,7,1,9,5,6,8,10,12,3,0
250;287;287;150;12,13,6,2,5,7,3,8,10,14,4,0,11,1,9
251;289;289;150;13,1,3,14,5,7,0,8,2,12,6,4,11,9,10
252;245;245;150;13,7,1,6,11,10,12,8,0,2,5,9,3,14,4
253;286;286;150;1,0,7,6,3,9,5,8,13,14,4,2,12,10,11
254;287;287;150;5,8,11,6,7,2,14,10,12,4,3,9,0,13,1
255;284;284;150;6,1,2,5,12,7,10,9,4,14,3,0,11,8,13
256;288;288;150;8,11,1,3,0,4,12,13,6,5,10,14,2,7,9
257;295;295;150;12,10,14,0,11,2,1,13,9,7,5,3,8,4,6
258;284;284;150;1,8,6,10,3,14,5,12,0,13,9,11,2,7,4
259;285;285;150;0,5,12,8,6,7,10,2,3,9,1,13,14,11,4
260;285;285;150;3,2,5,0,13,1,11,9,4,7,10,6,8,14,12
261;296;296;150;13,6,11,1,3,14,7,9,5,0,2,8,10,12,4
262;285;285;150;2,1,5,7,4,0,6,3,14,12,9,11,10,8,13
263;285;285;150;6,2,11,7,3,10,12,9,4,14,5,1,0,8,13
264;286;286;150;5,11,12,6,13,9,1,0,3,4,7,14,8,10,2
265;285;285;150;0,4,5,13,3,8,10,1,2,6,14,12,11,9,7
266;283;283;150;0,8,13,11,7,9,5,4,6,3,2,1,14,10,12
267;285;285;150;1,14,2,5,9,8,10,0,12,6,13,3,4,7,11
268;287;287;150;9,5,14,1,6,0,12,2,7,11,10,8,4,13,3
269;284;284;150;5,1,3,6,9,4,14,13,7,12,2,0,8,11,10
270;284;284;150;11,5,8,13,9,3,4,7,14,10,0,1,12,6,2
271;285;285;150;10,1,5,9,0,12,3,7,13,11,8,2,14,4,6
272;286;286;150;9,6,14,4,11,5,12,0,10,7,1,2,8,13,3
273;288;288;150;5,11,9,3,2,14,8,12,6,7,13,10,0,4,1
274;288;288;150;13,11,6,8,5,4,7,12,14,0,1,9,2,10,3
275;286;286;150;14,11,1,0,10,6,13,4,12,9,3,8,5,2,7
276;284;284;150;2,1,7,4,9,12,11,3,13,14,6,8,10,0,5
277;283;283;150;14,8,5,4,11,0,7,1,2,6,12,9,10,13,3
278;283;283;150;6,4,3,9,8,0,5,10,11,7,14,12,2,1,13
279;284;284;150;12,14,5,9,7,0,8,1,4,3,10,11,2,13,6
280;286;286;150;2,7,14,10,5,0,6,11,4,1,9,8,12,3,13
281;281;281;150;0,8,12,13,5,10,6,3,4,1,14,7,2,11,9
282;283;283;150;6,9,2,7,5,11,13,10,14,3,4,8,12,1,0
283;285;285;150;0,3,2,8,5,10,6,1,14,7,4,13,9,11,12
284;283;283;150;6,3,9,13,0,12,7,1,4,8,5,14,2,11,10
285;284;284;150;4,12,8,2,0,1,10,13,11,9,6,5,14,7,3
286;288;288;150;8,1,11,6,9,3,5,10,0,7,4,14,2,13,12
287;283;283;150;7,5,4,14,0,3,8,13,12,2,11,6,10,9,1
288;278;278;150;13,5,1,12,0,6,8,9,10,2,11,3,14,7,4
289;283;283;150;6,4,14,11,3,13,12,0,5,7,10,8,9,1,2
290;285;285;150;12,6,13,11,14,10,3,9,7,0,1,5,8,4,2
291;283;283;150;6,5,2,14,1,12,0,7,9,11,13,3,4,10,8
292;286;286;150;4,12,11,13,7,5,2,6,3,0,8,14,1,9,10
293;287;287;150;11,5,10,14,9,6,8,12,4,1,3,7,13,0,2
294;285;285;150;13,14,1,2,7,11,3,4,12,5,6,0,10,8,9
295;295;295;150;12,11,8,5,9,3,1,7,0,10,6,13,4,14,2
296;285;285;150;6,3,12,9,14,0,10,5,2,4,8,7,1,13,11
297;285;285;150;5,1,3,12,13,8,10,7,11,6,0,4,14,9,2
298;287;287;150;4,6,14,8,5,7,12,3,0,13,1,10,2,9,11
299;285;285;150;2,7,9,3,11,12,13,14,6,1,10,8,4,0,5
300;308;308;150;0,7,6,13,11,5,10,12,4,2,3,14,1,9,8
301;314;314;150;6,9,13,2,5,4,0,1,8,3,12,7,14,10,11
302;291;291;150;2,1,12,8,13,5,14,3,0,7,11,4,10,9,6
303;286;286;150;13,5,12,2,7,6,8,4,11,14,1,10,3,0,9
304;287;287;150;1,8,5,4,7,9,11,12,14,6,0,13,2,10,3
305;293;293;150;8,7,13,0,11,14,4,3,6,2,9,1,10,12,5
306;285;285;150;5,1,8,12,3,0,9,14,11,7,6,10,13,4,2
307;286;286;150;2,3,4,1,6,10,5,8,9,12,13,0,7,14,11
308;287;287;150;7,5,1,9,11,6,12,10,8,4,14,13,2,0,3
309;307;307;150;13,0,8,12,5,3,7,4,1,11,6,2,14,9,10
310;286;286;150;1,14,3,9,13,10,7,11,8,5,4,6,12,0,2
311;288;288;150;5,11,3,2,1,9,0,8,6,12,13,10,4,14,7
312;286;286;150;5,7,6,9,2,3,0,10,1,4,12,14,13,8,11
313;286;286;150;2,10,3,5,8,12,1,14,9,11,6,13,4,0,7
314;261;261;150;12,1,3,7,6,5,14,10,0,4,11,8,13,2,9
315;286;286;150;13,11,6,3,1,8,12,0,14,9,5,10,7,2,4
316;286;286;150;10,5,14,1,6,7,4,12,11,2,8,9,3,0,13
317;301;301;150;2,8,5,1,0,9,6,3,12,10,4,13,14,7,11
318;287;287;150;4,6,0,13,2,7,10,3,14,9,1,5,8,11,12
319;285;285;150;2,10,0,8,6,12,5,7,1,4,11,3,9,14,13
320;286;286;150;9,7,14,1,12,3,6,13,8,0,4,11,2,5,10
321;301;301;150;3,4,11,0,6,12,10,8,9,7,13,2,5,1,14
322;286;286;150;6,2,11,12,5,7,9,8,10,14,13,1,3,0,4
323;291;291;150;3,0,8,14,13,11,1,9,4,6,7,10,2,12,5
324;288;288;150;10,6,3,8,2,4,5,13,12,0,9,7,1,14,11
325;283;283;150;11,2,3,1,14,6,12,5,4,10,7,13,9,8,0
326;287;287;150;10,0,11,1,3,14,6,13,4,2,9,5,8,7,12
327;290;290;150;12,1,9,6,0,5,11,2,10,3,7,4,14,13,8
328;287;287;150;4,11,13,9,5,12,6,14,2,1,3,8,0,10,7
329;291;291;150;9,5,3,11,1,6,0,14,10,8,7,2,4,12,13
330;286;286;150;12,4,3,10,1,0,13,2,11,7,6,14,5,8,9
331;298;298;150;3,1,5,2,11,8,6,9,10,7,0,13,14,4,12
332;289;289;150;5,2,11,13,3,0,12,4,6,14,9,1,7,10,8
333;285;285;150;10,14,5,2,9,1,13,12,0,6,11,7,4,8,3
334;286;286;150;7,14,5,10,11,1,9,0,8,13,12,3,4,6,2
335;284;284;150;11,1,0,12,8,4,7,13,14,10,6,5,9,2,3
336;286;286;150;12,11,5,1,10,8,0,4,3,6,9,2,14,13,7
337;294;294;150;0,6,10,12,14,5,11,9,1,13,3,7,2,4,8
338;283;283;150;9,3,7,10,5,0,8,2,12,1,6,14,4,13,11
339;285;285;150;8,10,14,1,5,12,6,4,0,3,2,13,9,11,7
340;284;284;150;12,4,14,8,0,9,10,11,5,6,7,13,2,1,3
341;287;287;150;13,14,8,1,6,7,4,12,0,3,11,10,5,9,2
342;287;287;150;13,3,11,12,0,4,6,14,1,8,7,5,2,10,9
343;284;284;150;4,6,14,1,5,10,7,2,8,11,0,13,3,9,12
344;286;286;150;3,1,12,11,0,4,10,9,2,5,14,13,6,8,7
345;305;305;150;2,6,12,11,8,5,9,7,0,4,10,14,1,13,3
346;285;285;150;8,5,10,3,7,13,2,1,9,11,12,0,14,6,4
347;300;300;150;4,11,9,13,6,8,5,10,2,1,3,12,0,14,7
348;285;285;150;8,5,10,4,7,3,2,11,1,12,14,6,13,0,9
349;290;290;150;13,11,0,3,5,10,12,9,4,6,1,7,2,8,14
350;289;289;150;6,4,7,13,2,1,10,11,12,3,5,8,0,14,9
351;288;288;150;5,6,8,0,3,14,10,4,12,9,13,2,1,7,11
352;287;287;150;2,1,3,11,8,12,5,0,6,10,14,7,9,4,13
353;283;283;150;1,9,3,2,5,7,0,12,4,8,6,13,11,10,14
354;288;288;150;8,3,1,2,9,14,4,12,11,10,5,0,7,13,6
355;285;285;150;8,7,5,4,11,2,9,6,0,1,12,14,10,3,13
356;283;283;150;9,8,7,10,1,5,14,6,11,12,13,3,4,2,0
357;286;286;150;4,1,5,14,12,7,6,3,8,0,9,13,11,10,2
358;285;285;150;4,0,6,14,2,10,1,12,9,13,7,3,8,11,5
359;284;284;150;9,4,10,5,1,13,0,6,12,11,3,2,14,7,8
360;289;289;150;10,1,11,3,6,12,5,7,8,9,0,2,14,13,4
361;284;284;150;13,11,14,2,12,9,0,6,8,1,5,3,4,10,7
362;287;287;150;3,10,7,6,14,2,12,4,13,11,5,9,0,8,1
363;283;283;150;3,13,7,4,5,11,6,9,8,1,0,12,2,10,14
364;284;284;150;3,5,1,2,6,13,4,0,12,9,11,10,14,7,8
365;288;288;150;5,1,8,13,2,14,0,3,7,11,6,4,12,9,10
366;285;285;150;7,5,8,4,13,3,11,6,12,14,9,1,2,0,10
367;283;283;150;11,4,5,8,10,13,6,0,3,7,12,9,14,2,1
368;289;289;150;4,6,14,1,0,8,12,7,13,3,9,5,10,2,11
369;288;288;150;2,10,14,13,0,9,3,4,1,7,6,12,8,11,5
370;286;286;150;6,10,13,5,3,8,2,7,12,4,0,11,14,9,1
371;284;284;150;2,1,10,6,5,3,11,14,0,12,8,4,7,13,9
372;285;285;150;11,6,4,0,5,1,3,9,10,8,7,14,13,2,12
373;287;287;150;7,0,4,5,11,14,8,6,3,12,9,1,10,13,2
374;287;287;150;7,12,13,8,14,4,5,6,2,0,9,10,11,1,3
375;426;426;150;14,12,5,0,7,10,9,2,11,1,3,13,8,4,6
376;426;426;150;14,1,0,10,13,9,11,8,6,3,12,4,7,2,5
377;423;423;150;8,5,9,1,3,6,0,10,11,14,2,13,7,12,4
378;424;424;150;3,10,2,1,12,6,7,4,13,5,14,9,0,8,11
379;429;429;150;1,5,7,4,13,3,9,14,11,8,6,2,10,0,12
380;425;425;150;8,2,3,13,6,10,11,0,9,7,1,5,4,14,12
381;426;426;150;13,11,9,12,5,10,6,14,3,8,0,4,2,7,1
382;428;428;150;5,11,14,0,9,10,7,12,13,1,6,3,2,4,8
383;431;431;150;3,11,1,7,10,2,8,5,6,9,0,13,14,12,4
384;404;404;150;3,9,4,13,10,5,14,6,12,0,8,1,7,11,2
385;418;418;150;14,12,8,10,7,0,1,4,6,2,11,9,13,5,3
386;416;416;150;7,13,2,10,11,5,9,6,3,0,12,4,14,1,8
387;418;418;150;12,0,4,6,1,5,13,9,7,8,10,3,2,14,11
388;417;417;150;2,9,12,8,1,10,4,11,13,0,6,5,14,7,3
389;419;419;150;1,9,0,7,14,11,3,12,8,13,2,10,4,6,5
390;426;426;150;12,1,5,7,4,9,6,0,2,11,14,3,10,8,13
391;416;416;150;12,5,1,10,13,8,6,9,11,4,3,0,14,7,2
392;418;418;150;8,10,7,2,12,0,11,14,13,1,6,5,4,9,3
393;417;417;150;14,3,13,11,0,1,2,5,6,4,7,8,9,10,12
394;422;422;150;0,11,3,10,14,9,6,8,1,5,2,7,13,4,12
395;418;418;150;3,7,6,5,8,14,1,9,10,0,13,4,2,11,12
396;418;418;150;5,9,3,13,1,11,12,7,6,2,4,14,8,10,0
397;419;419;150;3,5,9,0,6,12,1,10,8,4,13,2,7,11,14
398;418;418;150;4,11,13,12,8,10,5,6,2,0,9,14,1,7,3
399;420;420;150;12,6,3,7,10,2,1,9,8,13,11,14,4,0,5
400;427;427;150;12,14,9,3,6,8,5,7,0,10,13,11,2,4,1
401;419;419;150;0,6,7,10,5,4,13,11,2,8,9,3,1,14,12
402;401;401;150;0,10,8,5,11,13,4,1,2,7,12,9,14,3,6
403;421;421;150;10,11,8,12,9,14,1,6,3,13,7,4,5,0,2
404;421;421;150;0,1,11,10,12,7,5,8,13,14,2,6,3,9,4
405;419;419;150;5,12,13,6,1,4,8,14,9,2,3,7,0,11,10
406;418;418;150;9,1,7,10,5,2,13,12,11,8,0,3,4,6,14
407;418;418;150;0,7,14,8,4,11,6,9,10,12,1,5,2,3,13
408;285;285;150;3,7,2,14,8,6,1,5,0,10,12,9,4,13,11
409;287;287;150;1,5,7,8,0,9,12,10,11,14,2,3,4,13,6
410;285;285;150;2,10,11,7,0,6,9,5,1,8,3,13,4,12,14
411;286;286;150;7,13,8,6,1,3,9,0,12,14,2,4,5,10,11
412;284;284;150;8,9,12,11,1,5,14,3,7,0,2,10,13,6,4
413;286;286;150;8,0,7,6,4,12,11,14,9,1,5,2,13,3,10
414;284;284;150;7,5,8,0,14,6,1,10,3,2,11,9,13,12,4
415;289;289;150;14,0,5,9,3,8,6,1,13,7,11,2,10,4,12
416;297;297;150;14,12,11,13,1,9,6,5,2,10,3,7,0,4,8
417;286;286;150;10,11,13,0,9,4,3,6,12,1,2,14,5,7,8
418;287;287;150;1,7,13,9,2,14,4,0,12,11,8,5,10,3,6
419;286;286;150;12,1,7,11,5,13,6,4,0,10,9,8,2,14,3
420;287;287;150;1,12,11,14,5,10,13,6,2,8,9,7,0,3,4
421;286;286;150;10,7,5,11,0,1,6,4,8,13,12,3,2,9,14
422;287;287;150;14,11,12,10,9,5,1,0,4,6,3,8,13,2,7
423;287;287;150;4,7,13,10,8,9,1,5,0,2,11,12,14,3,6
424;285;285;150;3,13,6,0,14,12,11,4,8,10,5,2,7,1,9
425;288;288;150;1,14,5,8,6,3,2,7,11,13,12,9,4,10,0
426;285;285;150;9,5,1,4,7,12,8,13,3,11,0,6,14,2,10
427;287;287;150;11,7,5,10,6,12,1,3,8,9,14,13,4,2,0
428;286;286;150;9,6,13,7,5,14,1,3,10,8,11,2,12,0,4
429;286;286;150;4,14,3,9,8,7,10,11,12,0,1,13,2,6,5
430;285;285;150;4,6,11,3,2,14,7,10,9,1,12,5,8,0,13
431;287;287;150;7,1,14,11,8,13,0,5,12,3,4,9,10,2,6
432;286;286;150;13,5,12,11,6,7,3,9,8,14,2,10,1,4,0
433;285;285;150;10,8,7,5,9,6,0,3,11,12,13,1,14,2,4
434;283;283;150;7,8,11,3,6,1,14,4,9,5,0,2,12,10,13
435;287;287;150;1,6,9,13,4,8,11,7,12,2,14,5,10,3,0
436;288;288;150;13,5,7,10,3,8,12,9,1,6,0,14,4,2,11
437;288;288;150;4,14,7,11,6,5,12,8,1,13,10,9,2,3,0
438;288;288;150;12,2,7,14,0,11,6,13,1,9,3,10,4,8,5
439;281;281;150;4,0,13,11,12,7,1,2,6,5,10,14,8,3,9
440;287;287;150;9,4,1,3,8,11,10,6,14,7,5,2,12,0,13
441;285;285;150;7,12,2,5,11,1,10,6,9,8,0,3,4,14,13
442;327;327;150;2,6,8,13,3,14,7,1,11,10,4,0,12,5,9
443;285;285;150;10,5,8,14,0,3,12,7,11,9,2,13,4,6,1
444;286;286;150;7,3,8,5,14,10,1,13,6,12,11,9,2,0,4
445;286;286;150;13,6,0,7,4,5,11,12,2,1,14,3,9,8,10
446;287;287;150;4,6,0,11,2,12,13,10,9,7,8,3,1,5,14
447;286;286;150;12,8,14,6,7,9,11,10,4,0,5,3,13,1,2
448;289;289;150;0,1,12,6,3,4,7,11,10,14,5,8,13,2,9
449;285;285;150;9,1,5,11,8,2,14,13,0,6,10,7,4,12,3
450;282;282;150;7,1,6,2,12,0,14,4,11,5,3,13,10,8,9
451;286;286;150;0,5,4,10,6,12,9,11,8,1,14,3,2,7,13
452;299;299;150;11,5,3,4,7,12,8,9,10,14,1,2,13,6,0
453;287;287;150;5,12,2,13,4,1,6,14,3,11,7,0,9,10,8
454;289;289;150;12,14,4,10,7,11,8,13,1,5,3,0,2,9,6
455;287;287;150;8,12,5,4,0,10,3,6,11,7,1,2,9,14,13
456;286;286;150;7,1,11,0,12,9,6,10,8,14,2,5,3,13,4
457;286;286;150;14,9,13,0,11,5,6,8,7,3,12,4,10,2,1
458;285;285;150;5,11,13,8,12,7,1,10,9,0,6,14,2,4,3
459;285;285;150;7,9,12,14,5,10,6,11,8,0,13,4,3,2,1
460;283;283;150;12,1,11,0,5,3,10,8,4,6,7,9,13,2,14
461;287;287;150;5,8,0,12,13,14,1,10,11,3,6,7,4,9,2
462;299;299;150;10,11,2,0,9,13,8,7,12,1,3,4,14,5,6
463;284;284;150;1,6,10,12,4,3,11,0,7,13,9,14,8,5,2
464;285;285;150;0,11,1,12,7,8,6,13,14,2,3,5,10,9,4
465;284;284;150;7,11,0,10,14,1,3,2,5,6,8,9,13,4,12
466;285;285;150;6,2,14,13,10,8,12,4,1,9,5,11,3,0,7
467;285;285;150;10,0,6,12,3,14,13,7,8,9,1,5,11,4,2
468;287;287;150;6,7,1,3,4,8,2,0,14,9,5,12,11,10,13
469;287;287;150;5,13,11,9,7,4,12,10,3,6,1,8,0,2,14
470;284;284;150;0,3,1,6,7,12,8,13,2,9,14,5,10,11,4
471;287;287;150;6,11,7,8,9,10,12,2,0,5,4,1,14,13,3
472;303;303;150;5,6,1,7,3,10,13,0,12,9,2,14,11,4,8
473;302;302;150;11,13,14,8,5,1,6,3,10,12,9,0,4,7,2
474;289;289;150;0,5,1,14,6,11,2,8,13,4,7,3,12,10,9
475;299;299;150;6,12,7,0,11,10,5,14,1,13,4,3,2,9,8
476;426;426;150;5,0,3,9,11,14,7,12,4,6,1,8,13,10,2
477;427;427;150;12,11,9,13,7,1,3,8,10,0,6,5,2,4,14
478;427;427;150;14,10,13,5,9,7,1,3,0,12,6,8,4,11,2
479;422;422;150;1,5,7,10,13,6,14,12,8,4,9,11,2,0,3
480;426;426;150;1,11,4,3,7,2,12,0,13,8,6,14,5,10,9
481;427;427;150;2,7,14,8,5,11,6,9,0,13,1,12,4,3,10
482;426;426;150;14,12,11,8,0,4,5,6,13,2,3,7,1,9,10
483;423;423;150;4,6,1,13,14,0,3,2,10,9,11,5,12,7,8
484;429;429;150;8,3,6,2,13,14,5,0,11,1,9,10,7,12,4
485;421;421;150;0,11,2,3,5,7,6,10,12,1,14,9,13,8,4
486;421;421;150;6,12,1,3,0,9,13,8,7,5,10,14,11,4,2
487;424;424;150;12,0,6,3,1,4,9,5,7,14,10,13,11,2,8
488;424;424;150;6,3,9,13,14,0,7,1,5,11,2,8,4,12,10
489;426;426;150;9,0,5,14,4,2,7,6,12,11,1,13,10,3,8
490;422;422;150;12,6,2,5,14,11,0,7,8,4,3,13,10,9,1
491;425;425;150;7,11,6,3,12,4,1,8,9,5,0,10,14,2,13
492;420;420;150;5,12,8,1,14,10,6,4,0,3,11,9,13,2,7
493;425;425;150;6,0,9,4,7,12,8,10,2,1,5,3,13,11,14
494;425;425;150;3,0,9,4,7,10,12,2,6,8,13,1,11,14,5
495;425;425;150;11,4,5,0,6,12,3,14,9,7,2,13,8,1,10
496;427;427;150;12,14,5,11,0,10,3,6,7,13,4,2,8,9,1
497;425;425;150;0,3,4,11,13,6,1,12,2,10,7,14,5,9,8
498;423;423;150;3,11,6,0,12,10,1,5,9,2,7,13,8,4,14
499;423;423;150;1,7,6,3,13,12,11,14,9,5,8,10,4,0,2
