0;348;348;200;5,3,14,7,10,16,13,18,15,4,9,8,19,12,11,1,2,0,17,6
1;350;350;200;10,5,15,19,0,1,8,2,18,9,7,12,17,13,6,4,16,11,14,3
2;351;351;200;19,14,16,9,13,4,18,15,2,1,10,0,6,12,8,11,17,5,7,3
3;353;353;200;7,8,3,19,6,4,10,14,13,17,9,11,0,1,12,18,2,5,16,15
4;355;355;200;2,12,15,14,13,6,4,1,10,9,0,17,19,7,3,5,16,11,18,8
5;352;352;200;3,8,5,6,16,17,18,13,10,19,9,15,4,11,14,12,2,0,1,7
6;354;354;200;11,14,7,12,13,4,6,9,1,16,15,19,3,0,10,17,18,5,2,8
7;351;351;200;12,3,17,4,11,15,2,9,0,16,18,5,14,7,10,1,6,13,8,19
8;347;347;200;9,10,19,5,11,7,18,14,8,3,6,0,13,4,2,1,16,12,17,15
9;352;352;200;7,19,12,6,13,3,0,9,16,8,5,2,1,18,17,4,10,14,15,11
10;350;350;200;8,0,2,6,9,11,15,4,18,10,13,16,1,19,14,17,5,12,3,7
11;308;308;200;7,5,16,6,11,8,19,10,2,18,17,12,15,1,13,4,14,9,3,0
12;285;285;200;9,15,0,10,18,8,11,2,19,3,5,4,1,14,16,7,12,6,13,17
13;356;356;200;3,9,19,11,18,13,0,6,1,16,15,4,8,2,10,14,7,17,12,5
14;355;355;200;7,2,14,18,0,11,4,9,19,1,13,3,16,12,15,5,17,8,6,10
15;354;354;200;3,13,2,1,14,12,16,8,0,18,9,17,10,19,15,4,7,11,6,5
16;355;355;200;0,1,19,14,5,16,18,11,4,9,15,3,2,6,17,13,7,12,10,8
17;351;351;200;10,16,15,6,9,0,1,13,18,7,11,12,14,2,5,17,4,19,8,3
18;353;353;200;1,15,17,8,2,19,3,9,18,12,16,10,13,5,4,0,11,6,14,7
19;354;354;200;13,8,19,0,10,2,1,12,14,16,15,7,9,5,3,17,6,4,18,11
20;352;352;200;0,7,11,17,13,1,9,4,6,19,10,2,18,12,5,16,8,14,3,15
21;338;338;200;16,0,18,4,3,1,10,6,19,2,14,5,15,11,7,12,17,8,9,13
22;356;356;200;1,5,19,18,0,9,16,4,17,11,14,13,3,10,6,2,12,8,15,7
23;351;351;200;18,3,17,1,13,7,0,8,12,10,16,19,14,15,4,2,9,11,6,5
24;351;351;200;4,5,12,17,0,7,2,16,6,10,1,11,13,19,3,15,14,9,18,8
25;353;353;200;14,3,18,16,10,7,13,17,1,0,12,2,11,5,4,15,6,9,8,19
26;352;352;200;8,4,19,3,18,11,13,16,7,0,10,1,9,6,12,15,17,2,14,5
27;351;351;200;2,18,6,19,8,16,1,13,3,4,12,14,11,5,7,10,0,15,9,17
28;356;356;200;15,8,12,2,1,3,13,4,5,10,19,18,17,6,16,9,14,0,11,7
29;353;353;200;9,4,11,16,12,6,15,13,10,0,8,17,7,14,1,19,2,5,18,3
30;356;356;200;17,7,14,2,13,18,15,8,9,10,4,5,1,11,19,6,12,0,3,16
31;357;357;200;17,16,3,6,12,13,18,10,9,5,8,15,0,11,7,4,2,1,19,14
32;348;348;200;4,6,9,19,17,2,10,18,16,7,13,8,1,0,15,5,11,12,14,3
33;352;352;200;11,15,12,4,7,3,9,0,5,18,2,13,8,17,10,16,19,6,14,1
34;353;353;200;17,14,13,2,10,16,4,3,15,9,19,1,18,6,11,12,8,0,7,5
35;352;352;200;16,0,6,1,8,11,2,19,5,4,18,10,9,13,12,15,3,17,7,14
36;350;350;200;19,15,7,18,13,12,1,3,14,0,9,5,2,8,16,11,17,4,10,6
37;355;355;200;18,7,4,15,5,1,9,2,14,10,13,19,17,11,6,16,12,3,0,8
38;353;353;200;14,1,3,18,19,10,12,9,0,5,13,16,2,11,15,4,7,6,17,8
39;348;348;200;7,15,1,4,13,6,10,8,3,2,16,12,19,17,14,0,9,18,11,5
40;279;279;200;7,3,1,2,0,6,10,11,15,13,17,16,12,14,19,4,18,8,5,9
41;354;354;200;4,17,16,15,19,9,0,2,10,13,18,11,5,14,8,12,1,7,3,6
42;353;353;200;4,16,9,3,17,8,7,0,11,10,13,5,2,14,19,6,12,1,18,15
43;338;338;200;8,2,14,6,9,16,15,10,18,19,0,4,1,5,3,7,13,12,11,17
44;353;353;200;4,13,6,15,0,7,1,10,8,2,9,18,19,17,16,5,11,3,14,12
45;353;353;200;1,12,11,4,2,19,9,0,10,7,5,15,14,13,6,8,18,3,16,17
46;350;350;200;7,18,8,15,1,0,12,16,6,10,13,9,11,3,17,4,14,5,19,2
47;352;352;200;13,4,3,14,19,0,11,9,8,12,7,1,5,15,16,6,2,10,18,17
48;354;354;200;12,3,13,10,5,17,9,19,7,15,0,11,16,18,2,14,1,4,6,8
49;355;355;200;4,5,7,11,19,18,17,15,14,10,1,12,9,3,16,8,13,2,0,6
50;356;356;200;19,12,5,15,18,1,9,6,2,0,7,16,4,17,3,10,13,14,8,11
51;351;351;200;17,10,6,8,7,13,4,0,9,14,16,19,2,18,11,3,1,5,12,15
52;355;355;200;13,7,19,18,8,9,3,15,1,17,10,16,6,2,12,14,11,4,0,5
53;351;351;200;5,0,15,1,18,13,2,11,9,8,16,14,6,7,4,3,12,19,10,17
54;353;353;200;1,7,19,13,12,14,0,10,9,6,4,11,3,17,16,15,2,8,18,5
55;353;353;200;19,12,0,17,14,18,5,3,7,1,9,11,15,8,16,10,4,13,6,2
56;352;352;200;8,7,15,13,16,1,19,18,11,4,12,5,17,14,6,2,3,0,10,9
57;354;354;200;0,15,12,4,6,19,1,8,18,5,2,11,17,16,13,14,7,10,3,9
58;353;353;200;5,10,11,14,12,9,3,1,4,17,7,8,15,13,16,6,2,0,18,19
59;349;349;200;5,8,10,15,17,4,19,9,13,18,7,1,6,12,11,14,3,0,16,2
60;352;352;200;9,0,13,6,17,1,2,3,12,19,5,18,16,7,4,14,10,15,8,11
61;351;351;200;2,7,14,17,5,1,4,9,15,6,0,19,11,10,16,12,18,13,8,3
62;353;353;200;7,17,11,8,4,10,0,12,16,9,19,13,15,14,1,2,5,18,6,3
63;355;355;200;12,8,14,7,17,2,5,10,4,18,9,1,15,6,0,19,13,11,16,3
64;357;357;200;18,13,14,16,12,9,11,10,15,3,6,8,4,2,19,7,1,0,5,17
65;310;310;200;9,13,1,7,8,18,4,11,16,5,12,19,2,0,6,3,17,15,10,14
66;353;353;200;12,17,8,16,6,1,7,10,2,15,18,3,9,13,14,19,5,11,4,0
67;325;325;200;4,16,3,17,5,19,9,13,10,7,12,14,11,2,18,8,1,0,15,6
68;348;348;200;4,17,6,11,2,1,13,14,15,8,19,3,0,12,7,5,9,16,10,18
69;346;346;200;1,0,15,14,4,8,10,12,13,17,11,16,6,5,7,19,2,9,18,3
70;344;344;200;10,0,15,5,2,19,13,3,8,7,6,11,1,12,17,14,18,16,9,4
71;350;350;200;2,1,11,3,13,10,9,16,0,4,7,17,18,6,5,12,8,14,19,15
72;348;348;200;0,7,5,4,16,18,6,13,10,9,12,2,17,11,1,3,15,19,14,8
73;343;343;200;15,18,3,19,13,11,6,17,7,0,4,9,5,8,12,10,16,2,14,1
74;349;349;200;12,11,2,4,16,1,9,10,0,18,19,14,6,3,13,5,8,7,15,17
75;348;348;200;13,17,10,14,12,4,16,5,19,0,18,15,3,7,2,8,1,9,6,11
76;345;345;200;8,3,11,4,5,15,9,16,1,7,13,0,17,19,14,6,10,12,18,2
77;351;351;200;11,8,6,10,13,7,1,17,2,4,9,0,15,16,19,14,12,3,18,5
78;349;349;200;16,5,2,15,7,3,1,14,17,10,11,9,12,8,19,4,18,0,13,6
79;351;351;200;5,16,9,7,12,3,15,2,13,1,18,6,10,4,11,19,17,0,14,8
80;331;331;200;5,19,14,6,4,2,7,8,10,9,18,1,11,0,12,15,17,3,13,16
81;350;350;200;15,17,18,19,6,9,0,4,7,13,16,12,11,10,2,3,14,5,1,8
82;349;349;200;17,7,19,0,1,14,16,8,6,3,18,11,2,4,5,15,13,12,10,9
83;349;349;200;7,2,12,5,4,18,17,19,3,10,1,9,13,14,8,0,11,16,15,6
84;348;348;200;9,13,5,1,18,12,0,10,11,7,17,6,14,2,8,15,19,16,3,4
85;352;352;200;11,16,12,17,5,3,7,13,14,18,2,10,6,4,0,15,8,1,19,9
86;347;347;200;16,8,2,12,9,3,10,15,19,7,5,4,14,13,6,1,17,0,11,18
87;346;346;200;4,9,15,2,5,11,16,17,12,14,0,18,8,13,6,19,10,7,1,3
88;352;352;200;13,9,19,11,5,0,12,6,10,1,18,16,14,15,8,7,2,4,3,17
89;350;350;200;13,5,19,1,9,8,14,0,6,15,17,4,12,11,3,7,16,18,2,10
90;350;350;200;0,6,17,14,5,12,15,1,3,8,4,18,2,9,7,19,11,10,13,16
91;348;348;200;7,3,15,16,17,2,8,18,19,0,5,12,14,1,9,4,11,10,13,6
92;344;344;200;18,7,0,19,2,17,1,15,11,10,9,3,8,12,16,14,6,4,5,13
93;349;349;200;12,2,19,18,0,5,1,13,16,7,3,15,9,8,4,17,11,14,10,6
94;350;350;200;2,19,9,11,16,8,18,13,0,7,6,4,17,15,3,5,12,10,14,1
95;347;347;200;16,14,4,2,19,11,18,13,12,10,5,15,8,17,6,9,0,1,7,3
96;349;349;200;2,4,7,18,1,6,0,17,5,14,8,3,15,9,10,12,16,11,13,19
97;350;350;200;5,10,11,6,12,17,0,18,4,7,8,9,13,1,19,15,3,16,2,14
98;349;349;200;2,16,15,7,0,19,9,1,6,3,17,18,14,10,5,12,4,13,8,11
99;349;349;200;12,0,7,13,2,14,6,19,18,16,11,9,10,1,8,15,3,5,4,17
100;368;368;200;12,0,5,6,2,3,14,13,19,1,18,9,8,17,10,15,16,7,4,11
101;374;374;200;9,16,4,3,12,5,7,14,13,0,8,19,15,17,6,18,11,2,10,1
102;373;373;200;6,3,10,16,17,5,8,1,18,7,12,2,9,19,4,0,14,11,13,15
103;371;371;200;14,3,5,2,6,11,4,12,8,7,17,10,18,13,9,19,1,16,0,15
104;373;373;200;17,12,11,5,10,18,13,2,16,7,1,15,19,8,4,14,9,6,0,3
105;373;373;200;4,6,13,14,18,17,3,10,15,2,7,8,1,5,9,16,11,0,19,12
106;361;361;200;3,4,12,9,16,7,10,5,2,14,17,11,8,13,1,19,18,6,0,15
107;376;376;200;6,1,16,17,4,9,18,7,11,8,13,0,19,14,15,12,5,10,3,2
108;374;374;200;17,4,12,14,8,11,16,6,1,13,10,9,0,7,2,15,3,5,18,19
109;300;300;200;8,4,16,14,12,11,15,0,13,1,9,18,2,6,7,19,17,10,3,5
110;255;255;200;1,12,6,3,8,9,0,14,13,18,2,10,4,5,15,16,11,7,17,19
111;285;285;200;14,16,2,10,8,3,12,4,1,0,13,11,17,6,15,5,19,9,18,7
112;273;273;200;17,9,19,14,12,15,1,0,16,2,6,18,10,13,8,3,7,4,5,11
113;282;282;200;14,9,1,3,0,10,6,7,18,16,8,13,4,5,2,19,11,17,12,15
114;303;303;200;10,5,12,8,11,6,4,13,9,2,1,15,16,14,3,18,17,0,19,7
115;273;273;200;10,16,7,6,8,1,12,2,9,5,3,14,18,15,19,4,0,13,11,17
116;274;274;200;6,14,17,12,7,18,0,13,9,8,19,11,15,1,16,2,5,10,3,4
117;290;290;200;9,15,10,17,1,11,13,14,6,2,7,5,8,4,16,18,0,3,12,19
118;304;304;200;3,17,8,9,2,12,13,10,15,5,6,1,7,16,19,4,14,18,0,11
119;290;290;200;5,19,8,0,6,18,7,13,17,1,14,12,11,16,15,2,10,3,9,4
120;270;270;200;9,5,17,11,10,1,0,8,12,15,6,16,14,4,7,13,19,2,3,18
121;308;308;200;19,11,3,18,15,1,6,9,12,8,13,5,2,4,14,0,10,17,16,7
122;260;260;200;12,7,5,15,3,2,0,18,16,1,9,10,19,17,4,13,11,8,6,14
123;268;268;200;1,10,5,6,18,8,13,0,9,3,14,16,4,19,11,7,15,2,17,12
124;277;277;200;3,2,14,1,9,12,17,5,18,16,19,6,8,15,4,0,13,10,7,11
125;307;307;200;13,2,16,8,4,17,10,5,7,6,1,18,3,9,11,0,12,14,15,19
126;303;303;200;14,19,7,12,9,6,4,3,11,5,13,10,16,17,18,1,15,0,2,8
127;289;289;200;4,18,17,1,10,12,7,14,3,16,2,13,9,5,19,11,15,0,8,6
128;303;303;200;7,6,17,13,16,10,9,5,0,2,4,15,12,8,11,18,19,14,3,1
129;300;300;202;15,3,6,5,13,1,2,9,10,16,18,0,12,11,17,19,7,8,14,4
130;307;307;200;1,5,15,14,12,4,10,3,2,7,18,6,9,19,8,16,13,0,17,11
131;279;279;200;8,7,16,12,19,17,0,2,10,9,5,14,13,3,6,4,1,18,11,15
132;294;294;200;17,12,7,1,8,10,9,19,6,4,2,15,18,3,16,14,13,0,5,11
133;356;356;200;15,8,11,5,9,6,0,14,16,1,4,2,12,17,19,18,10,3,13,7
134;315;315;200;17,6,2,8,4,16,7,9,1,11,0,5,19,12,18,13,15,14,3,10
135;375;375;200;7,2,14,6,0,1,10,19,16,13,17,15,18,8,4,3,9,12,5,11
136;377;377;200;2,18,8,14,6,0,5,17,10,4,7,3,19,16,13,12,1,11,15,9
137;377;377;200;14,10,11,7,8,0,5,9,19,13,1,2,17,18,15,4,12,16,6,3
138;377;377;200;12,0,7,16,9,4,2,14,19,1,11,8,6,3,5,18,15,13,10,17
139;374;374;200;7,8,15,1,17,10,18,13,0,12,11,14,2,19,3,5,16,4,9,6
140;376;376;200;19,11,18,6,12,4,3,9,2,5,8,13,15,1,14,10,0,17,7,16
141;377;377;200;3,11,19,15,10,6,8,1,4,13,2,18,5,9,16,12,14,7,0,17
142;375;375;200;9,4,0,16,3,2,18,11,14,5,10,8,6,13,12,15,7,17,1,19
143;378;378;200;6,13,4,8,1,2,10,18,0,16,19,12,3,17,7,15,9,14,5,11
144;379;379;200;18,12,9,17,16,5,0,10,2,4,1,19,15,3,7,13,6,14,8,11
145;375;375;200;6,7,19,18,14,15,0,8,10,1,9,12,17,3,5,13,11,2,16,4
146;379;379;200;12,18,17,6,19,16,1,0,8,9,13,14,7,4,5,11,2,3,10,15
147;308;308;200;4,17,12,14,0,2,7,8,16,6,10,1,15,11,5,13,3,9,18,19
148;373;373;200;8,2,4,10,13,18,9,15,3,7,17,14,12,16,5,19,0,1,11,6
149;373;373;200;12,9,1,15,14,7,18,8,4,19,16,0,10,11,5,6,3,13,2,17
150;372;372;200;11,1,2,17,0,10,7,4,6,5,8,15,3,16,14,13,12,19,18,9
151;326;326;200;11,3,0,5,16,19,13,17,9,2,14,6,4,1,12,15,10,7,8,18
152;372;372;200;7,10,0,11,2,14,6,9,8,16,18,15,19,17,4,3,1,5,13,12
153;374;374;200;8,4,12,11,6,7,5,14,19,1,10,2,9,15,17,16,0,18,13,3
154;373;373;200;7,12,4,14,11,18,10,3,9,6,5,1,8,17,16,19,15,13,2,0
155;371;371;200;1,2,16,11,12,6,15,0,9,7,8,4,17,5,18,19,14,13,3,10
156;371;371;200;15,4,9,16,19,12,0,14,1,11,5,18,17,8,13,3,6,10,7,2
157;369;369;200;13,16,4,0,18,5,9,19,14,17,8,7,11,3,12,10,2,15,1,6
158;375;375;200;10,16,7,0,12,13,6,9,5,17,2,15,19,8,4,18,1,3,11,14
159;373;373;200;1,9,2,18,7,15,12,14,17,10,4,13,8,6,11,3,19,0,16,5
160;370;370;200;0,8,13,14,1,5,9,7,2,6,18,15,3,12,4,10,17,16,19,11
161;367;367;200;7,4,10,11,18,8,0,19,16,13,1,14,6,2,5,12,15,3,9,17
162;373;373;200;3,9,16,6,19,10,1,2,18,17,5,14,11,4,7,13,12,0,8,15
163;375;375;200;5,3,15,19,7,12,8,9,17,14,0,16,6,13,18,1,4,2,10,11
164;377;377;200;6,10,16,11,9,4,1,5,8,15,14,19,17,13,2,0,12,18,3,7
165;374;374;200;2,5,19,18,17,1,9,14,11,16,13,12,0,4,10,3,7,8,6,15
166;373;373;200;1,6,11,4,19,14,13,10,17,16,0,18,7,9,2,5,12,15,3,8
167;374;374;200;16,13,0,6,3,17,10,9,2,4,7,5,8,1,11,15,19,12,14,18
168;365;365;200;17,10,14,2,1,4,18,5,19,0,6,15,13,16,8,11,12,9,7,3
169;372;372;200;13,0,14,18,7,5,9,10,8,15,11,2,19,12,4,16,17,6,1,3
170;372;372;200;15,18,10,2,6,12,7,3,19,13,9,11,16,14,5,1,8,0,4,17
171;375;375;200;19,9,11,4,13,0,10,1,6,12,17,14,7,3,15,16,5,8,18,2
172;373;373;200;5,10,15,4,17,13,2,8,19,12,6,1,14,7,3,0,16,11,9,18
173;370;370;200;11,9,14,1,7,4,18,2,17,0,13,8,5,12,3,19,6,10,15,16
174;375;375;200;18,17,5,14,19,4,8,10,0,13,2,3,12,16,6,9,7,11,1,15
175;372;372;200;5,4,18,15,10,13,8,2,1,7,16,0,11,6,9,19,12,3,17,14
176;373;373;200;14,16,4,8,1,0,9,3,18,7,10,11,15,19,12,5,13,6,17,2
177;373;373;200;17,10,11,5,3,4,18,1,19,9,0,7,12,6,14,8,2,16,15,13
178;373;373;200;7,3,4,12,13,2,0,1,9,10,19,16,15,8,6,11,5,18,14,17
179;372;372;200;5,7,14,16,15,12,3,11,17,9,2,13,8,18,19,4,0,10,1,6
180;363;363;200;18,7,16,12,0,2,9,10,4,8,14,3,17,11,13,5,6,19,1,15
181;368;368;200;14,16,19,11,9,8,10,15,0,4,7,17,2,13,3,18,5,1,12,6
182;375;375;200;5,12,15,14,6,18,4,7,13,11,17,9,10,2,0,1,16,19,3,8
183;373;373;200;13,3,16,9,4,12,10,18,17,8,19,1,14,2,11,15,7,0,6,5
184;372;372;200;16,0,3,18,10,12,17,19,11,4,13,14,8,6,9,2,7,5,1,15
185;375;375;200;16,19,12,14,5,0,18,8,11,2,9,17,3,15,6,13,7,10,1,4
186;376;376;200;3,6,14,8,1,15,16,0,18,13,10,5,4,7,11,9,19,17,2,12
187;379;379;200;18,5,2,8,7,3,17,19,14,0,16,6,4,1,12,9,11,13,10,15
188;378;378;200;18,5,11,14,4,9,7,0,8,2,1,19,16,6,10,13,15,12,17,3
189;376;376;200;4,7,14,10,19,15,18,6,17,9,2,8,1,16,3,13,0,12,5,11
190;378;378;200;6,2,16,7,0,19,10,12,9,3,18,17,15,11,1,14,13,5,8,4
191;378;378;200;14,3,13,7,8,6,4,19,5,17,12,2,18,15,16,10,0,1,9,11
192;375;375;200;17,16,13,3,19,7,12,5,8,18,1,9,2,4,10,15,14,6,11,0
193;382;382;200;15,14,1,19,9,16,18,11,6,3,5,4,10,8,0,17,13,7,2,12
194;378;378;200;7,15,18,12,4,19,6,2,1,0,9,13,11,17,16,5,10,3,14,8
195;376;376;200;6,7,15,17,10,18,11,12,2,0,8,13,5,1,3,19,9,4,14,16
196;375;375;200;15,19,9,13,4,18,10,3,16,7,11,5,12,14,17,0,2,6,1,8
197;377;377;200;15,14,9,7,4,12,0,19,16,13,18,2,10,6,3,17,11,5,1,8
198;378;378;200;0,2,19,17,11,5,9,10,4,1,13,6,8,15,18,16,7,12,3,14
199;378;378;200;5,2,3,6,9,19,11,14,12,18,13,7,17,1,16,10,4,8,0,15
200;378;378;200;1,10,4,16,18,12,14,13,9,8,17,15,11,2,5,3,19,7,0,6
201;368;368;200;16,4,0,7,18,8,10,3,14,13,9,1,6,2,12,15,19,11,5,17
202;381;381;200;17,3,8,10,4,16,0,2,13,7,6,1,15,19,18,12,11,14,9,5
203;379;379;200;19,15,18,1,4,3,7,13,14,17,8,0,5,9,10,16,6,11,2,12
204;378;378;200;5,8,9,15,2,17,0,10,7,18,4,1,16,6,11,19,13,14,12,3
205;375;375;200;11,9,19,1,0,2,7,5,12,13,8,16,15,6,4,3,17,18,10,14
206;378;378;200;17,16,7,6,14,12,18,9,3,2,13,8,4,5,10,15,11,19,0,1
207;378;378;200;0,5,13,12,3,2,4,1,14,16,10,17,15,11,7,19,6,9,18,8
208;378;378;200;15,8,12,0,5,6,11,9,3,10,13,16,7,14,4,1,17,18,2,19
209;378;378;200;18,14,19,7,9,16,0,2,13,3,12,10,1,11,4,17,5,15,8,6
210;380;380;200;11,17,15,4,5,13,8,10,9,2,16,19,12,1,18,0,7,3,14,6
211;380;380;200;15,19,1,5,11,0,6,18,9,10,16,7,14,17,2,8,3,13,4,12
212;371;371;200;7,10,12,15,8,17,0,13,4,16,6,1,3,2,19,9,5,11,18,14
213;381;381;200;9,14,13,12,11,2,7,1,16,10,5,8,18,4,6,19,3,15,0,17
214;359;359;200;19,1,11,15,8,10,4,16,2,9,7,18,5,6,17,3,13,12,0,14
215;307;307;200;5,6,10,8,2,11,7,4,18,1,9,15,0,3,19,17,14,16,12,13
216;275;275;200;1,5,19,8,4,18,7,13,10,0,17,12,3,2,9,16,15,11,14,6
217;295;295;200;12,13,15,18,14,9,0,16,10,11,5,7,17,19,8,2,1,4,3,6
218;271;271;200;17,9,16,19,4,0,1,7,12,8,18,13,3,11,6,10,5,15,14,2
219;277;277;200;7,14,12,10,8,19,13,16,6,18,0,11,15,4,3,2,1,9,5,17
220;307;307;200;14,8,17,3,7,2,19,5,0,11,13,6,16,15,9,4,1,18,10,12
221;302;302;200;18,8,14,7,13,11,3,4,0,12,15,10,6,9,17,2,16,1,5,19
222;297;297;200;3,8,9,16,12,7,1,6,4,5,13,2,17,15,0,18,10,11,19,14
223;288;288;200;8,4,15,11,16,2,14,3,10,5,18,0,12,13,9,19,6,7,1,17
224;294;294;200;9,14,10,17,11,4,2,5,8,18,1,12,19,13,3,15,0,6,16,7
225;303;303;200;10,4,17,3,11,18,9,15,12,13,16,5,19,14,8,2,1,0,7,6
226;288;288;200;12,1,17,18,8,10,7,16,6,14,4,19,9,0,11,15,2,13,5,3
227;308;308;200;15,8,19,14,2,1,3,9,13,18,0,11,4,7,12,6,10,16,17,5
228;305;305;200;4,12,14,13,10,16,19,7,2,11,3,15,18,8,17,6,1,9,0,5
229;277;277;200;8,7,17,19,3,4,13,12,2,11,9,1,10,18,0,14,5,6,16,15
230;275;275;200;12,1,6,7,10,15,8,9,13,16,4,17,5,19,3,18,11,2,14,0
231;293;293;200;8,16,7,19,4,13,10,18,6,9,15,11,14,0,12,1,2,3,17,5
232;294;294;200;5,11,18,17,4,16,8,0,13,3,19,12,1,2,15,6,9,14,10,7
233;306;306;200;2,14,4,12,0,11,7,19,18,1,10,17,13,3,5,16,15,9,8,6
234;368;368;200;7,2,0,11,8,5,14,19,15,4,16,17,10,18,12,1,3,13,9,6
235;371;371;200;7,12,4,8,19,16,15,2,11,17,10,6,5,14,18,13,0,1,3,9
236;373;373;200;16,0,6,12,14,2,17,19,9,4,8,10,15,13,18,1,3,5,7,11
237;377;377;200;18,9,17,19,3,15,16,2,5,10,1,7,12,11,4,8,14,6,0,13
238;374;374;200;16,9,1,15,5,11,6,18,13,19,0,14,2,8,7,3,17,4,10,12
239;373;373;200;1,12,11,0,16,2,18,13,8,7,17,15,3,6,4,5,19,10,14,9
240;371;371;200;16,6,2,1,9,8,13,5,4,12,3,19,14,7,17,0,11,15,10,18
241;375;375;200;17,7,8,11,16,12,4,10,19,13,0,9,15,18,5,6,3,1,14,2
242;373;373;200;6,10,7,17,19,1,18,0,2,15,9,4,14,13,8,16,3,11,5,12
243;371;371;200;19,7,14,6,16,8,0,10,3,18,13,4,17,12,11,5,9,2,15,1
244;366;366;200;3,7,14,2,5,19,13,12,0,6,18,11,17,8,4,15,1,9,10,16
245;372;372;200;2,4,11,15,10,5,8,17,14,16,0,18,6,7,13,3,19,1,9,12
246;288;288;200;13,0,17,19,16,1,15,9,2,6,8,18,7,11,4,10,3,5,14,12
247;277;277;200;13,0,8,11,4,16,6,14,10,12,18,3,19,5,1,17,7,9,2,15
248;305;305;200;2,12,19,10,17,1,16,7,4,18,9,3,11,15,0,5,14,13,6,8
249;298;298;200;10,14,16,5,17,13,12,11,8,4,19,1,3,15,6,9,0,7,18,2
250;305;305;200;4,19,17,0,9,15,7,16,3,18,2,14,1,5,8,12,6,10,13,11
251;303;303;200;6,13,9,11,5,3,4,14,18,7,2,16,15,10,17,19,8,12,0,1
252;267;267;200;8,13,14,9,18,4,11,0,6,17,2,7,12,5,19,1,3,16,10,15
253;296;296;200;3,18,14,4,7,2,13,10,6,9,1,5,17,19,11,8,16,12,0,15
254;300;300;200;12,0,8,17,15,1,2,11,18,16,6,7,4,3,13,9,10,14,5,19
255;303;303;200;12,6,3,5,19,13,2,14,1,18,17,7,4,8,11,9,10,0,16,15
256;276;276;200;12,13,2,16,14,7,17,0,4,8,11,10,6,15,19,9,3,1,18,5
257;294;294;200;7,11,8,17,13,0,10,9,19,6,5,1,14,12,15,18,2,3,4,16
258;289;289;200;14,19,15,1,12,8,6,4,5,0,11,9,13,10,17,18,2,3,16,7
259;302;302;200;3,14,15,13,18,7,10,9,4,12,1,16,6,2,11,8,17,19,0,5
260;302;302;200;14,6,5,3,18,0,11,16,8,9,1,12,13,7,10,4,19,17,2,15
261;284;284;200;1,5,12,2,0,3,7,19,6,9,18,8,15,4,17,16,11,13,14,10
262;275;275;200;13,3,4,16,6,17,10,5,11,9,14,7,19,8,2,0,18,1,12,15
263;294;294;200;7,11,18,2,6,15,16,10,9,4,0,8,13,17,14,12,1,5,19,3
264;303;303;200;18,16,12,4,9,19,5,10,6,3,1,14,7,17,13,11,8,2,0,15
265;274;274;200;3,12,0,7,5,11,17,6,10,9,13,15,4,16,1,18,14,8,2,19
266;278;278;200;8,11,6,18,2,4,5,9,7,10,0,3,19,13,1,15,17,16,14,12
267;295;295;200;16,3,11,7,0,17,8,4,9,15,19,12,18,1,2,10,14,13,5,6
268;285;285;200;4,5,9,1,6,14,15,0,3,18,11,17,12,7,2,19,16,13,8,10
269;292;292;200;12,0,17,19,10,15,9,18,11,4,8,14,6,7,13,3,1,2,16,5
270;261;261;200;18,16,4,12,14,2,19,10,17,1,11,6,0,13,5,7,9,15,8,3
271;299;299;200;18,12,15,10,11,9,16,17,4,2,13,1,19,7,6,5,0,14,8,3
272;294;294;200;5,13,15,11,2,16,4,1,8,10,6,17,12,9,0,19,3,7,18,14
273;291;291;200;10,17,11,18,19,9,2,4,14,3,7,1,6,12,0,15,16,8,13,5
274;307;307;200;8,5,15,2,6,12,18,13,19,17,3,16,7,1,9,14,0,4,10,11
275;306;306;200;14,11,15,5,1,13,16,19,0,12,17,8,7,18,10,4,2,6,9,3
276;313;313;200;6,8,2,17,10,13,7,16,9,5,19,3,15,4,14,18,11,0,12,1
277;303;303;200;11,0,17,13,2,5,10,14,6,16,19,12,15,1,4,3,9,8,7,18
278;302;302;200;12,0,17,4,14,7,3,5,15,11,13,18,8,6,16,2,19,1,10,9
279;297;297;200;5,10,7,1,9,17,0,14,12,16,3,18,6,15,8,2,19,13,4,11
280;282;282;200;3,13,1,11,12,6,0,14,2,19,5,15,8,17,10,18,4,7,9,16
281;302;302;200;15,6,11,8,2,17,9,5,13,12,1,0,4,19,3,18,14,16,10,7
282;298;298;200;8,13,15,2,12,4,7,14,5,17,3,9,18,19,11,6,10,0,16,1
283;301;301;200;11,9,4,18,12,14,6,3,16,1,7,10,8,15,2,19,13,17,5,0
284;274;274;200;12,13,8,14,9,0,4,7,18,10,2,15,19,17,6,11,5,16,1,3
285;298;298;200;10,17,9,5,1,12,13,8,6,7,3,14,15,4,2,19,16,18,11,0
286;302;302;200;1,9,19,17,3,18,7,0,10,2,4,12,11,6,16,5,8,14,13,15
287;303;303;200;2,1,16,4,13,12,8,5,10,18,19,15,3,9,0,11,7,6,14,17
288;268;268;200;18,10,0,8,12,6,19,5,1,13,9,17,15,7,16,4,3,11,14,2
289;305;305;200;12,1,3,10,17,2,19,13,16,4,5,15,8,14,18,6,11,7,9,0
290;285;285;200;11,10,12,18,4,9,15,13,2,14,16,7,3,17,8,1,5,0,19,6
291;271;271;201;8,13,19,6,4,7,9,14,3,11,0,12,1,5,2,17,18,16,10,15
292;302;302;200;12,3,10,1,5,14,6,16,9,11,15,17,18,19,13,7,2,8,4,0
293;277;277;200;4,14,18,2,5,10,9,13,8,0,11,12,19,3,1,6,17,16,15,7
294;289;289;200;6,14,2,7,9,11,4,1,10,0,5,13,15,8,16,17,19,3,18,12
295;305;305;200;1,18,17,8,19,7,12,5,14,0,9,15,13,3,4,6,2,11,10,16
296;274;274;200;7,3,2,13,17,4,10,1,9,8,16,0,19,11,15,6,14,18,5,12
297;298;298;200;3,2,15,17,0,6,10,14,13,9,16,8,5,4,1,19,12,18,7,11
298;301;301;200;4,11,3,8,2,9,5,7,15,10,12,13,0,17,14,6,1,16,18,19
299;303;303;200;15,3,2,13,1,14,17,6,9,4,5,0,12,7,10,8,11,19,18,16
300;317;317;200;2,3,1,12,9,16,13,5,0,18,19,7,14,4,17,8,11,10,6,15
301;303;303;200;1,6,12,2,17,14,18,10,7,15,8,16,0,19,3,5,11,4,13,9
302;304;304;200;11,13,2,18,5,12,1,3,9,10,6,0,16,8,19,14,15,17,4,7
303;300;300;200;11,0,2,6,5,15,10,13,1,9,12,19,7,14,16,3,17,8,4,18
304;293;293;200;11,3,18,16,10,6,0,13,4,9,8,1,15,19,5,2,7,14,12,17
305;309;309;200;5,17,12,0,16,10,3,18,9,14,7,8,4,15,11,2,19,13,6,1
306;300;300;200;2,11,16,19,8,7,4,12,18,5,14,10,3,17,13,1,6,15,0,9
307;305;305;200;12,17,8,16,9,3,18,13,1,4,7,19,6,0,11,2,15,10,14,5
308;308;308;200;19,3,1,11,7,9,10,18,17,2,15,4,5,8,6,14,16,0,13,12
309;295;295;200;10,2,17,6,0,8,5,16,19,18,13,3,12,15,7,14,1,11,9,4
310;305;305;200;0,13,4,1,15,17,5,9,10,16,11,6,2,7,8,18,19,3,12,14
311;306;306;200;8,15,19,9,11,6,18,16,13,0,3,12,5,17,4,7,2,14,10,1
312;303;303;200;6,13,1,3,8,10,4,11,19,7,9,18,12,15,0,2,14,17,5,16
313;313;313;200;7,17,3,1,0,13,19,6,11,15,14,2,18,4,8,10,12,16,5,9
314;303;303;200;0,1,16,17,8,19,12,10,4,15,14,18,2,7,9,6,11,5,13,3
315;305;305;200;2,9,4,18,17,19,7,14,1,10,8,6,15,13,5,16,12,0,3,11
316;306;306;200;1,3,6,11,5,2,10,13,18,9,15,0,8,16,4,12,19,14,17,7
317;307;307;200;11,4,3,0,17,16,19,6,13,1,10,5,8,14,2,9,12,7,15,18
318;308;308;200;1,9,5,13,6,15,0,16,18,7,17,12,11,2,10,3,19,8,4,14
319;300;300;200;12,15,17,14,16,13,2,10,6,7,9,4,11,3,5,19,0,8,18,1
320;276;276;200;19,17,5,16,3,10,0,2,18,12,1,6,11,7,4,13,9,15,8,14
321;306;306;200;15,7,3,10,8,2,12,5,4,0,13,11,17,14,1,9,6,18,19,16
322;289;289;200;6,18,10,12,8,14,7,5,16,0,19,13,17,3,11,1,4,9,2,15
323;306;306;200;9,12,17,8,1,7,13,5,6,18,19,16,0,10,2,15,4,14,11,3
324;290;290;200;11,1,13,14,10,5,8,19,12,16,0,7,6,17,4,18,15,2,9,3
325;287;287;200;8,11,17,6,12,16,10,0,19,2,18,15,14,13,9,1,4,3,5,7
326;297;297;200;12,16,6,7,18,15,1,9,8,13,2,4,10,17,0,3,11,5,19,14
327;276;276;200;3,5,14,4,8,12,0,10,6,18,1,7,2,17,11,19,16,9,13,15
328;276;276;200;12,5,9,14,18,8,13,7,19,2,1,0,6,11,10,15,3,16,4,17
329;302;302;200;11,0,3,4,10,13,12,8,16,5,7,18,6,15,19,2,9,1,17,14
330;290;290;200;6,4,1,5,19,9,2,7,10,8,18,15,11,3,12,0,13,17,16,14
331;303;303;200;9,18,12,5,10,11,8,4,17,13,3,19,14,15,0,2,7,1,6,16
332;309;309;200;9,8,4,19,1,12,6,2,13,7,18,17,11,15,10,3,0,5,14,16
333;270;270;200;11,10,14,12,13,8,3,1,9,15,5,18,4,17,6,2,0,7,16,19
334;277;277;200;3,1,15,5,9,0,14,13,18,19,6,17,16,7,11,12,10,2,4,8
335;309;309;200;5,9,6,19,2,7,10,18,12,14,4,11,15,0,1,13,17,8,16,3
336;303;303;200;17,0,5,19,13,15,9,11,8,10,6,1,7,12,4,16,14,18,3,2
337;287;287;200;6,14,8,19,2,3,15,5,9,16,4,11,10,17,13,7,18,1,12,0
338;290;290;200;0,16,11,15,14,8,19,2,17,3,1,7,6,5,13,9,12,4,10,18
339;302;302;200;4,10,18,0,5,16,9,1,12,17,2,8,7,19,14,6,15,13,3,11
340;282;282;200;8,18,12,17,4,19,1,3,6,2,13,10,9,14,5,11,7,16,0,15
341;296;296;200;11,6,5,15,14,0,17,13,8,19,2,3,16,4,12,9,7,1,18,10
342;305;305;200;10,1,19,8,13,6,18,0,15,9,4,12,2,3,11,7,16,5,14,17
343;280;280;200;10,16,17,1,18,6,9,14,2,15,13,8,19,4,11,5,12,0,3,7
344;306;306;200;14,6,3,8,18,4,0,2,12,11,9,17,13,10,16,7,15,1,5,19
345;302;302;200;4,7,2,10,11,1,13,16,12,9,18,3,8,14,19,6,15,0,5,17
346;302;302;200;12,18,14,1,16,5,2,0,8,3,7,15,19,6,4,11,10,9,13,17
347;297;297;200;3,5,11,6,4,7,18,12,10,17,2,13,1,8,15,19,9,16,0,14
348;304;304;200;13,10,18,11,2,4,0,9,16,12,8,15,7,17,14,3,6,1,5,19
349;304;304;200;11,0,3,13,5,19,15,10,2,18,16,14,12,8,6,17,7,1,4,9
350;292;292;200;18,14,5,1,0,15,2,10,8,7,6,4,11,12,17,9,13,16,3,19
351;275;275;200;16,17,1,5,13,11,10,4,0,6,7,8,12,14,2,15,19,3,18,9
352;273;273;200;16,13,17,18,1,4,7,5,2,11,8,19,14,12,10,0,15,6,9,3
353;308;308;200;8,15,4,1,6,19,12,5,18,7,10,2,17,14,3,13,9,16,11,0
354;306;306;200;10,7,15,9,13,1,11,4,8,16,6,12,17,19,18,2,0,5,3,14
355;303;303;200;2,12,14,17,11,1,18,4,9,3,16,19,13,0,5,6,10,8,15,7
356;277;277;200;18,10,15,0,9,2,5,11,13,16,3,12,14,7,6,19,1,17,4,8
357;298;298;200;7,17,0,4,11,16,1,12,13,9,19,18,8,2,14,3,10,15,5,6
358;289;289;200;8,3,0,12,10,4,7,6,14,9,1,2,16,5,19,13,11,18,17,15
359;305;305;200;12,16,7,14,19,17,1,4,8,0,11,15,18,3,5,6,2,10,9,13
360;308;308;200;9,0,1,12,17,15,5,13,19,14,11,3,8,18,6,2,10,16,7,4
361;283;283;200;10,2,12,9,11,5,19,1,6,14,13,15,7,16,3,4,0,8,18,17
362;302;302;200;2,8,17,14,1,15,12,0,9,16,7,4,5,11,13,18,19,10,3,6
363;299;299;200;11,17,2,14,8,13,4,3,15,0,5,12,1,18,6,19,9,10,7,16
364;302;302;200;7,0,1,15,12,8,2,14,13,10,19,16,11,17,5,3,18,9,4,6
365;292;292;200;10,9,1,7,15,11,18,6,13,2,16,12,0,8,5,17,4,3,14,19
366;303;303;200;0,11,16,18,6,19,9,3,10,4,5,13,14,12,15,8,1,17,2,7
367;288;288;200;17,5,1,14,12,18,16,0,6,10,9,2,4,7,19,11,15,13,3,8
368;305;305;200;15,9,13,16,1,19,6,14,10,18,3,2,11,5,8,12,4,7,0,17
369;290;290;200;10,16,7,11,8,13,14,6,18,9,1,3,0,19,2,4,15,5,12,17
370;298;298;200;10,1,3,17,14,13,9,4,8,0,2,12,19,11,16,7,15,6,18,5
371;309;309;200;18,0,14,8,7,3,5,16,11,12,1,17,13,10,2,15,9,6,19,4
372;295;295;200;15,8,16,5,11,3,14,2,19,0,7,17,4,18,13,12,10,9,6,1
373;315;315;200;3,13,14,7,18,19,16,17,8,0,6,4,10,2,12,5,15,1,9,11
374;275;275;200;15,18,6,19,4,16,1,10,0,9,13,2,12,8,11,7,5,17,14,3
375;303;303;200;19,13,10,1,14,8,7,0,5,4,11,9,17,3,16,18,6,15,12,2
376;311;311;200;18,17,3,6,1,4,9,0,14,15,8,16,12,11,5,13,7,2,10,19
377;299;299;200;16,14,15,18,5,11,13,6,8,7,12,0,3,19,10,1,17,4,9,2
378;303;303;200;13,0,12,14,10,7,3,9,4,2,1,15,5,8,18,6,19,16,17,11
379;304;304;200;13,0,9,4,1,11,10,8,19,5,15,3,6,12,2,14,17,18,16,7
380;265;265;200;19,16,15,17,0,11,18,12,14,13,3,9,2,1,6,5,10,8,7,4
381;274;274;200;2,1,8,16,9,0,10,18,5,11,13,15,6,14,17,3,4,12,7,19
382;304;304;200;3,14,11,8,13,16,0,10,6,1,7,2,17,12,5,18,9,15,4,19
383;376;376;200;12,17,11,5,10,13,1,18,8,19,16,6,14,4,2,3,7,15,9,0
384;378;378;200;17,10,16,15,0,4,6,9,18,8,5,3,19,11,13,2,14,1,12,7
385;380;380;200;5,18,15,12,17,19,0,3,10,9,16,6,4,13,11,7,2,14,8,1
386;377;377;200;11,6,8,7,12,3,13,1,18,14,16,4,0,17,5,19,2,9,10,15
387;379;379;200;17,13,12,3,11,4,10,14,2,16,8,15,7,9,5,18,1,0,6,19
388;377;377;200;1,11,2,14,6,0,4,9,15,16,12,8,5,7,13,19,10,3,17,18
389;376;376;200;10,12,9,14,5,3,4,2,18,1,11,6,13,7,15,16,19,0,8,17
390;378;378;200;4,1,12,13,18,9,8,15,14,7,2,17,10,6,0,11,5,19,16,3
391;375;375;200;8,15,5,3,18,17,0,4,13,10,6,16,14,11,7,2,12,1,9,19
392;377;377;200;3,7,15,8,5,9,18,0,13,10,17,6,2,12,11,19,1,4,14,16
393;380;380;200;14,4,19,17,16,8,12,6,5,2,0,9,7,10,15,1,13,18,11,3
394;379;379;200;3,14,5,13,16,12,2,10,15,18,9,7,4,8,0,17,6,11,1,19
395;381;381;200;9,1,18,16,19,6,2,13,10,0,8,4,7,5,11,14,17,15,12,3
396;378;378;200;6,3,11,18,17,8,10,0,19,4,9,14,5,15,16,1,13,12,2,7
397;372;372;200;4,5,13,10,7,16,9,19,15,8,3,0,6,14,18,11,1,12,2,17
398;377;377;200;8,17,5,11,0,12,1,9,10,18,15,16,14,4,2,3,19,13,6,7
399;377;377;200;14,6,11,3,13,7,19,10,2,1,9,17,0,4,5,15,12,8,18,16
400;374;374;200;9,14,17,19,5,18,13,11,2,4,7,1,10,12,6,0,16,15,3,8
401;379;379;200;2,14,8,19,15,0,4,16,18,6,13,5,3,11,10,1,17,12,9,7
402;378;378;200;11,4,5,10,19,6,7,12,1,0,8,9,17,2,3,15,18,13,16,14
403;375;375;200;1,7,10,11,13,18,6,3,16,4,15,17,9,12,14,8,19,5,0,2
404;378;378;200;3,2,12,1,16,7,10,18,11,17,4,15,5,19,13,9,0,14,8,6
405;378;378;200;13,12,1,2,9,5,0,3,15,14,19,8,7,4,11,16,18,10,6,17
406;376;376;200;0,1,5,19,4,15,10,14,9,16,13,17,2,7,8,3,11,12,6,18
407;377;377;200;16,10,8,4,3,11,5,17,9,12,13,7,2,6,0,15,14,18,1,19
408;380;380;200;7,1,5,19,0,12,8,17,11,9,10,14,16,15,4,18,13,6,3,2
409;379;379;200;16,0,18,17,3,1,13,5,19,9,11,7,15,8,4,10,12,14,6,2
410;378;378;200;14,19,4,10,17,3,9,12,8,7,13,15,2,5,0,1,11,16,18,6
411;377;377;200;14,1,3,9,18,12,11,0,17,7,2,10,8,5,19,4,16,6,13,15
412;375;375;200;5,15,17,6,0,2,10,1,13,7,9,19,11,8,14,18,12,3,16,4
413;374;374;200;17,12,15,5,10,1,8,9,3,0,13,6,2,18,11,4,7,16,14,19
414;377;377;200;14,18,19,12,5,6,13,16,1,4,10,3,0,2,8,15,11,7,9,17
415;378;378;200;19,1,3,6,13,0,5,11,7,18,16,15,14,10,17,9,8,2,4,12
416;377;377;200;14,19,5,12,9,15,8,3,13,4,6,0,1,2,18,11,17,16,7,10
417;378;378;200;12,18,5,6,17,8,10,13,19,2,15,14,1,11,4,16,0,9,7,3
418;365;365;200;15,14,10,19,0,13,3,18,16,1,9,6,4,11,7,17,2,8,12,5
419;373;373;200;9,10,3,6,1,4,18,14,8,7,5,2,16,19,17,12,0,13,11,15
420;376;376;200;15,18,8,12,14,4,11,0,17,3,16,19,13,1,5,6,9,10,2,7
421;376;376;200;5,2,8,19,14,7,18,1,10,13,6,0,16,12,15,17,3,11,4,9
422;376;376;200;10,1,17,2,18,14,7,19,3,9,11,4,13,15,0,6,12,16,8,5
423;381;381;200;5,18,17,6,15,11,10,0,12,2,16,1,14,9,13,4,19,8,3,7
424;380;380;200;8,15,2,17,5,0,1,7,6,10,19,11,18,14,12,13,9,16,3,4
425;378;378;200;2,7,4,0,14,12,10,17,3,9,1,6,19,5,13,11,16,18,8,15
426;382;382;200;9,2,4,3,0,12,18,6,16,8,15,17,14,10,7,5,1,11,19,13
427;380;380;200;7,8,10,4,1,15,17,9,3,11,13,16,5,18,19,14,12,0,2,6
428;354;354;200;15,9,19,5,8,11,4,18,17,2,7,3,1,16,13,12,6,0,10,14
429;379;379;200;4,8,6,13,16,0,10,7,14,19,3,12,15,2,1,18,11,5,9,17
430;381;381;200;13,12,9,1,14,8,10,6,17,4,0,18,19,7,5,16,11,3,2,15
431;377;377;200;12,14,17,3,7,16,18,19,0,6,10,4,1,11,15,13,2,5,9,8
432;376;376;200;0,16,12,17,9,3,2,18,4,1,8,5,15,11,7,19,10,6,14,13
433;375;375;200;13,2,4,6,8,18,16,11,7,5,1,9,0,12,3,17,15,19,14,10
434;379;379;200;15,13,3,11,0,6,18,10,5,19,16,4,14,9,12,2,17,1,7,8
435;373;373;200;12,19,11,16,4,1,2,10,3,0,18,15,7,14,5,9,17,8,6,13
436;380;380;200;10,5,12,1,16,13,17,0,3,11,14,7,19,4,15,6,18,8,9,2
437;378;378;200;0,6,8,3,5,16,13,14,9,7,12,19,1,11,17,18,2,4,10,15
438;304;304;200;8,19,9,5,18,0,13,14,11,16,3,12,4,15,17,7,6,1,10,2
439;382;382;200;17,16,9,3,11,18,1,13,19,6,0,4,8,10,2,15,12,5,7,14
440;383;383;200;1,5,2,15,14,16,18,10,3,7,17,13,8,19,4,12,9,6,0,11
441;380;380;200;7,4,17,12,18,2,13,3,10,0,1,16,5,6,15,19,9,14,8,11
442;379;379;200;14,15,17,7,16,5,1,0,4,3,13,10,8,6,18,11,19,9,2,12
443;377;377;200;1,12,4,16,11,7,14,10,17,8,2,15,5,13,19,6,9,18,3,0
444;379;379;200;15,7,17,6,16,12,18,5,1,10,2,14,9,8,19,4,3,0,13,11
445;371;371;200;8,13,6,18,11,4,14,2,3,0,19,15,12,16,7,5,17,9,10,1
446;378;378;200;15,9,16,13,19,4,7,2,18,14,6,10,1,8,11,17,5,12,0,3
447;377;377;200;3,1,15,5,7,4,18,14,8,10,6,0,19,12,17,11,9,16,2,13
448;379;379;200;15,19,17,9,4,6,18,0,2,12,16,13,14,3,11,8,5,1,10,7
449;379;379;200;18,14,16,3,2,4,17,8,10,7,6,1,15,19,13,5,12,0,9,11
450;379;379;200;1,8,11,10,14,13,0,16,3,18,6,15,17,12,9,2,4,5,7,19
451;380;380;200;11,0,14,1,17,2,13,16,3,4,10,7,19,12,8,6,18,15,5,9
452;373;373;200;18,0,15,13,17,9,3,1,11,12,19,14,8,5,6,2,4,10,7,16
453;378;378;200;16,2,17,19,3,1,14,0,8,4,5,18,10,13,6,9,15,7,11,12
454;378;378;200;10,11,5,8,9,19,15,1,13,16,0,14,4,6,2,7,18,12,3,17
455;379;379;200;4,9,12,11,16,2,17,19,18,8,0,15,14,3,13,6,5,1,10,7
456;377;377;200;13,10,16,0,18,8,4,15,7,2,1,12,6,17,3,19,5,9,14,11
457;316;316;200;9,8,1,11,17,0,5,18,12,13,2,16,6,3,19,4,15,7,14,10
458;372;372;200;9,2,8,18,4,7,0,17,10,16,12,19,5,1,6,3,11,14,15,13
459;374;374;200;3,13,15,4,17,14,9,5,7,12,6,1,11,18,2,19,10,0,16,8
460;376;376;200;10,4,18,17,9,16,6,7,1,11,0,14,8,5,3,12,15,19,13,2
461;375;375;200;3,4,6,15,0,5,16,9,13,18,2,14,19,11,10,12,17,7,1,8
462;372;372;200;12,5,14,0,10,18,19,7,9,1,15,8,6,17,3,13,2,4,16,11
463;376;376;200;18,1,7,8,12,0,9,3,13,2,14,11,4,19,17,16,5,6,10,15
464;373;373;200;8,5,4,17,2,0,9,7,1,13,3,12,15,19,10,16,11,14,18,6
465;377;377;200;8,15,6,19,1,10,13,18,9,7,0,11,14,16,2,5,4,12,17,3
466;377;377;200;4,14,16,15,12,18,17,3,11,7,19,1,0,9,2,6,5,13,10,8
467;371;371;200;5,14,2,3,10,19,9,18,12,7,17,13,16,4,1,0,15,6,8,11
468;376;376;200;1,6,2,0,17,10,7,13,12,19,8,5,14,15,16,3,9,4,18,11
469;374;374;200;0,16,17,8,4,2,10,19,14,5,13,15,9,6,12,18,7,3,1,11
470;374;374;200;2,6,18,0,14,1,9,19,16,4,10,17,12,15,3,8,11,5,13,7
471;371;371;200;10,6,16,1,8,13,2,12,14,5,7,11,0,15,3,17,4,18,9,19
472;372;372;200;12,2,16,19,6,4,0,5,15,7,8,18,17,13,9,3,14,10,11,1
473;374;374;200;3,5,11,17,18,19,4,7,13,8,14,9,2,15,0,12,6,1,16,10
474;375;375;200;1,6,12,15,18,16,17,14,0,19,13,5,8,4,9,3,7,10,2,11
475;375;375;200;9,2,11,16,6,19,13,7,8,15,12,3,14,4,17,5,0,1,10,18
476;332;332;200;5,6,8,19,16,14,0,10,15,13,11,9,2,1,7,3,18,17,12,4
477;378;378;200;1,7,19,6,2,10,5,17,3,12,18,0,16,11,13,15,14,9,4,8
478;376;376;200;19,15,2,7,9,6,10,18,3,13,4,16,8,0,11,12,17,14,1,5
479;371;371;200;16,3,12,4,14,17,2,19,13,11,8,9,0,15,18,10,1,7,5,6
480;372;372;200;3,11,12,16,9,4,1,0,10,7,5,17,2,14,8,18,6,13,15,19
481;374;374;200;12,14,7,17,10,16,0,4,19,5,8,13,15,6,1,2,18,3,9,11
482;371;371;200;17,0,15,3,9,8,10,19,1,2,16,7,5,18,11,12,14,4,13,6
483;372;372;200;13,5,11,3,9,6,12,16,15,1,0,19,14,18,4,8,7,10,2,17
484;376;376;200;3,13,16,0,5,17,18,11,2,4,10,15,19,8,14,9,12,1,6,7
485;341;341;200;2,18,14,6,5,17,0,4,12,13,3,8,19,7,11,15,16,9,10,1
486;373;373;200;14,19,15,0,7,17,8,9,2,1,5,12,11,18,3,13,4,10,16,6
487;374;374;200;19,7,12,15,13,17,10,1,2,16,4,11,0,8,3,14,6,5,9,18
488;372;372;200;19,17,14,8,11,13,4,0,9,1,5,6,7,12,3,16,10,18,2,15
489;372;372;200;9,0,2,4,7,1,8,11,6,15,10,14,16,5,18,3,13,17,19,12
490;373;373;200;2,6,7,17,18,10,4,12,14,5,19,11,1,0,8,3,13,15,9,16
491;374;374;200;0,11,4,3,18,7,12,6,9,2,10,5,8,19,1,16,15,13,14,17
492;372;372;200;6,12,15,19,4,11,10,8,5,14,16,1,3,9,2,0,13,7,18,17
493;375;375;200;2,10,12,11,8,17,7,0,4,13,16,1,14,6,3,5,15,19,18,9
494;374;374;200;14,11,15,3,8,19,18,9,0,16,10,13,12,4,2,6,17,1,5,7
495;373;373;200;5,2,12,11,18,16,0,3,13,15,7,17,9,1,19,14,8,10,6,4
496;374;374;200;3,11,16,15,1,2,18,10,13,12,5,0,9,19,17,8,14,4,7,6
497;374;374;200;4,2,8,3,0,6,14,9,19,16,10,7,17,1,11,18,15,13,12,5
498;373;373;200;12,9,16,1,7,15,2,11,6,13,0,19,5,18,17,3,4,8,10,14
499;372;372;200;6,8,12,19,10,5,3,13,1,7,15,18,0,16,4,2,14,9,17,11
