0;1750;1750;2600;16,15,19,21,29,3,25,6,11,2,30,13,5,28,22,0,17,1,33,26,20,34,7,8,12,9,24,10,27,32,23,14,4,18,31
1;1615;1615;2601;4,7,25,13,12,8,10,11,0,2,20,1,21,32,33,31,18,27,9,26,5,34,24,3,15,23,16,29,28,17,19,22,30,6,14
2;1899;1899;2601;21,11,30,2,8,31,24,20,22,25,1,32,4,12,29,9,10,17,26,33,0,15,13,5,19,34,28,3,6,7,16,27,14,23,18
3;1881;1881;2600;27,20,10,31,9,15,2,7,21,1,17,19,29,18,32,4,8,28,26,33,16,30,11,12,22,0,34,6,3,14,23,24,5,25,13
4;1870;1870;2600;17,1,16,11,19,14,5,8,23,31,33,34,9,10,7,2,0,15,21,26,30,20,22,3,12,28,6,29,32,27,18,4,25,24,13
5;1913;1913;2600;11,27,25,24,5,6,9,29,34,16,26,3,28,13,20,30,32,4,0,12,8,17,7,21,19,33,10,15,23,2,1,14,22,31,18
6;1900;1900;2601;18,21,13,11,1,24,0,33,29,31,20,32,19,2,17,27,7,12,25,8,6,3,15,5,34,16,23,9,26,10,22,4,28,14,30
7;1905;1905;2600;23,15,7,0,26,21,28,24,17,4,32,33,29,2,14,27,12,34,25,8,11,6,31,1,22,16,30,10,5,20,13,3,18,19,9
8;1834;1834;2600;18,20,9,27,22,33,34,26,7,0,10,3,28,5,12,1,19,30,14,15,25,24,2,6,8,11,32,4,21,23,31,29,17,16,13
9;1907;1907;2601;17,15,22,19,20,6,30,13,0,5,29,7,18,3,16,32,4,11,26,27,23,9,28,31,8,10,24,12,1,33,25,34,14,2,21
10;1907;1907;2600;8,20,34,29,22,18,30,28,26,25,15,21,27,2,19,24,14,3,6,5,1,33,23,10,4,0,9,13,12,11,16,17,32,31,7
11;1905;1905;2600;10,20,17,18,29,1,21,13,30,24,12,2,9,31,25,32,8,3,28,33,27,4,26,11,16,34,19,22,15,14,6,7,23,0,5
12;1906;1906;2600;6,23,14,18,20,27,9,1,29,15,34,22,19,5,7,25,32,31,33,26,21,11,0,10,3,13,12,28,2,4,24,16,30,8,17
13;1910;1910;2600;16,10,13,32,19,9,31,30,11,17,3,28,0,18,23,4,15,24,12,26,2,8,6,5,27,29,21,14,34,20,1,22,7,33,25
14;1913;1913;2601;7,23,11,10,32,6,33,25,31,4,21,17,29,9,19,2,0,14,26,13,18,15,5,27,30,16,28,24,34,3,1,12,8,22,20
15;1844;1844;2600;10,21,23,2,34,24,17,9,14,15,27,26,6,5,32,12,31,25,20,28,19,13,29,3,30,18,11,16,7,22,8,0,1,4,33
16;1906;1906;2600;34,4,18,15,22,25,10,1,5,27,26,16,9,8,21,7,2,6,33,14,11,13,23,19,30,28,3,20,32,12,0,31,24,17,29
17;1907;1907;2600;24,19,10,21,0,30,7,17,28,23,1,2,22,20,11,13,8,4,3,26,12,27,18,16,15,33,29,5,14,25,32,6,31,34,9
18;1913;1913;2601;10,30,1,7,9,23,28,15,4,13,33,11,16,14,19,0,18,21,31,26,3,32,27,2,5,6,22,25,34,20,8,12,24,29,17
19;1912;1912;2600;27,25,30,19,9,18,12,31,32,28,15,7,11,23,10,33,20,1,0,13,24,17,26,4,6,2,5,22,34,16,29,21,14,3,8
20;1904;1904;2600;1,24,16,3,10,21,18,32,23,2,30,9,25,20,4,28,13,0,14,15,27,31,19,11,12,34,6,29,22,26,8,5,33,17,7
21;1909;1909;2600;11,26,3,23,13,27,29,16,10,33,19,18,8,9,1,7,0,25,12,31,20,32,5,21,30,6,15,22,28,17,14,2,24,34,4
22;1915;1915;2601;25,30,27,28,11,23,19,7,34,3,5,24,13,6,22,20,9,18,33,15,31,4,0,8,26,17,21,1,2,29,12,14,32,16,10
23;1912;1912;2600;32,12,23,17,30,24,21,2,10,34,7,1,28,25,0,5,14,3,15,26,18,31,13,4,9,16,19,8,27,29,20,22,11,6,33
24;1914;1914;2600;20,2,17,14,11,27,18,16,21,30,24,3,10,28,23,25,4,34,0,9,29,31,26,5,7,1,13,6,15,32,33,22,8,12,19
25;1911;1911;2601;5,8,7,1,13,33,31,24,20,17,2,6,34,0,22,32,29,21,12,15,3,23,27,25,28,16,26,18,10,9,19,11,14,30,4
26;1917;1917;2600;23,28,24,25,20,2,9,30,7,17,32,4,1,31,0,10,12,29,21,33,34,8,19,5,13,16,6,11,22,27,14,26,18,15,3
27;1903;1903;2601;24,17,30,21,11,3,18,9,6,2,23,25,10,15,14,4,19,16,33,1,32,7,34,20,28,13,26,29,0,8,12,27,5,31,22
28;1905;1905;2600;34,17,5,20,26,3,32,27,29,12,10,21,22,18,6,2,14,7,9,23,15,16,31,0,25,28,11,1,19,8,4,33,13,30,24
29;1919;1919;2600;12,9,11,18,16,32,21,10,1,7,19,8,24,14,17,2,25,0,31,4,27,6,20,22,5,30,28,15,13,3,33,34,26,23,29
30;1912;1912;2601;31,32,30,17,9,2,24,3,7,21,14,33,6,5,25,15,22,10,12,26,16,28,19,11,1,27,29,4,13,23,20,8,0,34,18
31;1913;1913;2601;9,7,24,27,1,21,18,2,16,25,8,32,4,0,17,23,11,13,12,34,33,28,19,14,22,29,5,15,6,31,10,3,20,30,26
32;1914;1914;2601;14,31,4,12,32,1,26,21,8,3,24,27,9,10,25,34,18,2,5,15,13,23,7,6,16,22,19,11,30,0,29,20,17,28,33
33;1912;1912;2601;21,7,20,22,15,11,2,27,14,9,31,10,6,1,34,19,5,18,0,26,3,28,29,8,17,25,23,33,24,13,4,12,30,16,32
34;1850;1850;2600;16,18,10,19,27,32,11,20,22,9,8,1,25,30,3,4,24,13,26,34,23,21,14,5,15,7,33,0,12,28,31,17,2,29,6
35;1913;1913;2601;34,11,15,14,10,28,32,4,30,6,22,24,3,27,21,20,5,18,12,26,0,19,7,1,13,29,8,17,16,9,25,31,2,23,33
36;1912;1912;2600;22,3,7,16,18,12,23,9,5,19,20,30,1,6,33,34,27,28,0,8,24,13,21,14,10,29,31,11,2,26,17,32,15,4,25
37;1904;1904;2600;11,16,20,17,1,2,32,7,8,12,19,29,21,14,15,9,18,4,26,0,6,13,33,5,28,31,30,24,3,34,23,25,10,22,27
38;1913;1913;2601;10,0,2,26,17,1,20,30,24,28,7,3,21,23,13,25,32,12,8,9,6,4,22,14,5,19,11,34,16,15,18,31,27,29,33
39;1916;1916;2601;10,21,7,11,2,14,32,5,17,1,0,6,4,8,19,23,34,29,15,26,31,3,28,24,22,33,20,30,12,13,9,25,27,16,18
40;1912;1912;2600;24,28,26,8,19,29,25,33,2,32,10,4,31,17,21,13,1,23,12,7,0,30,9,11,34,14,5,22,18,6,16,20,27,3,15
41;1917;1917;2600;31,24,9,30,15,3,25,16,11,4,17,0,28,10,2,7,23,26,12,32,29,22,14,20,13,33,21,34,8,27,6,5,18,19,1
42;1913;1913;2601;16,11,0,30,14,20,19,8,6,13,5,34,23,29,17,22,3,15,33,9,10,21,27,18,2,26,31,1,24,25,28,12,7,32,4
43;1910;1910;2600;22,31,9,6,1,14,32,12,29,17,25,7,18,33,5,10,21,34,27,20,0,19,28,11,15,3,30,4,16,8,23,24,26,13,2
44;1911;1911;2600;13,10,29,30,6,5,21,3,14,22,9,16,24,18,34,25,17,23,2,15,12,20,0,1,19,27,8,11,31,4,33,7,26,32,28
45;1908;1908;2601;15,27,7,31,6,5,22,8,28,30,3,29,9,18,34,1,14,12,19,33,26,11,32,24,21,25,0,10,17,23,2,16,20,4,13
46;1914;1914;2600;7,13,12,16,20,1,32,19,18,27,15,34,11,8,29,6,5,22,3,33,4,23,26,0,2,24,14,25,10,30,31,17,21,9,28
47;1905;1905;2600;2,27,32,4,20,15,11,19,26,30,10,33,0,24,21,3,25,28,8,14,13,31,16,29,18,34,9,12,6,7,1,17,23,22,5
48;1910;1910;2600;10,25,30,26,11,3,9,5,34,15,24,27,31,19,6,23,22,7,28,8,0,1,21,20,12,17,32,13,18,33,16,14,2,4,29
49;1909;1909;2600;11,22,2,13,12,0,29,23,10,6,34,4,17,7,32,5,8,3,31,27,15,14,21,19,25,20,33,26,18,1,16,9,24,28,30
50;1910;1910;2600;10,29,31,21,22,28,14,17,6,34,2,0,30,5,7,15,3,23,1,33,4,32,26,8,18,20,11,13,12,16,9,25,27,19,24
51;1768;1768;2601;32,10,25,9,31,23,34,18,19,0,11,3,27,12,7,4,24,30,16,13,17,22,26,28,6,15,8,14,2,33,21,5,1,20,29
52;1528;1528;2601;32,27,10,17,21,20,7,16,9,13,4,14,23,18,22,11,2,12,0,29,3,15,8,6,25,1,24,34,26,30,5,19,28,33,31
53;1342;1342;2600;17,3,9,15,28,1,10,2,31,26,23,25,33,19,21,16,30,18,24,7,5,13,4,14,0,32,11,27,12,8,6,29,22,20,34
54;1329;1329;2601;23,19,30,10,2,24,3,17,28,16,0,8,29,25,11,13,4,18,22,21,26,34,15,9,7,6,14,27,31,33,12,20,5,1,32
55;1484;1484;2601;4,22,19,11,10,20,25,28,30,7,24,34,13,5,16,3,23,15,9,6,8,14,2,1,26,29,31,18,12,33,21,17,27,0,32
56;1215;1215;2600;25,11,30,33,31,21,1,20,0,14,23,27,24,19,7,34,28,22,12,8,3,15,2,18,26,17,10,9,5,16,4,6,32,29,13
57;1213;1213;2600;0,17,23,25,18,33,30,14,34,20,31,10,2,24,22,27,3,21,28,9,12,1,8,16,32,15,7,19,13,6,29,26,5,4,11
58;1214;1214;2602;16,29,7,4,31,9,3,20,1,11,32,17,13,18,0,30,2,8,15,12,28,21,14,34,22,24,33,19,6,23,26,5,10,27,25
59;1213;1213;2600;21,23,19,2,24,9,7,33,22,17,4,28,15,10,3,30,29,31,20,25,0,14,6,13,27,11,34,16,32,5,26,8,18,1,12
60;1170;1170;2600;14,29,17,16,13,28,2,15,27,33,6,22,5,18,31,0,21,19,26,23,32,7,30,4,25,3,11,10,8,9,24,34,20,1,12
61;1635;1635;2601;30,21,19,31,14,3,13,2,17,10,29,7,4,33,0,1,11,20,15,26,23,22,5,9,24,32,6,25,16,34,8,27,18,12,28
62;1642;1642;2601;20,33,16,8,21,15,18,10,29,14,22,7,26,17,2,13,4,1,32,12,31,3,34,24,11,6,27,19,9,30,5,23,0,25,28
63;1673;1673;2600;19,33,24,23,17,13,16,2,28,15,10,7,11,0,20,25,29,21,30,31,6,22,14,26,3,4,27,34,8,5,1,9,32,18,12
64;1668;1668;2602;0,14,25,16,18,3,20,30,10,15,26,27,28,11,24,31,19,13,17,21,33,22,34,7,9,2,1,29,4,6,8,5,23,12,32
65;1611;1611;2601;2,20,4,1,33,17,29,0,7,32,11,23,19,12,21,16,10,9,26,8,31,5,14,24,34,30,6,28,22,13,25,27,18,3,15
66;1919;1919;2600;21,18,16,34,22,9,29,13,4,27,19,1,17,2,32,5,6,7,26,20,3,31,14,30,8,33,24,28,23,15,0,25,11,10,12
67;1768;1768;2601;33,28,11,1,2,8,27,17,18,0,13,26,19,16,25,34,14,21,12,29,15,4,3,24,32,5,9,6,10,23,31,7,22,20,30
68;1770;1770;2601;23,26,27,25,32,24,15,11,14,21,17,18,0,10,4,7,34,28,2,9,13,20,19,6,1,33,16,8,3,5,12,29,31,22,30
69;1913;1913;2600;15,20,11,12,6,17,22,29,3,31,34,19,25,5,30,32,24,27,8,1,16,13,4,28,9,14,0,7,21,18,10,23,26,2,33
70;1890;1890;2601;17,24,7,31,10,15,6,3,26,5,23,29,2,34,32,21,22,12,4,8,0,16,14,11,13,19,33,20,27,28,25,9,18,30,1
71;1682;1682;2600;9,7,31,23,17,8,18,10,12,29,1,0,22,2,5,6,15,21,20,26,11,34,14,25,24,13,33,19,28,16,3,30,32,27,4
72;1872;1872;2600;19,2,33,17,32,27,4,24,14,15,29,12,25,20,21,9,10,8,26,31,13,23,11,0,16,34,7,28,3,1,5,6,30,18,22
73;1855;1855;2601;22,23,10,13,19,17,8,24,11,21,9,30,2,7,3,16,4,25,33,28,6,18,26,14,5,29,15,20,31,1,32,34,12,27,0
74;1574;1574;2601;21,3,32,29,6,25,22,8,12,7,31,15,2,13,27,17,10,5,26,14,16,11,23,30,0,19,20,9,33,28,18,1,24,4,34
75;1877;1877;2600;15,9,4,23,7,10,14,6,28,8,34,27,18,5,22,1,11,19,31,12,3,33,24,26,25,21,17,29,2,20,32,0,16,13,30
76;1865;1865;2601;9,21,5,11,34,22,2,18,4,10,12,14,17,31,27,6,7,1,19,33,13,25,0,26,29,8,16,3,28,15,32,23,24,30,20
77;1613;1613;2600;27,12,8,28,15,29,32,7,6,20,5,22,16,11,13,4,23,19,26,14,17,9,31,1,2,18,21,24,34,0,33,10,30,25,3
78;1904;1904;2600;9,2,18,4,24,21,10,12,14,23,8,15,27,13,25,32,17,29,26,1,16,34,0,19,5,31,22,28,6,33,20,7,11,3,30
79;1916;1916;2600;29,7,33,9,16,17,19,10,11,0,13,3,20,23,30,21,1,4,18,2,32,15,12,6,34,14,31,25,26,24,27,28,8,5,22
80;1805;1805;2600;6,29,22,16,3,27,8,13,4,25,18,1,15,0,34,5,28,11,19,14,10,21,33,9,24,23,12,7,30,17,2,26,20,31,32
81;1849;1849;2600;8,32,18,17,31,16,3,2,13,27,14,1,21,34,4,29,11,33,26,20,22,7,15,6,0,10,9,25,30,19,28,12,24,23,5
82;1872;1872;2600;24,28,12,19,1,10,7,17,2,26,25,23,20,33,0,21,31,9,14,13,3,6,8,5,11,15,22,29,16,18,30,34,4,27,32
83;1699;1699;2601;7,18,10,0,2,1,21,27,8,17,4,25,13,31,9,34,11,3,26,28,22,15,24,29,30,6,19,16,5,32,23,14,12,33,20
84;1870;1870;2600;28,34,6,24,15,22,17,19,29,21,13,0,33,30,20,25,14,27,5,26,31,11,18,23,12,7,4,2,1,9,32,8,10,3,16
85;1878;1878;2600;8,28,14,19,9,11,21,18,15,23,26,13,16,1,0,33,31,4,32,12,27,7,2,17,22,20,30,5,25,34,10,24,29,3,6
86;1791;1791;2600;11,32,22,15,30,7,16,19,24,21,13,4,14,25,8,0,17,28,29,26,9,12,1,31,33,5,10,2,23,18,3,20,34,27,6
87;1873;1873;2600;23,17,20,34,29,5,32,21,11,16,0,27,2,31,22,6,10,13,18,9,1,26,4,30,15,25,24,3,12,8,33,7,19,28,14
88;1873;1873;2600;32,0,31,1,13,8,9,4,28,17,33,19,29,2,11,7,10,14,16,26,20,15,3,22,21,25,18,6,12,34,23,5,30,27,24
89;1657;1657;2600;10,19,17,16,15,1,27,21,12,18,2,20,3,31,7,30,26,33,14,9,4,25,22,6,24,8,23,11,0,5,13,34,28,32,29
90;1625;1625;2601;2,10,6,34,7,26,22,33,8,32,5,25,21,29,18,1,12,27,24,9,23,11,14,16,28,17,0,13,15,31,30,20,19,3,4
91;1615;1615;2600;23,7,34,8,1,21,14,17,33,28,6,29,19,2,10,15,5,3,22,0,20,27,12,4,31,11,32,30,16,9,24,18,25,26,13
92;1557;1557;2601;7,32,2,21,23,26,28,29,25,0,34,5,6,24,10,15,30,4,14,3,33,1,19,13,17,16,20,9,18,27,12,31,11,22,8
93;1325;1325;2602;23,13,21,24,31,6,22,2,27,16,17,12,5,10,34,29,26,25,20,30,15,7,1,19,18,3,14,28,33,11,9,32,8,0,4
94;1316;1316;2600;2,1,27,18,4,31,29,10,34,9,22,20,32,17,8,21,12,3,25,30,11,13,19,6,23,14,24,0,5,15,7,28,16,26,33
95;1315;1315;2600;18,14,19,17,15,8,13,25,11,1,16,32,29,10,21,4,24,30,26,31,0,5,33,12,6,23,27,20,7,34,3,9,28,2,22
96;1320;1320;2600;17,2,32,11,20,4,1,21,33,24,30,23,29,28,8,10,25,19,0,18,26,22,9,15,14,27,16,6,34,3,5,31,13,12,7
97;1321;1321;2600;16,11,15,1,25,18,4,0,8,23,31,21,10,19,32,12,17,2,26,29,28,27,5,3,30,9,24,33,6,34,13,20,14,7,22
98;1298;1298;2600;5,1,28,10,17,2,6,14,23,33,34,26,9,31,29,21,8,3,12,15,4,7,25,32,24,20,16,27,22,30,13,19,18,11,0
99;1308;1308;2600;1,5,3,18,7,6,33,0,34,30,24,22,20,25,11,9,19,28,14,15,31,17,4,21,10,23,16,26,8,12,29,13,32,2,27
