0;1963;1963;5202;25,11,19,34,16,10,30,28,4,29,31,38,23,3,37,13,6,15,21,12,35,0,17,18,2,24,36,27,33,32,39,8,5,14,7,1,22,9,26,20
1;2565;2565;5200;21,13,10,34,25,38,36,30,9,5,12,24,16,26,17,0,4,19,2,37,18,15,32,33,11,22,3,28,20,39,23,7,6,31,8,14,27,1,35,29
2;2547;2547;5200;15,20,31,29,21,12,13,18,25,9,4,28,38,35,22,7,26,33,30,39,1,3,0,6,27,14,8,32,36,37,11,19,24,23,5,2,17,10,34,16
3;2565;2565;5200;26,1,24,2,21,8,12,17,3,15,11,27,33,20,18,34,14,38,35,36,25,29,6,30,0,10,39,32,23,31,9,4,13,5,37,16,19,28,7,22
4;2562;2562;5201;32,18,12,11,6,8,9,16,3,21,7,27,14,5,30,20,26,10,39,25,33,0,2,17,22,31,37,34,36,35,19,1,23,28,4,38,15,24,13,29
5;2566;2566;5201;29,28,20,11,9,17,8,14,4,6,12,39,13,2,16,27,24,34,18,19,10,35,31,38,0,30,36,3,23,15,25,1,33,5,21,22,7,26,32,37
6;2572;2572;5201;0,16,22,27,39,15,17,9,31,12,4,3,34,25,13,5,36,30,18,21,33,24,26,14,20,29,38,10,1,28,2,35,37,6,8,7,11,23,19,32
7;2564;2564;5201;36,22,8,30,11,25,0,18,10,35,27,14,1,32,38,6,15,13,4,9,19,28,16,21,3,2,31,37,34,7,33,5,23,12,26,24,20,17,39,29
8;2568;2568;5201;9,11,7,31,4,19,0,35,37,24,38,2,20,17,3,12,1,13,21,10,33,16,27,22,18,25,15,34,26,5,6,28,14,32,36,8,39,23,29,30
9;2566;2566;5201;31,3,20,29,6,13,39,18,33,11,19,34,0,9,32,15,14,38,24,10,30,2,4,25,23,17,36,7,27,21,22,16,1,5,8,12,37,28,26,35
10;2567;2567;5200;6,33,1,3,13,32,34,39,12,21,28,11,31,36,27,4,9,37,20,5,17,7,29,19,18,23,16,2,14,24,22,8,0,26,15,38,10,30,25,35
11;2565;2565;5201;18,21,9,12,1,3,25,30,38,24,22,28,19,37,27,17,14,2,29,31,36,13,20,23,0,6,39,26,7,11,34,33,32,5,10,15,8,4,16,35
12;2563;2563;5201;21,11,17,35,15,39,12,38,13,29,34,0,30,22,36,9,19,5,7,26,25,2,16,1,27,10,28,23,4,6,31,14,8,20,37,18,24,33,3,32
13;2566;2566;5200;31,6,2,1,34,12,11,25,33,7,39,0,38,19,10,20,14,23,29,32,3,27,21,9,16,18,5,8,30,26,37,24,35,28,36,13,17,15,4,22
14;2547;2547;5201;30,28,19,34,22,11,33,39,37,18,2,8,10,36,27,25,3,21,20,13,31,9,29,12,1,15,4,23,26,6,32,5,38,35,16,7,24,0,17,14
15;2564;2564;5201;33,0,19,25,20,31,4,11,34,22,28,3,29,23,15,17,36,18,6,38,35,12,9,2,30,21,10,8,37,32,5,27,1,14,24,16,39,13,7,26
16;2563;2563;5200;18,1,9,25,38,26,21,4,17,19,20,14,35,7,32,5,15,33,13,3,6,0,2,27,34,22,39,16,8,36,37,24,31,23,10,30,11,29,12,28
17;2568;2568;5201;32,1,14,33,27,28,30,26,18,19,5,16,20,23,8,7,0,31,35,38,39,6,24,15,9,13,22,21,37,29,34,3,36,25,11,2,10,17,4,12
18;2562;2562;5200;23,34,33,31,28,11,3,19,37,35,12,14,0,39,38,20,9,15,13,16,4,8,27,21,10,32,26,29,24,17,7,6,18,30,2,22,25,36,5,1
19;2575;2575;5201;22,33,29,15,31,2,27,10,25,19,7,6,9,32,16,30,36,18,34,4,23,37,8,17,26,0,13,11,39,24,14,38,21,3,28,1,5,35,12,20
20;2564;2564;5201;16,12,6,0,25,34,7,11,21,17,22,3,2,4,15,24,26,28,35,32,39,1,29,27,33,10,38,31,20,9,5,23,19,14,37,18,13,8,36,30
21;2578;2578;5200;25,4,0,11,19,2,28,8,22,29,34,5,24,36,10,35,14,32,26,3,21,12,17,31,1,39,6,20,27,37,16,23,38,13,9,33,18,15,7,30
22;2565;2565;5201;19,28,16,32,15,2,27,10,33,36,30,26,22,4,37,8,6,18,17,1,21,9,11,25,12,0,31,34,35,38,5,20,14,3,7,13,24,39,29,23
23;2456;2456;5201;13,15,22,20,33,17,39,9,7,35,21,0,4,6,25,31,32,14,10,23,26,30,2,3,5,38,1,36,29,12,24,27,28,16,18,11,37,8,34,19
24;2583;2583;5200;22,13,31,36,30,24,0,21,15,34,38,17,27,6,33,11,7,3,35,32,23,29,14,12,5,16,10,20,4,19,28,26,37,25,1,9,39,2,18,8
25;2604;2604;5200;2,33,32,36,12,26,6,14,13,31,17,16,25,21,20,28,3,30,39,35,8,38,15,24,22,27,10,0,11,5,1,4,9,34,23,29,37,7,19,18
26;2597;2597;5201;20,36,38,29,39,25,30,11,0,35,27,12,24,8,19,6,23,18,22,15,26,37,32,34,14,33,31,13,5,1,7,17,2,3,10,21,4,9,28,16
27;2599;2599;5200;9,31,25,23,21,15,12,30,13,34,35,37,6,2,14,10,20,22,8,7,4,17,19,29,26,32,28,33,1,39,16,11,38,27,5,36,24,3,18,0
28;2596;2596;5200;30,35,0,18,6,31,10,33,22,21,11,8,34,4,37,36,26,19,7,25,20,38,14,16,27,17,9,29,15,5,39,3,2,28,1,12,13,32,23,24
29;2597;2597;5200;9,17,27,3,30,18,0,2,8,28,1,22,39,11,38,26,16,7,6,15,12,37,13,21,10,25,34,19,36,31,5,32,20,33,14,24,4,35,29,23
30;2599;2599;5200;3,2,32,38,36,14,30,18,26,34,7,37,6,5,17,4,13,21,39,33,12,22,15,0,16,31,1,24,20,10,35,11,19,25,23,8,29,28,27,9
31;2564;2564;5201;25,29,26,31,36,19,6,37,12,5,32,8,28,30,2,39,15,11,33,22,21,4,13,18,38,0,9,34,10,35,3,14,20,27,16,7,1,24,23,17
32;2562;2562;5200;21,25,0,27,12,6,9,34,16,37,35,31,10,8,22,18,24,29,39,17,14,28,15,5,19,7,20,3,30,32,4,26,13,11,38,2,23,36,33,1
33;2563;2563;5201;9,25,15,21,8,18,2,24,13,16,20,5,7,6,17,31,30,19,37,10,34,36,33,35,38,22,11,4,23,14,12,0,28,39,32,27,1,3,26,29
34;2574;2574;5201;4,35,8,9,10,28,11,39,37,36,0,38,22,1,19,15,29,24,34,31,2,26,16,30,14,20,33,17,12,5,7,13,25,27,18,32,23,3,21,6
35;2574;2574;5200;3,19,25,31,24,0,36,14,30,29,28,11,18,16,7,8,17,26,33,23,32,4,22,13,6,27,15,12,9,10,21,2,1,37,38,35,34,20,39,5
36;2575;2575;5200;27,26,23,8,17,34,2,33,24,1,36,21,35,22,15,7,37,19,4,30,10,11,18,13,6,32,3,28,29,25,0,16,39,12,38,14,5,20,9,31
37;2558;2558;5201;23,11,34,26,22,4,37,19,31,16,0,33,27,10,32,30,21,28,1,12,17,13,3,2,6,20,5,39,8,18,25,38,9,15,35,24,36,14,7,29
38;2536;2536;5200;4,16,21,14,26,12,9,11,27,20,38,36,13,3,7,2,30,31,33,37,8,29,34,25,35,1,22,10,17,5,15,0,6,32,28,39,19,23,18,24
39;2554;2554;5202;13,11,39,34,8,20,2,4,17,24,15,9,26,19,37,36,29,33,12,30,18,10,31,7,6,3,32,25,22,23,38,5,28,0,35,14,16,1,27,21
40;2588;2588;5201;26,12,6,17,23,21,9,39,29,0,7,3,14,1,8,5,35,4,37,15,13,22,24,10,25,19,2,27,16,31,34,36,11,28,20,30,18,38,32,33
41;2592;2592;5200;19,6,12,34,0,38,27,25,16,11,17,36,23,8,35,32,15,10,21,20,29,31,7,39,22,33,9,13,18,4,3,2,24,5,26,14,28,1,37,30
42;2586;2586;5200;23,3,32,20,26,13,9,15,39,1,5,7,18,6,2,21,4,17,11,16,22,37,19,27,8,34,12,33,30,38,28,25,10,35,0,29,14,24,36,31
43;2588;2588;5200;18,16,35,25,24,10,31,3,2,39,19,6,32,14,38,27,34,12,13,4,29,15,33,11,21,9,20,8,30,17,23,0,26,37,7,28,5,36,1,22
44;2588;2588;5201;38,33,13,0,15,21,9,5,2,39,37,35,27,12,30,17,36,26,23,24,3,8,20,16,14,29,22,32,10,25,28,34,6,31,19,1,4,18,11,7
45;2575;2575;5201;18,2,36,9,24,30,17,35,38,4,25,27,19,23,3,22,5,13,39,21,15,31,6,1,12,7,29,0,34,14,28,32,37,10,33,16,26,8,11,20
46;2507;2507;5200;37,18,28,32,19,25,10,8,3,30,36,35,23,14,11,24,26,31,22,2,33,15,16,34,5,13,7,1,27,21,29,12,20,39,4,0,6,9,17,38
47;2536;2536;5200;9,18,21,30,22,10,33,32,14,35,8,15,34,27,13,26,16,31,4,5,19,11,3,25,23,7,37,28,12,2,38,24,17,39,1,29,20,6,0,36
48;2571;2571;5200;18,36,26,8,28,35,5,24,9,27,1,34,4,25,32,12,13,38,14,30,31,22,3,0,39,15,33,6,20,23,16,7,29,17,2,37,21,10,19,11
49;2575;2575;5201;38,2,18,37,31,35,16,0,3,19,6,30,33,25,36,32,26,27,11,10,34,20,13,29,23,39,17,4,8,21,9,12,24,1,22,28,7,5,15,14
50;2562;2562;5201;9,2,18,23,3,0,27,8,4,24,7,35,15,16,30,36,11,22,25,37,19,34,31,21,12,6,1,5,17,29,28,20,10,13,33,39,26,32,38,14
51;2561;2561;5200;4,11,36,35,9,38,30,8,18,14,19,29,24,33,21,22,2,12,37,13,26,32,34,1,27,6,23,17,16,28,25,7,31,0,39,5,10,20,15,3
52;2570;2570;5200;6,23,10,27,9,32,2,39,12,7,0,4,28,26,8,29,15,35,30,3,22,36,38,11,13,34,18,31,16,33,17,5,20,37,21,24,19,1,25,14
53;2561;2561;5201;39,2,22,30,4,6,3,15,29,37,34,17,31,19,16,32,33,38,35,36,26,10,14,0,23,18,13,24,7,9,8,1,28,5,27,20,21,25,12,11
54;2567;2567;5202;11,37,2,29,6,10,32,35,27,34,1,19,4,22,3,30,18,31,9,17,26,0,14,39,33,38,23,20,28,7,12,5,13,16,15,25,21,8,24,36
55;2566;2566;5200;5,38,27,21,13,33,16,0,26,23,36,30,22,7,31,24,28,11,19,9,3,4,1,8,37,34,25,18,14,29,17,20,32,10,6,35,15,12,2,39
56;2571;2571;5201;22,14,7,16,36,29,17,24,31,5,19,37,20,4,25,26,23,18,15,30,35,32,27,13,2,39,38,9,8,11,1,28,3,0,10,33,6,34,12,21
57;2565;2565;5200;5,0,16,32,2,27,10,38,29,37,35,31,39,11,23,1,24,33,30,28,22,26,36,3,14,18,9,15,8,7,20,34,12,25,6,21,13,19,4,17
58;2568;2568;5201;22,2,13,1,17,10,15,18,27,29,35,39,38,36,23,28,4,11,14,19,8,34,21,0,9,37,26,33,12,31,16,24,32,3,25,20,5,6,30,7
59;2154;2154;5202;8,36,14,30,4,25,9,0,24,28,17,5,20,39,7,16,13,32,18,37,33,11,31,23,3,26,19,34,35,21,27,22,10,38,6,12,2,29,1,15
60;1834;1834;5202;37,23,39,34,29,11,27,3,12,5,35,36,1,25,10,7,22,21,4,28,16,19,26,15,13,2,33,0,20,30,38,31,17,8,14,18,32,6,24,9
61;1865;1865;5201;9,22,1,39,28,27,0,2,18,34,11,35,19,29,13,15,3,6,26,31,14,17,33,30,32,10,8,25,5,20,24,4,12,7,23,38,36,16,21,37
62;1800;1800;5200;34,13,37,31,4,26,11,32,8,39,24,14,20,21,27,16,25,18,15,2,22,3,19,35,28,33,10,17,38,1,5,9,36,30,6,12,7,23,0,29
63;2016;2016;5200;31,10,5,27,15,22,26,33,9,16,28,29,35,24,30,14,34,25,7,23,20,19,0,4,11,37,3,8,1,32,6,2,12,36,13,18,38,17,39,21
64;1992;1992;5202;20,13,10,18,15,30,36,3,35,37,11,19,14,9,27,34,5,28,32,31,23,29,38,0,39,12,6,1,8,25,2,17,4,21,33,26,22,7,16,24
65;1909;1909;5200;0,11,38,33,31,34,14,36,24,2,28,25,37,3,13,16,23,21,17,39,5,6,15,20,29,9,7,12,1,18,32,4,35,27,8,30,22,19,10,26
66;1883;1883;5202;6,3,2,23,1,26,32,39,16,29,25,15,20,7,5,31,11,13,9,37,34,4,36,21,27,12,35,0,28,19,8,33,14,24,18,38,22,10,17,30
67;1988;1988;5201;18,9,36,26,38,15,35,0,21,32,6,23,14,17,2,29,4,30,33,11,1,22,13,27,12,34,3,8,39,5,16,37,25,19,28,7,10,24,31,20
68;2605;2605;5200;37,8,20,28,11,17,4,19,13,27,23,15,2,24,29,18,39,35,38,7,12,26,31,0,6,33,34,25,22,14,36,30,1,9,21,10,16,3,32,5
69;2595;2595;5200;16,34,31,11,19,10,37,28,1,35,9,30,18,23,5,7,6,12,25,15,22,33,29,38,27,0,24,2,21,20,26,39,8,14,32,13,3,4,17,36
70;2607;2607;5200;9,16,17,33,2,20,26,31,39,0,7,38,30,24,14,8,34,11,12,27,35,1,32,13,28,37,25,6,18,15,36,29,23,22,3,4,21,10,19,5
71;2282;2282;5201;18,2,33,36,31,13,3,30,38,27,34,5,0,9,39,1,20,11,4,7,17,35,25,19,14,12,37,29,23,6,22,24,10,15,32,21,26,28,16,8
72;2426;2426;5200;25,21,22,16,10,13,0,27,35,19,28,4,1,33,37,34,8,38,2,15,18,6,39,12,30,3,36,29,20,14,7,26,9,24,11,31,5,32,23,17
73;2439;2439;5200;33,27,26,15,21,8,9,4,11,23,18,17,12,2,14,29,0,28,34,35,38,3,37,13,31,10,1,30,19,7,22,5,32,36,20,6,16,39,24,25
74;2524;2524;5201;30,18,21,8,24,9,37,36,11,0,17,5,14,10,28,7,2,31,29,3,39,38,27,16,13,35,26,23,34,32,4,12,15,25,6,19,33,1,22,20
75;2517;2517;5200;25,21,15,22,9,33,12,8,32,5,26,1,27,31,23,39,2,0,35,3,4,37,6,19,34,11,28,10,36,16,38,30,7,18,14,20,13,17,29,24
76;2555;2555;5201;28,21,15,18,19,9,25,27,16,30,4,2,33,38,10,22,20,37,12,17,6,34,7,29,39,3,35,1,14,13,5,36,0,24,23,32,31,26,8,11
77;2539;2539;5201;15,23,31,3,10,13,2,18,27,7,5,39,16,21,38,11,32,34,12,0,33,35,37,19,1,28,25,6,14,30,24,26,9,20,8,22,36,29,17,4
78;2550;2550;5201;10,28,32,1,30,13,35,0,3,15,29,25,18,12,17,5,36,11,4,2,24,22,8,27,26,34,9,33,7,23,31,21,19,16,37,14,6,39,38,20
79;2549;2549;5200;2,33,19,4,26,37,22,23,28,36,14,5,11,24,8,17,27,1,29,7,13,30,15,20,18,39,25,16,21,35,32,0,12,9,3,31,38,10,6,34
80;2554;2554;5201;39,22,34,31,9,10,29,15,33,0,11,4,8,5,38,26,2,32,25,30,18,13,6,12,37,35,19,28,3,17,21,7,23,14,24,16,27,36,20,1
81;2543;2543;5201;9,10,2,24,35,8,6,17,18,33,21,30,16,37,7,5,28,34,0,31,39,1,38,29,36,22,3,20,15,13,32,12,11,26,14,19,23,25,4,27
82;2548;2548;5201;9,22,39,8,1,10,30,18,25,21,36,32,38,12,19,6,16,35,27,4,11,29,2,20,37,34,33,31,28,5,7,0,26,15,3,13,23,14,24,17
83;2561;2561;5201;30,8,31,13,0,10,36,38,34,35,15,16,12,27,3,29,23,11,33,2,4,26,32,25,17,9,37,39,5,19,28,6,22,1,21,18,20,24,7,14
84;2561;2561;5201;17,14,3,38,24,34,37,0,36,32,13,4,35,19,23,15,10,9,6,21,18,30,12,2,5,27,22,31,11,7,39,1,25,16,20,8,33,28,29,26
85;2547;2547;5200;16,3,31,27,17,35,1,0,24,15,26,10,34,7,29,22,12,38,39,4,8,25,36,18,21,9,13,6,19,2,37,23,30,28,5,33,32,14,20,11
86;2545;2545;5200;29,1,34,12,16,21,33,26,35,5,24,13,10,22,20,31,23,37,9,11,6,18,27,28,19,8,4,25,14,30,0,39,15,3,38,17,36,7,2,32
87;2552;2552;5200;34,18,19,27,16,25,37,11,28,8,22,15,23,39,4,13,1,17,2,36,26,35,32,5,10,6,12,38,7,29,30,0,3,14,24,31,33,20,21,9
88;2556;2556;5201;27,1,22,32,3,10,30,6,2,33,18,15,31,28,35,14,21,23,0,11,39,16,13,29,4,12,34,38,37,8,25,17,24,5,7,26,9,36,19,20
89;2544;2544;5200;12,0,19,30,29,28,18,35,25,7,9,5,2,27,1,23,31,20,26,32,14,36,33,24,39,38,34,6,3,15,11,4,17,22,16,8,13,21,37,10
90;2557;2557;5201;13,25,34,15,12,2,30,18,10,32,26,16,0,3,9,38,14,1,28,20,31,37,17,29,7,11,5,19,6,35,24,21,36,27,4,33,23,22,8,39
91;2552;2552;5201;0,10,9,28,18,36,17,30,3,21,12,2,33,11,34,31,39,27,38,15,14,24,20,13,5,16,26,35,8,23,25,7,32,29,4,1,37,6,22,19
92;2545;2545;5201;35,21,14,27,2,12,6,11,24,9,3,10,39,30,17,28,18,34,1,29,13,19,15,22,31,33,37,26,38,32,20,23,16,0,5,4,36,25,8,7
93;2557;2557;5201;11,22,29,31,18,13,0,38,34,4,14,16,36,33,8,39,21,1,7,6,5,35,17,27,10,25,15,12,28,3,23,9,30,37,20,24,2,26,19,32
94;2536;2536;5201;38,34,2,24,16,36,30,35,0,37,20,27,6,19,5,14,32,13,25,33,28,3,26,22,18,15,23,17,11,8,29,1,31,9,7,21,4,39,10,12
95;2560;2560;5200;14,35,30,10,3,31,9,1,34,6,33,24,26,39,38,17,21,23,16,2,18,7,37,5,13,19,25,28,32,15,12,29,22,0,36,27,20,8,11,4
96;2568;2568;5201;27,6,23,3,4,11,34,32,26,33,0,29,38,37,25,17,39,15,18,20,16,5,9,13,12,1,24,21,19,7,35,14,36,22,28,10,8,31,30,2
97;2561;2561;5201;18,39,11,30,38,35,29,2,10,27,4,17,23,36,32,0,15,13,16,12,26,1,5,21,25,22,34,33,9,31,20,3,6,7,37,19,24,28,14,8
98;2575;2575;5200;10,20,31,14,33,29,4,24,8,17,15,18,1,22,3,23,2,38,34,27,19,28,36,37,11,25,0,30,35,13,12,9,32,21,5,16,26,6,39,7
99;2573;2573;5201;14,38,24,2,28,36,9,35,8,1,17,31,4,27,16,30,13,26,19,7,0,20,25,32,6,39,18,3,12,29,5,15,22,11,23,37,10,21,34,33
