0;4326;4326;12500;10,44,43,40,6,18,3,41,37,48,23,19,5,22,14,25,27,34,9,11,28,20,31,2,38,39,7,33,13,8,29,49,15,45,35,21,42,26,24,46,30,0,4,32,36,12,47,1,16,17
1;4335;4335;12501;46,19,43,18,14,12,15,8,13,30,41,47,21,28,29,48,24,5,49,33,22,6,36,17,37,11,20,35,25,23,10,42,16,9,40,44,2,27,3,39,32,0,1,34,26,45,7,31,4,38
2;4378;4378;12502;34,15,48,11,12,37,20,23,16,19,18,5,30,2,42,38,7,24,46,1,9,45,21,39,10,28,33,3,31,25,27,4,32,40,29,6,36,49,8,43,0,14,17,41,44,35,22,13,47,26
3;4383;4383;12501;29,1,28,9,8,25,12,32,35,17,6,19,11,16,44,4,23,2,30,34,40,15,21,39,3,49,47,24,42,46,41,48,27,13,26,33,43,36,38,22,10,31,45,5,20,0,37,18,14,7
4;4384;4384;12501;42,3,13,8,25,7,29,35,40,22,14,39,41,37,32,4,28,49,27,1,5,24,16,34,6,43,11,44,38,17,0,12,30,45,18,36,10,20,47,21,26,9,33,23,19,46,31,48,15,2
5;4383;4383;12502;40,39,4,17,14,33,37,21,30,0,11,32,12,25,18,29,36,10,47,22,20,8,16,34,5,13,2,31,48,24,7,23,6,44,45,42,27,1,38,49,46,9,35,43,15,26,19,3,28,41
6;4367;4367;12502;14,10,5,28,31,44,27,20,1,3,13,41,34,48,26,25,43,30,16,7,49,45,22,35,40,6,42,29,0,32,17,38,11,12,15,19,33,39,9,2,37,47,8,21,18,46,36,23,24,4
7;4335;4335;12500;4,38,30,32,27,20,28,42,1,34,26,39,3,33,22,18,14,16,45,35,48,23,46,31,25,49,0,44,6,10,24,2,8,36,12,40,19,9,15,47,21,11,41,43,29,5,37,7,17,13
8;4242;4242;12501;30,41,3,5,17,24,29,37,19,45,11,28,7,32,44,40,10,42,15,20,39,22,49,48,0,23,46,33,34,27,35,13,14,6,31,12,47,8,21,36,9,1,25,2,26,18,16,43,4,38
9;4338;4338;12501;22,12,46,36,35,37,23,4,30,40,20,9,26,18,25,21,5,44,0,48,42,10,33,16,2,31,49,41,34,24,17,29,27,15,14,28,13,11,8,32,7,38,19,3,1,43,39,45,47,6
10;4336;4336;12502;37,43,18,25,7,10,29,20,30,24,45,33,32,47,8,11,15,12,41,46,27,6,23,42,5,21,26,48,13,14,0,19,28,36,40,3,17,22,2,9,49,16,34,39,38,31,1,4,35,44
11;4347;4347;12500;30,19,28,6,27,25,36,9,40,44,21,42,1,14,18,23,22,35,29,8,0,37,43,4,47,34,39,11,13,16,45,12,38,32,2,46,3,20,15,24,5,48,41,7,49,10,33,31,26,17
12;4373;4373;12500;23,14,43,37,46,35,42,41,26,19,8,29,33,11,13,4,18,39,9,44,22,6,1,27,0,31,20,32,49,3,28,15,10,34,30,25,48,2,7,21,16,40,24,36,5,17,12,45,38,47
13;4341;4341;12501;41,1,11,36,8,44,28,37,33,30,2,48,38,35,45,19,4,6,3,26,40,24,10,27,47,25,13,22,31,17,20,34,18,14,39,15,16,43,49,42,23,29,0,21,46,7,32,5,9,12
14;4336;4336;12502;1,36,15,13,11,6,3,31,22,23,42,30,48,21,28,24,38,12,47,20,27,32,19,7,10,49,37,33,26,46,45,43,35,25,18,14,5,8,40,39,2,4,29,0,44,17,41,9,34,16
15;4322;4322;12500;41,0,47,8,43,26,42,38,44,36,6,11,49,34,35,17,3,19,5,18,2,14,13,4,29,37,1,28,30,45,39,25,12,7,40,48,21,10,16,31,24,46,32,23,9,27,33,15,20,22
16;4321;4321;12502;0,25,36,34,12,23,19,47,3,5,21,38,41,10,31,39,1,43,45,30,13,33,37,48,46,26,2,44,20,4,8,40,49,9,6,15,29,22,11,32,24,16,42,35,7,28,17,18,14,27
17;4326;4326;12500;29,10,21,9,23,4,19,20,31,5,22,2,17,25,15,45,8,12,1,36,35,26,30,39,27,16,34,37,48,46,33,49,32,3,13,0,41,40,7,28,6,47,38,14,44,18,24,42,43,11
18;4331;4331;12501;28,45,35,8,44,3,48,36,14,32,39,43,19,49,42,26,20,23,40,10,0,30,41,5,1,46,6,13,31,24,7,33,16,38,29,15,34,25,22,27,21,47,17,2,4,9,12,18,37,11
19;4343;4343;12501;20,30,42,8,11,32,26,22,37,31,23,2,0,39,33,19,13,14,15,28,49,41,5,48,29,3,34,46,17,10,35,7,16,24,9,6,38,43,1,40,21,4,47,27,25,18,45,36,12,44
20;4341;4341;12500;34,1,24,16,39,41,13,5,49,0,2,14,37,35,44,10,25,33,48,26,28,27,31,42,6,18,45,3,22,9,11,8,40,38,47,46,32,36,12,21,19,30,29,4,20,17,23,7,43,15
21;4332;4332;12502;28,10,17,12,47,34,36,46,9,19,11,42,38,6,30,27,39,5,45,21,0,23,35,32,15,49,25,40,37,48,16,8,14,31,3,29,18,7,44,22,2,13,41,33,1,24,4,26,20,43
22;4322;4322;12502;20,2,11,9,44,42,21,46,25,14,23,1,37,8,22,12,3,16,4,41,17,27,19,29,5,39,15,7,13,24,34,31,49,36,38,26,35,48,43,45,10,30,18,28,47,33,6,0,32,40
23;4354;4354;12501;6,34,0,38,23,39,15,25,32,2,1,16,24,27,42,28,8,20,37,9,49,7,36,44,12,35,43,41,11,10,21,14,13,4,22,26,5,45,17,29,18,31,47,19,30,46,48,33,40,3
24;4330;4330;12500;25,4,20,27,31,47,35,12,19,42,38,23,6,26,2,40,15,14,7,18,37,24,46,48,36,22,33,10,30,0,16,1,41,17,13,3,45,11,32,28,43,9,34,21,39,5,49,44,8,29
25;4323;4323;12501;14,22,20,2,25,29,30,23,45,3,8,31,10,0,47,38,39,35,6,36,17,16,48,19,18,34,12,5,7,32,4,42,46,43,28,37,26,41,24,40,21,15,9,13,33,44,11,1,49,27
26;4338;4338;12500;8,14,43,18,3,13,5,2,10,22,1,48,30,46,23,45,33,28,24,16,4,20,36,39,7,12,47,26,31,38,35,37,42,27,11,0,40,44,34,25,19,41,15,9,32,17,49,6,29,21
27;4332;4332;12501;19,13,15,26,2,33,29,23,31,20,10,5,38,27,25,34,17,14,30,39,3,22,47,16,18,36,8,42,48,21,40,28,46,0,41,9,37,1,43,49,6,4,44,24,35,11,45,7,32,12
28;4069;4069;12502;3,2,19,43,4,47,16,21,28,22,39,12,36,44,49,10,48,25,23,42,15,17,8,18,11,6,1,40,41,24,9,33,26,27,0,37,7,45,38,30,14,31,20,29,46,13,5,35,32,34
29;4218;4218;12500;4,7,0,20,15,18,6,32,21,49,26,37,23,12,13,16,42,38,3,19,47,29,30,46,25,10,17,36,14,43,31,48,24,2,33,45,22,8,1,39,28,11,5,27,44,40,9,34,41,35
30;4256;4256;12501;7,49,16,27,23,4,43,25,6,14,40,2,21,45,9,26,8,3,31,28,12,30,38,44,15,34,0,1,29,42,35,24,33,18,32,17,10,11,19,13,47,22,20,46,37,5,48,41,36,39
31;4105;4105;12503;31,4,42,16,28,35,39,22,46,40,12,37,29,11,3,23,25,15,17,45,14,27,20,32,2,0,18,33,8,9,7,30,49,48,1,19,6,38,13,41,26,43,10,21,44,36,34,5,24,47
32;4243;4243;12502;28,19,12,48,7,33,5,3,25,30,36,35,20,10,46,2,37,21,8,38,31,24,29,18,49,4,17,13,43,23,14,39,26,22,1,27,0,45,41,34,11,47,15,44,6,32,16,40,42,9
33;4117;4117;12501;4,21,46,36,18,33,29,19,8,2,39,17,0,47,35,10,6,11,42,44,41,34,37,13,32,15,5,23,7,14,25,9,40,43,3,45,12,26,30,24,48,49,28,31,27,38,16,1,20,22
34;3971;3971;12500;15,21,11,37,7,9,38,45,32,22,1,41,39,17,24,30,2,40,6,47,34,27,42,19,44,23,3,25,26,43,31,16,12,0,14,36,13,29,35,49,18,28,4,48,46,20,33,10,5,8
35;4320;4320;12501;49,16,29,44,7,27,25,23,21,42,46,1,38,2,40,17,20,3,13,9,0,36,15,6,19,39,28,35,34,45,47,10,11,43,31,24,30,41,33,18,12,37,14,5,26,22,48,8,32,4
36;4326;4326;12502;43,14,44,33,18,30,8,17,37,38,28,25,48,46,16,34,1,11,27,10,29,40,24,31,47,23,2,3,20,19,4,21,12,49,39,6,26,5,36,41,15,7,22,9,0,45,35,32,42,13
37;4339;4339;12500;48,38,40,14,1,36,30,11,37,15,27,23,22,9,6,34,39,28,47,10,20,2,31,44,45,13,5,21,8,33,3,7,26,12,42,32,4,25,41,24,49,18,43,29,19,46,16,17,35,0
38;4374;4374;12502;42,43,12,3,25,26,1,37,19,4,23,16,6,28,2,22,45,17,32,20,35,31,34,49,5,10,46,27,47,30,36,11,13,29,38,33,24,48,39,41,7,14,15,40,18,8,0,21,9,44
39;4337;4337;12501;0,48,12,33,2,7,29,11,49,14,42,45,13,18,30,41,1,24,19,5,39,32,37,38,35,17,34,44,26,46,8,20,25,21,16,22,15,47,10,6,23,28,43,3,36,27,31,4,9,40
40;4382;4382;12500;25,26,15,23,9,48,40,12,47,16,0,5,44,14,8,46,19,43,13,24,20,18,30,4,7,21,29,34,17,2,32,28,42,33,37,22,41,1,38,39,35,11,36,49,27,10,3,45,31,6
41;4368;4368;12500;2,22,13,39,30,14,24,1,43,35,44,18,29,31,47,25,6,12,4,8,48,41,5,17,37,42,33,40,16,26,11,7,3,34,23,46,0,32,36,20,15,9,27,10,19,38,45,28,49,21
42;4390;4390;12500;48,3,0,36,42,23,35,32,38,45,14,28,15,10,49,21,34,44,22,26,12,47,46,5,13,7,6,43,19,40,16,25,8,27,41,31,37,39,30,24,4,11,2,29,9,1,18,20,33,17
43;4375;4375;12500;5,32,21,14,23,31,27,24,44,8,34,22,28,1,41,36,0,16,4,10,18,46,7,48,43,33,13,45,3,6,20,17,29,25,2,47,42,12,30,19,38,39,40,11,37,35,9,26,49,15
44;4328;4328;12501;44,41,19,18,29,21,46,20,39,23,49,15,14,9,5,4,8,13,12,38,37,11,45,17,16,7,25,0,24,42,6,34,1,43,30,33,48,47,35,32,28,2,27,36,10,31,22,40,26,3
45;4370;4370;12500;36,2,12,26,30,5,33,31,37,24,3,39,40,38,45,18,10,35,43,49,41,19,9,22,4,48,44,27,28,1,6,11,23,20,8,32,13,47,15,42,46,0,25,21,16,14,17,7,34,29
46;4382;4382;12502;21,44,42,36,47,23,15,28,12,49,25,19,7,16,4,11,18,30,2,38,41,6,45,40,0,43,27,24,26,22,1,37,32,31,14,5,13,9,10,17,46,20,48,29,3,34,35,39,8,33
47;4375;4375;12501;19,30,42,23,47,16,4,20,18,40,34,29,37,14,8,15,45,36,27,33,46,13,21,48,2,49,0,43,31,5,38,35,6,11,26,17,22,32,9,44,25,1,28,12,41,7,39,24,3,10
48;4307;4307;12502;42,9,43,25,34,24,29,37,48,41,16,21,11,45,6,20,19,33,23,15,7,39,1,46,13,49,40,27,17,35,5,32,38,2,8,18,10,28,0,4,22,14,36,31,12,3,30,44,26,47
49;4376;4376;12501;13,33,1,18,22,32,45,0,17,27,9,21,29,15,37,43,23,2,12,41,16,7,28,6,36,40,49,5,35,44,42,24,19,11,20,39,10,8,46,47,3,48,30,25,34,4,26,38,14,31
50;4368;4368;12500;15,42,6,31,2,49,40,19,33,12,27,9,25,21,37,20,22,3,48,46,45,36,26,35,44,29,41,38,1,11,28,47,16,30,39,8,24,17,10,32,0,34,7,14,13,23,4,43,5,18
51;4355;4355;12501;3,15,25,45,33,28,46,11,44,48,21,36,24,1,37,19,5,17,12,38,20,22,7,39,10,43,30,23,27,31,6,35,26,49,34,18,16,4,14,42,8,40,32,29,13,9,41,47,2,0
52;4384;4384;12501;20,16,28,13,26,9,45,31,47,41,27,6,3,1,34,42,10,7,36,14,30,18,44,8,22,40,43,21,46,49,35,2,48,33,15,25,19,23,0,17,37,11,39,24,29,4,5,32,12,38
53;4379;4379;12501;16,40,17,44,41,5,34,15,28,37,42,1,13,48,12,25,18,26,38,35,27,24,43,21,45,49,9,46,19,0,39,22,20,6,30,32,23,7,11,47,31,3,36,2,33,4,10,14,29,8
54;4371;4371;12501;11,43,22,31,14,30,37,25,38,39,3,27,40,35,18,16,48,0,2,1,26,9,41,7,24,17,44,4,12,6,28,34,32,47,46,33,29,49,10,15,36,5,13,21,20,19,8,23,42,45
55;4372;4372;12500;26,2,5,48,45,3,25,38,14,27,42,17,7,47,35,18,37,28,49,4,20,10,33,30,12,31,46,34,23,22,36,6,29,15,9,8,41,1,32,19,43,11,21,44,24,40,39,0,13,16
56;4387;4387;12502;15,20,21,11,19,25,0,35,48,47,3,10,23,38,7,42,30,24,37,45,46,22,39,6,31,29,34,36,26,14,2,27,5,28,40,33,44,41,8,43,13,16,4,9,49,1,32,12,18,17
57;4316;4316;12500;21,4,22,36,25,47,23,10,29,15,34,20,37,19,12,26,7,49,39,16,40,27,0,3,18,32,9,46,33,48,31,11,35,38,1,6,44,13,45,43,8,42,2,17,30,24,14,5,28,41
58;4334;4334;12502;47,14,21,48,25,39,10,33,13,17,40,44,32,4,37,11,19,0,41,31,18,12,9,22,7,3,34,38,30,8,20,16,43,36,5,45,23,46,26,2,27,24,6,49,1,35,15,42,28,29
59;4310;4310;12502;12,18,28,34,30,3,25,43,37,11,38,14,16,13,26,17,6,48,15,49,20,22,8,33,31,2,23,40,4,46,10,42,45,21,0,44,9,47,24,32,39,7,29,41,1,5,27,35,19,36
60;4315;4315;12500;41,32,11,28,43,19,27,31,48,22,37,46,13,45,30,21,8,12,40,7,26,1,3,6,44,5,35,0,38,24,49,23,47,33,34,29,18,42,9,4,39,10,14,36,15,20,2,17,16,25
61;4312;4312;12501;11,5,9,35,16,0,33,22,2,17,37,29,48,27,41,23,24,18,6,21,14,34,45,49,1,32,44,8,13,7,39,43,38,36,15,4,31,10,30,20,26,42,3,19,12,46,28,40,47,25
62;4314;4314;12500;12,25,18,13,23,29,40,37,2,24,14,5,8,0,20,4,30,22,9,16,33,31,47,17,19,48,36,32,28,7,46,38,26,27,45,11,15,39,42,1,49,41,43,6,3,35,10,34,21,44
63;4312;4312;12502;15,8,11,41,9,33,28,24,42,1,4,39,37,34,46,32,7,25,38,5,16,40,22,3,18,30,48,14,44,35,13,17,19,21,49,26,27,10,6,0,43,12,23,2,45,29,20,36,47,31
64;4336;4336;12501;20,24,29,17,18,16,21,9,1,40,14,13,36,2,47,28,34,41,49,11,7,27,22,8,15,12,32,4,45,38,37,30,0,42,23,6,31,44,48,10,43,25,35,39,3,5,46,26,19,33
65;4318;4318;12501;31,44,43,36,49,48,11,29,40,30,4,2,37,47,26,1,0,19,9,14,13,46,8,33,18,5,35,27,41,17,24,25,34,7,22,10,6,38,45,42,21,20,12,28,23,15,16,3,39,32
66;4325;4325;12501;1,26,17,9,31,41,24,11,21,45,8,13,0,43,14,25,38,27,10,32,3,35,49,34,39,37,7,44,22,2,28,20,5,15,6,42,30,46,19,47,23,36,33,18,16,29,12,48,40,4
67;4325;4325;12500;36,24,26,15,49,21,22,25,11,34,35,47,16,12,17,40,13,30,45,38,3,1,39,43,4,37,28,2,42,6,41,33,9,31,27,23,19,18,7,20,5,46,8,32,29,48,10,0,14,44
68;4229;4229;12501;37,23,18,25,15,28,30,29,6,24,11,21,0,8,22,46,9,12,20,40,2,49,43,41,35,5,13,44,1,39,38,42,48,10,19,7,3,32,31,17,16,47,45,34,14,27,26,33,4,36
69;4374;4374;12501;46,18,36,33,21,40,29,38,49,19,3,10,13,42,25,30,12,22,28,16,32,2,14,26,20,15,0,4,47,7,31,17,9,8,37,44,1,43,35,24,5,39,23,34,41,27,45,11,48,6
70;4364;4364;12501;8,45,47,11,27,32,49,19,17,2,24,1,37,39,9,20,23,18,34,35,46,21,15,44,26,0,16,40,42,22,29,6,3,43,4,36,10,30,5,38,7,31,28,48,33,14,41,12,25,13
71;4340;4340;12502;39,32,12,15,49,42,41,33,25,34,26,23,5,35,43,1,37,14,38,22,20,30,10,31,46,0,18,11,47,48,2,4,36,6,3,7,17,40,8,13,21,24,44,9,19,16,45,28,27,29
72;4335;4335;12501;25,20,8,27,32,3,42,36,39,45,10,4,46,33,31,21,6,41,24,29,16,23,7,22,5,48,19,14,13,34,18,40,30,26,17,1,28,15,47,11,38,9,44,0,35,49,37,43,12,2
73;4337;4337;12502;23,30,19,33,47,27,25,48,36,15,9,2,29,43,12,8,41,28,3,10,20,16,31,21,35,42,34,37,46,45,49,13,18,39,11,4,0,14,17,26,44,7,32,1,22,38,24,6,5,40
74;4333;4333;12501;38,36,30,3,41,31,9,0,47,39,40,1,32,44,6,8,15,16,29,12,27,45,4,20,26,7,17,28,22,34,11,25,24,37,2,43,48,42,49,14,21,23,35,18,33,19,13,10,46,5
75;4337;4337;12501;17,12,19,8,4,41,38,33,47,37,16,36,31,30,44,40,10,39,18,11,22,26,43,35,46,24,2,49,0,3,20,6,25,34,13,29,45,21,28,15,42,7,23,1,5,14,27,32,48,9
76;4337;4337;12501;2,41,37,1,25,22,16,47,48,38,14,26,30,8,39,17,40,9,28,12,45,4,27,6,0,5,13,32,18,33,44,34,23,11,36,20,31,29,10,42,24,19,3,46,49,35,21,7,15,43
77;4324;4324;12502;19,28,38,6,8,15,5,14,32,30,33,23,4,0,48,13,22,24,34,49,3,25,16,20,10,29,12,31,45,46,42,21,7,2,35,27,41,1,18,43,40,39,36,37,47,26,9,44,11,17
78;4275;4275;12501;42,43,41,34,45,29,4,35,46,37,15,25,48,6,21,8,49,22,23,19,17,39,24,44,1,2,36,11,12,47,16,5,26,9,14,32,18,33,28,31,3,27,7,30,40,38,13,10,0,20
79;3871;3871;12502;37,24,33,22,13,29,27,15,12,44,14,16,2,45,0,28,6,48,49,43,18,40,1,32,8,39,9,25,41,4,21,23,11,47,46,26,7,35,5,31,42,36,3,17,34,20,30,10,19,38
80;4338;4338;12501;21,0,34,18,40,17,7,27,25,12,1,35,36,15,9,23,19,41,42,13,28,44,37,16,49,6,4,47,11,8,14,5,46,33,10,39,26,29,38,2,32,48,22,43,45,24,20,31,3,30
81;4327;4327;12501;22,19,46,5,25,41,36,35,11,42,48,38,15,23,17,49,32,26,16,24,2,3,39,27,29,47,6,1,28,37,45,8,13,12,0,14,10,33,34,44,21,30,18,4,7,40,43,31,9,20
82;4331;4331;12501;26,25,9,13,1,15,24,28,47,41,11,18,27,8,40,48,39,35,22,45,12,4,17,0,29,21,30,38,2,34,16,44,42,5,33,36,14,46,10,3,37,6,43,32,23,7,31,19,20,49
83;4275;4275;12500;1,22,32,38,31,48,3,33,27,45,10,41,5,11,26,35,23,29,15,39,46,30,40,0,34,2,9,20,24,7,44,28,47,36,18,13,17,43,42,12,6,4,19,49,8,21,16,14,25,37
84;4318;4318;12502;19,28,20,3,30,2,48,45,35,27,46,32,44,22,0,9,39,4,12,31,10,38,47,1,34,16,24,42,23,49,6,36,21,17,43,7,11,14,33,18,5,40,41,26,25,15,13,29,37,8
85;4317;4317;12500;19,9,12,8,10,16,39,11,21,25,36,42,37,44,15,49,7,2,30,23,24,32,45,48,35,46,4,38,40,0,27,5,34,29,13,41,1,33,31,17,28,22,18,26,47,6,43,20,3,14
86;4312;4312;12502;40,5,30,46,1,9,32,19,48,29,18,37,2,16,47,4,45,6,31,17,13,14,7,35,21,8,24,15,44,41,42,36,12,34,49,43,20,38,22,11,10,39,0,23,28,25,27,26,33,3
87;4320;4320;12500;30,14,19,23,25,11,43,36,8,12,3,39,5,16,48,1,26,32,29,13,37,22,31,10,17,47,4,33,20,28,38,41,21,46,15,45,27,24,18,35,34,49,40,2,0,42,6,9,7,44
88;4240;4240;12502;9,30,47,5,13,10,34,37,46,21,40,6,38,8,23,28,15,41,11,36,18,26,2,19,16,0,4,39,12,42,33,31,35,25,49,48,1,32,20,29,22,7,3,45,43,14,17,27,44,24
89;4323;4323;12501;3,0,49,24,19,6,30,12,25,35,14,45,2,40,43,23,47,46,41,5,48,33,32,22,18,29,10,31,4,7,20,28,13,16,37,11,34,42,26,8,27,38,17,44,36,9,15,1,39,21
90;4329;4329;12501;20,8,41,29,46,22,33,18,48,30,37,19,13,38,5,35,16,6,44,40,43,9,15,2,14,21,24,4,0,17,31,36,25,10,47,28,39,45,34,3,32,23,49,1,12,26,11,27,7,42
91;4333;4333;12502;17,3,24,27,49,31,41,2,30,12,44,15,26,45,6,21,13,34,18,9,0,29,43,32,14,16,7,1,47,4,36,28,40,35,37,25,39,5,46,11,22,38,19,42,20,10,23,48,8,33
92;4333;4333;12501;14,42,0,21,37,7,40,34,8,9,47,16,28,30,15,36,33,45,35,43,32,12,29,18,2,25,1,6,4,38,44,49,46,26,22,10,24,39,23,27,19,41,13,11,5,3,17,31,48,20
93;4345;4345;12501;30,41,40,42,5,7,34,49,21,19,1,29,16,48,6,20,47,36,43,27,17,23,28,44,35,24,14,46,45,32,0,25,3,18,33,13,2,26,11,31,37,12,15,22,4,39,10,9,38,8
94;4315;4315;12502;9,11,24,27,33,31,7,1,4,39,13,17,19,29,47,10,30,5,48,21,40,2,32,18,20,8,22,14,0,36,37,26,23,12,44,6,41,28,25,34,43,16,3,38,42,15,45,46,35,49
95;4335;4335;12502;33,18,39,14,46,23,26,44,40,20,30,3,2,48,16,12,1,27,17,19,42,36,5,21,8,35,47,29,10,31,13,45,11,38,15,37,25,43,24,7,9,6,32,34,0,41,4,22,49,28
96;4325;4325;12500;49,28,39,22,7,38,37,2,45,11,25,44,27,35,6,0,13,9,8,16,24,34,43,46,36,12,17,42,41,1,10,47,23,33,3,32,5,20,18,15,26,19,30,40,14,4,21,29,48,31
97;4330;4330;12502;3,23,2,10,29,33,30,45,40,46,0,20,31,37,28,11,4,36,26,14,6,38,27,8,13,39,18,34,7,32,21,5,1,44,43,22,19,25,16,24,42,15,9,35,47,48,12,17,49,41
98;4324;4324;12500;22,0,21,8,6,3,14,15,11,34,7,42,1,35,32,33,36,12,2,17,9,28,24,5,41,39,29,45,44,18,37,27,47,13,16,26,20,25,23,38,19,48,46,49,4,30,43,31,40,10
99;4336;4336;12501;42,10,47,20,2,14,0,16,29,3,17,30,15,21,36,18,35,26,28,43,24,23,31,19,32,7,48,46,22,25,5,6,13,4,44,33,49,37,39,12,45,41,40,27,38,9,11,1,34,8
100;4466;4466;12502;7,39,11,24,14,8,2,9,38,31,3,15,34,1,37,47,28,41,17,25,40,16,4,12,18,10,44,21,45,36,43,33,0,27,22,23,46,49,5,35,30,42,32,29,48,20,19,26,6,13
101;4577;4577;12501;27,46,3,2,1,36,0,12,42,11,20,28,16,15,6,41,21,5,35,38,48,49,10,29,31,26,19,23,25,30,45,40,44,33,39,43,9,7,17,18,37,14,4,8,32,22,34,47,24,13
102;4561;4561;12501;36,48,10,19,18,20,37,41,7,49,5,6,25,22,47,1,31,27,13,24,32,34,0,26,46,30,2,35,33,29,11,28,3,45,39,40,43,44,16,21,12,42,15,8,14,23,38,4,9,17
103;4568;4568;12501;2,30,3,49,6,15,32,31,9,12,4,7,20,0,46,11,22,35,43,26,36,33,1,48,45,27,47,28,10,40,13,44,23,37,39,18,14,5,41,8,42,24,34,17,16,38,19,25,29,21
104;4499;4499;12502;23,28,37,5,6,30,27,24,20,31,11,22,19,3,47,38,36,41,44,25,17,2,12,48,46,45,1,9,4,10,26,29,42,16,18,35,40,14,32,15,21,33,8,49,13,7,34,39,43,0
105;4562;4562;12501;40,43,4,13,14,6,21,25,15,3,12,29,28,9,22,24,42,17,0,7,23,20,18,2,19,33,31,10,1,8,30,39,36,26,47,11,48,38,49,37,41,5,34,32,44,46,27,45,35,16
106;4559;4559;12500;6,36,31,22,17,28,29,42,8,25,3,35,16,11,2,34,44,23,13,40,46,19,30,49,26,4,10,21,47,12,20,33,0,14,41,18,48,15,7,1,24,39,38,32,37,27,45,5,43,9
107;4561;4561;12502;28,36,11,13,12,9,44,8,34,18,33,16,4,24,25,22,35,49,10,7,19,47,37,42,31,21,32,3,14,15,26,29,38,41,40,43,20,23,30,27,0,2,17,39,6,46,45,5,1,48
108;4553;4553;12500;44,23,35,45,19,46,20,33,27,8,1,28,41,9,22,29,11,24,42,2,36,40,16,7,18,32,3,6,48,0,10,4,12,17,43,34,26,21,31,37,5,38,47,30,13,39,25,14,49,15
109;4581;4581;12502;2,14,41,9,26,27,5,6,28,48,0,20,4,1,10,49,7,29,12,11,3,40,22,18,17,32,8,33,31,24,30,39,47,45,21,19,36,23,16,13,35,25,15,42,46,43,34,37,44,38
110;4568;4568;12501;26,36,32,1,41,35,6,44,24,25,8,40,15,0,37,30,22,33,13,7,18,21,39,45,9,12,2,14,29,17,4,28,43,27,23,38,16,11,3,20,48,47,5,31,49,19,34,46,42,10
111;4557;4557;12500;47,23,29,27,44,15,9,22,41,7,40,32,11,42,1,30,20,13,34,25,21,17,0,28,14,24,49,12,43,45,6,19,4,48,38,5,39,37,2,31,3,46,33,8,16,18,36,35,26,10
112;4563;4563;12501;49,48,5,46,37,33,23,27,26,45,9,1,24,21,41,12,31,19,10,42,13,8,32,38,29,25,30,35,16,17,44,0,47,6,28,11,18,15,40,34,22,36,20,39,3,2,4,43,7,14
113;4575;4575;12500;20,49,38,8,46,23,48,32,24,39,9,42,35,17,25,28,10,37,7,16,18,33,11,14,45,12,19,29,15,40,21,13,44,30,1,26,22,27,0,4,2,31,41,5,36,34,47,43,6,3
114;4580;4580;12501;48,32,21,7,12,16,37,22,3,23,25,39,46,36,9,29,8,18,26,33,44,15,43,31,30,34,20,11,49,35,10,41,13,5,45,19,6,1,0,14,27,40,38,47,42,28,4,17,2,24
115;4570;4570;12501;33,5,48,45,20,43,44,11,15,23,8,47,42,41,3,38,46,30,35,18,32,31,13,1,14,7,24,6,29,28,0,21,22,19,26,34,17,25,4,40,37,36,2,16,10,27,12,9,49,39
116;4547;4547;12501;47,17,48,43,12,10,19,32,6,35,25,26,38,5,33,28,13,30,37,23,1,9,49,0,31,41,20,24,42,45,27,4,22,46,3,18,36,21,39,2,15,14,44,8,11,29,7,16,34,40
117;4488;4488;12500;34,39,13,22,11,41,44,18,32,42,30,21,1,37,28,17,7,24,15,4,40,23,2,31,3,14,43,27,26,8,9,5,38,25,20,16,19,47,12,45,6,35,49,33,29,48,0,36,10,46
118;4552;4552;12501;41,30,3,25,7,48,2,46,15,20,31,33,43,23,22,36,18,8,14,45,34,10,39,5,27,1,38,28,26,35,6,0,42,49,19,40,32,11,4,29,21,12,13,9,16,47,17,24,44,37
119;4571;4571;12500;9,6,37,44,24,4,2,17,28,3,22,49,19,21,41,46,16,29,30,45,5,43,47,15,27,26,42,40,12,25,1,11,35,34,38,36,8,14,48,32,39,20,7,23,13,10,33,31,0,18
120;4543;4543;12501;27,35,23,17,36,0,48,24,13,19,37,33,46,8,10,30,41,34,16,31,25,7,47,3,15,18,20,29,32,14,5,28,6,2,4,9,49,42,11,21,38,45,26,12,43,1,39,40,44,22
121;4566;4566;12502;32,26,36,38,18,12,7,14,35,10,24,27,2,20,47,43,17,15,49,48,31,42,45,23,33,25,0,30,19,46,6,28,39,9,11,1,44,34,5,29,21,13,8,16,3,22,37,4,41,40
122;4558;4558;12502;41,30,34,29,36,20,9,43,27,23,24,44,39,25,7,11,14,16,10,45,15,46,1,35,6,38,49,28,17,48,5,0,19,3,31,12,22,13,2,40,18,37,32,8,21,26,4,42,47,33
123;4568;4568;12501;34,44,27,0,2,9,17,8,12,26,48,6,30,41,1,11,39,22,36,49,32,19,42,13,28,5,35,43,45,7,46,23,33,29,40,4,18,15,47,16,20,10,14,37,31,3,24,38,25,21
124;4566;4566;12501;29,18,30,38,37,27,48,14,24,10,11,1,22,5,41,20,0,7,15,17,35,6,42,45,23,19,49,13,28,21,46,25,4,32,33,9,36,8,16,39,3,43,26,12,31,34,40,44,47,2
125;4534;4534;12500;29,41,42,20,16,34,7,0,36,32,35,39,19,40,11,6,26,27,9,10,31,24,49,17,38,25,2,43,47,22,23,4,5,21,18,33,30,8,44,1,15,3,12,46,14,28,37,48,13,45
126;4554;4554;12501;44,1,19,9,23,12,24,34,40,17,36,47,26,0,32,3,5,37,30,16,25,10,42,6,2,27,39,49,7,38,45,21,33,29,46,18,43,35,31,41,20,22,14,28,48,11,13,8,4,15
127;4569;4569;12501;32,39,0,16,7,37,24,18,21,2,8,46,15,38,49,13,22,45,42,11,44,35,14,1,6,47,34,25,41,9,43,36,12,26,19,10,40,27,33,23,17,30,5,31,3,4,28,48,20,29
128;4580;4580;12500;37,12,29,3,23,11,45,28,32,4,13,46,40,27,19,24,39,34,41,36,20,22,9,47,1,10,21,26,33,15,31,38,16,7,14,18,30,43,49,25,2,6,42,17,48,0,35,5,8,44
129;4553;4553;12502;9,34,28,21,19,42,1,17,18,15,29,40,33,11,6,43,5,23,14,46,27,4,41,35,38,49,2,39,3,12,24,47,36,30,8,22,26,37,20,13,25,7,16,31,48,32,45,0,44,10
130;4545;4545;12500;5,4,9,23,40,21,14,8,1,41,3,33,39,13,2,15,32,17,26,11,22,27,28,34,18,44,29,24,43,7,6,12,49,19,45,0,47,10,37,38,46,31,20,42,25,36,30,48,35,16
131;4560;4560;12501;33,35,31,16,19,39,47,4,9,28,3,46,41,1,42,36,15,10,32,44,2,11,7,8,43,38,21,18,14,13,40,24,45,17,22,0,48,37,26,34,30,25,27,12,29,20,23,6,5,49
132;4542;4542;12502;34,47,28,43,30,25,20,32,36,23,7,12,11,10,35,22,1,27,16,6,33,29,26,41,37,38,39,19,48,5,46,40,9,31,17,24,45,0,42,4,21,14,15,18,2,13,3,8,44,49
133;4552;4552;12500;9,43,18,21,42,13,28,10,37,45,36,15,6,40,39,2,0,20,30,7,8,11,3,32,17,14,31,4,12,16,22,27,23,35,38,49,34,25,33,24,29,19,44,46,26,1,48,47,41,5
134;4544;4544;12500;36,44,24,41,47,35,23,8,14,38,13,40,18,32,4,11,46,3,28,33,10,26,17,7,2,43,20,25,30,31,37,16,12,1,39,0,9,21,5,29,34,27,15,22,45,48,19,49,6,42
135;4479;4479;12502;45,34,37,38,42,16,25,9,49,12,47,19,36,11,8,2,14,22,17,39,0,15,4,35,32,46,23,27,29,21,33,20,40,44,41,43,7,28,1,13,3,18,26,48,31,24,5,6,10,30
136;4567;4567;12501;37,39,24,5,33,35,41,3,44,22,0,30,27,25,8,29,26,1,23,18,49,2,14,4,17,10,48,20,7,11,31,13,43,34,46,32,6,12,40,21,36,42,19,45,47,9,15,16,38,28
137;4552;4552;12502;48,17,0,40,3,19,43,46,7,20,28,33,47,30,14,37,5,8,27,4,16,12,13,36,32,31,26,34,18,2,24,22,49,42,15,11,35,25,44,6,10,45,21,9,38,29,39,1,23,41
138;4490;4490;12501;6,26,23,1,19,2,30,33,9,31,38,28,20,35,10,29,0,24,21,44,18,8,3,13,22,43,40,4,5,47,36,34,46,11,12,45,14,32,42,15,17,49,25,48,37,39,41,27,7,16
139;4566;4566;12501;11,9,26,28,23,5,36,29,15,6,45,38,14,42,21,3,44,48,4,35,19,10,25,40,30,47,20,46,7,16,12,34,13,37,17,8,41,32,49,18,27,0,43,31,1,22,2,39,24,33
140;4550;4550;12501;46,42,35,11,49,19,32,0,41,38,20,6,13,40,45,27,31,24,29,9,39,5,30,26,48,44,12,3,1,4,28,23,18,33,25,7,21,37,43,2,34,14,36,22,15,16,8,10,47,17
141;4577;4577;12502;41,30,19,36,23,8,47,5,44,46,18,17,37,0,6,2,27,16,12,15,43,11,40,28,29,24,4,49,21,35,9,1,42,13,3,33,10,7,38,39,48,34,32,31,14,20,22,25,26,45
142;4572;4572;12501;20,6,28,18,40,47,9,29,32,41,5,45,39,11,33,15,7,36,26,23,2,22,49,46,0,48,25,10,21,37,19,8,14,31,34,27,43,35,17,38,3,13,42,44,24,4,16,1,30,12
143;4556;4556;12501;47,16,10,37,49,7,25,21,12,23,39,11,14,19,20,41,29,38,34,4,2,8,18,43,22,28,0,36,44,33,31,27,9,3,1,42,45,5,30,46,32,35,26,17,13,40,15,24,6,48
144;4094;4094;12503;9,8,6,37,41,28,14,43,40,15,44,29,33,7,13,48,18,47,39,35,21,26,3,11,22,27,5,31,1,36,2,20,46,24,12,16,38,30,32,34,42,17,4,49,45,25,0,10,19,23
145;4556;4556;12500;30,12,18,20,7,1,19,28,22,40,3,32,25,5,29,24,8,23,37,44,9,11,21,15,13,26,47,34,42,16,39,33,46,14,35,2,49,27,45,38,4,17,43,36,10,0,48,6,31,41
146;4557;4557;12502;5,47,29,23,39,26,27,6,20,4,8,33,18,14,10,49,25,30,22,32,7,46,36,38,3,28,48,31,35,44,45,0,13,2,1,40,37,21,19,12,16,24,43,15,17,41,42,11,9,34
147;4557;4557;12500;3,5,7,25,43,45,41,34,6,9,32,28,21,37,39,20,30,49,46,24,14,1,35,27,2,11,44,42,15,22,29,8,4,13,12,48,0,47,18,33,38,17,10,31,16,19,26,36,40,23
148;4520;4520;12501;2,43,24,17,37,29,47,26,42,18,11,28,9,15,39,3,45,6,14,34,44,41,8,40,27,7,12,5,4,21,1,16,25,48,23,35,36,0,33,49,22,46,13,19,32,31,30,38,10,20
149;4529;4529;12500;22,45,35,10,14,12,38,1,27,31,40,29,20,3,25,0,43,24,32,48,5,13,26,28,36,23,47,4,33,19,18,2,44,8,34,6,17,30,7,9,11,46,16,15,37,39,41,42,21,49
150;4560;4560;12501;32,44,16,8,14,17,0,2,34,15,49,11,41,7,45,30,31,19,24,9,27,5,29,12,40,1,4,21,36,6,18,37,20,35,26,43,10,39,23,33,38,13,22,46,48,42,28,47,25,3
151;4487;4487;12502;36,30,5,28,44,35,40,34,20,9,23,25,1,47,10,6,4,12,27,33,19,41,22,18,46,45,31,43,26,48,3,16,15,24,21,49,7,17,11,29,8,38,39,0,2,42,13,32,37,14
152;4544;4544;12500;42,36,21,47,10,15,46,17,24,4,12,14,19,16,43,28,3,26,20,6,44,2,35,32,37,25,7,0,49,29,33,31,18,23,13,48,38,8,39,27,11,45,9,41,1,30,40,5,34,22
153;4540;4540;12501;28,44,23,29,37,1,25,30,14,49,33,35,46,41,42,26,3,31,27,17,34,39,43,38,12,24,8,18,5,13,48,2,11,4,16,6,36,9,10,20,45,47,7,21,32,40,15,0,22,19
154;4553;4553;12502;12,25,13,30,35,41,17,15,23,5,18,38,6,49,45,34,4,1,27,0,42,46,16,24,29,26,14,2,10,48,43,32,7,11,21,33,37,22,28,8,39,20,9,40,36,31,3,47,19,44
155;4544;4544;12501;33,41,36,23,12,10,49,26,37,39,11,13,47,34,20,19,9,15,28,25,24,22,43,4,27,44,31,1,3,0,6,35,48,2,16,46,32,8,17,18,45,7,42,14,29,5,21,30,38,40
156;4580;4580;12500;35,48,19,26,38,30,39,18,20,4,33,44,36,41,43,24,12,3,40,10,8,34,23,13,29,16,31,14,46,47,25,37,15,49,7,2,1,9,45,17,6,22,32,21,0,42,5,27,28,11
157;4562;4562;12502;7,46,31,3,14,49,42,12,1,24,28,38,27,4,45,34,9,8,36,11,43,47,44,2,16,41,18,22,0,6,25,17,20,32,30,21,48,15,10,19,40,33,35,13,5,23,29,37,39,26
158;4523;4523;12501;33,0,11,13,47,1,32,37,7,26,27,9,45,18,21,41,35,12,30,31,3,15,22,40,44,8,28,24,14,36,42,17,39,43,20,5,46,34,29,23,19,6,16,25,38,10,2,4,48,49
159;4553;4553;12501;38,37,1,7,29,10,41,6,12,34,40,11,20,39,44,19,43,27,5,8,4,18,9,15,30,24,22,17,21,16,36,2,45,33,28,49,35,25,42,26,13,14,32,0,23,47,46,3,31,48
160;4556;4556;12500;4,48,18,43,33,8,10,21,36,20,29,31,30,2,14,41,12,3,35,47,15,34,46,17,32,11,25,19,37,26,22,42,13,40,23,27,6,9,38,0,45,7,39,5,44,16,49,24,28,1
161;4556;4556;12500;15,43,48,19,11,37,23,38,10,47,49,35,46,8,34,24,41,44,12,25,32,18,21,33,5,39,13,7,26,29,30,20,14,45,0,1,22,36,9,42,40,16,28,31,3,6,17,2,4,27
162;4556;4556;12502;13,31,27,20,44,9,23,4,18,37,8,14,5,33,3,25,40,29,45,32,10,26,48,35,19,36,7,1,47,46,24,0,39,38,43,28,42,2,16,17,30,11,12,21,6,22,49,34,15,41
163;4490;4490;12501;47,33,42,3,27,46,6,20,1,25,31,44,23,16,10,30,41,11,15,4,28,0,19,22,43,12,35,49,26,40,17,9,37,38,5,45,21,24,13,14,34,29,7,32,8,2,48,36,39,18
164;4547;4547;12501;7,26,17,28,4,37,40,0,38,27,21,44,22,24,1,29,30,48,36,2,5,25,49,6,32,10,41,15,9,23,45,19,35,11,33,8,20,16,39,43,3,13,12,46,14,31,34,42,47,18
165;4565;4565;12500;6,21,17,31,40,33,12,3,1,23,43,20,9,22,28,34,2,15,45,4,19,48,10,46,8,36,24,30,29,35,13,26,0,25,14,39,27,5,41,42,47,18,11,49,44,32,7,38,37,16
166;4561;4561;12501;20,14,44,9,42,0,12,22,23,5,37,33,1,41,15,43,2,7,18,29,19,27,17,13,8,21,28,16,11,3,46,48,30,47,10,40,31,34,25,6,36,4,35,32,45,38,26,39,24,49
167;4571;4571;12500;37,5,1,20,3,18,29,9,22,4,16,13,12,43,38,34,46,24,26,0,39,8,44,41,15,21,40,11,42,28,2,23,25,14,19,31,35,33,47,48,49,30,6,27,7,36,32,45,10,17
168;4541;4541;12501;35,17,28,38,14,40,9,43,3,13,18,39,8,16,21,46,24,45,49,29,42,7,15,11,34,47,6,41,25,44,1,12,22,20,48,33,32,36,37,31,26,19,0,30,5,27,23,10,4,2
169;4546;4546;12500;20,46,11,3,42,12,22,2,29,31,10,17,39,8,18,13,48,6,40,36,0,9,7,43,14,15,4,33,32,34,16,37,28,35,27,26,45,30,1,19,24,23,21,49,25,47,38,41,5,44
170;4571;4571;12500;40,18,1,21,30,6,42,45,29,39,15,0,17,8,3,47,46,19,24,4,38,36,2,13,16,9,7,44,12,14,28,23,20,34,11,35,22,41,37,5,33,48,10,26,43,49,25,32,27,31
171;4547;4547;12501;9,20,15,10,43,40,5,41,22,21,23,25,18,0,8,6,26,36,19,30,13,38,39,37,12,32,4,44,11,34,33,28,31,48,2,47,42,27,45,1,29,17,3,24,16,35,49,46,7,14
172;4563;4563;12501;38,44,25,49,48,41,26,47,30,5,35,31,43,6,1,33,12,15,36,14,28,16,13,27,3,9,42,39,45,24,7,2,11,46,8,0,23,32,20,17,19,40,21,10,37,29,4,34,18,22
173;4576;4576;12501;13,47,27,20,8,28,39,11,2,44,37,3,24,31,29,15,0,1,35,22,36,33,7,5,4,34,30,10,26,32,48,19,21,41,18,14,43,45,16,38,40,25,9,49,17,42,23,6,46,12
174;4557;4557;12501;18,15,42,11,14,37,6,39,17,32,35,19,5,24,38,49,46,43,2,13,21,7,4,45,27,8,9,12,29,0,40,16,48,36,1,33,10,31,44,3,20,41,23,30,34,28,22,25,26,47
175;4541;4541;12502;11,2,48,29,8,18,47,12,31,7,21,37,33,20,35,34,49,25,39,40,19,46,22,36,26,30,42,14,24,10,17,3,0,15,41,23,9,5,32,27,6,28,43,44,38,45,1,16,4,13
176;4551;4551;12502;17,23,22,34,3,46,14,20,1,36,18,19,27,28,38,8,12,39,35,31,0,30,33,48,2,4,5,13,45,49,10,37,29,47,16,11,40,15,7,42,24,6,44,9,32,21,43,26,25,41
177;4584;4584;12502;34,30,17,1,20,22,29,5,9,4,39,37,48,12,31,11,41,47,46,45,3,24,38,0,13,19,2,27,28,26,33,23,43,44,49,6,32,25,42,15,40,35,16,8,14,7,10,18,36,21
178;4564;4564;12500;0,25,41,12,34,39,9,44,11,13,23,16,22,24,28,10,30,35,29,26,15,38,32,46,21,19,45,3,37,1,27,5,49,8,33,31,48,20,36,14,2,42,43,17,18,7,4,40,6,47
179;4578;4578;12501;37,11,26,25,0,30,27,9,36,16,12,6,4,13,17,45,18,1,28,8,39,40,38,47,44,5,21,2,41,15,7,19,29,33,31,48,22,49,10,23,14,43,35,46,32,3,20,42,34,24
180;4556;4556;12501;23,45,29,1,6,21,27,39,41,5,47,25,33,37,42,9,35,44,48,17,3,31,2,22,20,11,34,36,15,16,24,19,18,7,32,40,28,0,26,8,43,30,49,12,13,46,10,4,14,38
181;4550;4550;12500;2,42,23,34,41,17,40,24,20,46,9,39,37,21,19,22,27,43,31,5,33,26,48,12,18,29,0,4,25,30,38,16,47,49,1,13,15,8,10,3,36,45,14,44,28,11,6,7,35,32
182;4556;4556;12500;15,32,17,28,18,31,9,40,33,44,6,20,22,3,0,23,48,19,24,11,4,39,34,13,7,37,25,8,14,26,10,30,21,49,12,27,1,41,46,5,2,43,29,45,35,36,42,47,38,16
183;4576;4576;12500;13,33,26,14,17,23,5,38,15,36,37,22,42,29,46,41,47,24,40,48,25,34,31,49,11,10,3,2,20,19,35,21,44,7,8,28,9,27,0,1,18,6,32,45,16,4,12,43,30,39
184;4546;4546;12502;48,1,43,49,27,7,14,10,6,31,36,32,41,35,22,4,17,45,30,13,2,0,8,37,33,26,20,44,3,11,15,46,28,47,5,16,38,39,24,40,42,21,29,23,34,12,9,25,18,19
185;4541;4541;12500;43,11,37,28,10,24,17,48,46,42,21,20,30,9,44,25,26,19,23,34,35,3,18,22,13,36,49,8,33,31,39,2,14,1,7,41,29,6,16,45,38,40,15,5,4,27,47,12,0,32
186;4557;4557;12502;31,17,37,8,12,15,20,4,21,47,14,16,24,1,25,27,45,36,11,34,40,38,9,28,41,39,43,22,3,13,44,26,7,30,33,18,32,10,23,35,6,49,2,46,42,0,5,29,48,19
187;4568;4568;12501;0,15,39,42,32,26,49,3,7,6,43,28,4,22,14,25,33,40,18,13,41,24,27,45,44,2,5,30,35,9,1,11,21,17,23,46,34,20,48,37,31,29,47,36,16,10,19,8,12,38
188;4586;4586;12502;40,25,29,28,0,13,24,49,17,22,8,41,21,18,38,20,42,30,26,1,11,9,16,32,7,15,37,44,36,27,12,19,23,3,39,14,2,10,47,5,48,4,43,46,6,33,31,34,35,45
189;4568;4568;12500;6,23,10,0,39,25,49,2,45,12,35,21,47,36,48,40,19,43,5,7,34,16,15,32,42,30,38,29,46,20,13,9,1,22,8,18,3,4,44,41,11,17,33,24,26,28,37,27,14,31
190;4554;4554;12501;9,34,32,42,45,19,12,47,27,40,4,46,28,1,16,0,29,2,20,24,17,39,5,35,38,23,41,44,26,48,43,30,6,15,49,25,31,18,7,22,14,10,8,11,37,21,36,33,13,3
191;4529;4529;12502;18,31,9,46,20,40,15,37,6,33,28,19,27,36,13,26,35,0,42,16,4,2,12,21,47,34,29,11,10,25,23,8,17,30,38,14,32,49,48,5,41,39,22,7,43,45,3,1,24,44
192;4552;4552;12500;5,35,36,49,26,19,6,23,29,20,45,47,48,44,28,10,0,12,30,3,41,7,1,43,38,9,22,31,27,24,42,46,11,2,40,37,17,32,34,18,4,33,21,8,15,16,14,13,25,39
193;4562;4562;12502;11,40,0,14,30,29,13,33,43,25,35,18,7,49,19,4,15,22,42,26,23,48,36,32,47,20,10,16,37,21,46,3,27,31,6,41,34,1,44,5,45,2,9,12,28,17,39,8,24,38
194;4549;4549;12501;9,44,36,22,4,1,23,18,25,17,24,37,15,12,8,42,27,16,33,7,45,47,26,14,21,32,38,6,10,43,40,3,0,2,5,29,11,30,49,48,20,19,13,46,31,34,28,41,39,35
195;4575;4575;12502;32,18,29,23,40,36,9,42,7,16,19,4,15,2,21,17,25,24,13,45,20,35,46,34,6,31,0,39,30,10,49,8,11,44,1,38,47,33,43,22,37,41,14,5,28,27,48,26,3,12
196;4555;4555;12500;9,7,34,15,44,47,32,1,27,45,16,40,29,35,25,3,17,21,30,24,43,41,0,42,46,23,28,14,5,19,6,36,26,12,48,22,2,33,20,49,13,31,18,37,38,39,10,8,11,4
197;4554;4554;12502;26,30,21,7,18,2,35,1,13,8,6,44,28,27,9,14,15,31,16,23,0,40,48,45,34,36,19,47,39,10,32,41,5,4,24,11,37,3,25,42,12,33,46,17,20,22,38,43,49,29
198;4543;4543;12501;4,22,15,5,12,28,11,2,10,31,6,35,32,3,17,25,9,49,34,26,36,16,46,30,23,20,29,33,48,0,37,1,24,19,39,42,8,7,27,41,44,13,18,45,47,38,40,21,43,14
199;4531;4531;12501;36,18,26,24,13,3,16,7,1,37,10,20,22,14,31,4,46,28,12,2,17,30,35,32,47,5,0,33,39,48,34,27,40,23,6,38,21,41,45,19,15,25,42,43,9,8,44,49,29,11
200;4540;4540;12500;4,47,7,9,14,21,6,41,32,34,15,44,39,12,19,42,28,49,2,16,36,40,8,25,37,5,48,23,10,30,13,18,20,26,24,31,29,35,1,17,33,22,43,38,11,0,46,3,45,27
201;4566;4566;12500;2,23,25,35,0,15,19,37,47,21,42,41,40,11,17,12,27,32,48,29,3,31,18,22,7,43,49,26,33,14,20,24,8,9,38,16,10,6,45,34,30,44,39,13,4,1,46,28,5,36
202;4561;4561;12501;33,10,45,4,25,0,17,43,20,30,22,42,48,32,36,6,3,9,13,12,41,27,38,11,5,37,23,39,24,2,16,47,31,34,35,18,15,26,46,28,29,14,49,21,7,19,44,40,8,1
203;4552;4552;12500;9,41,20,8,18,13,40,14,4,47,36,16,5,17,34,32,46,6,11,3,39,33,35,12,2,24,0,31,30,49,43,28,42,29,7,25,19,37,21,44,26,22,45,23,15,27,38,1,10,48
204;4505;4505;12502;31,12,14,4,39,3,44,40,2,9,0,15,32,24,21,49,35,25,46,22,18,36,43,10,20,26,11,8,37,33,30,16,48,1,29,45,28,38,5,23,42,34,47,27,17,6,19,13,7,41
205;4487;4487;12500;34,8,39,7,15,18,42,43,23,11,9,30,0,24,1,5,45,38,29,40,41,49,27,44,25,16,47,12,21,37,4,17,26,2,46,31,19,10,3,6,36,35,28,33,32,48,20,22,14,13
206;4576;4576;12501;41,1,10,37,23,29,0,7,46,6,49,33,12,32,20,48,5,25,13,17,45,44,39,28,34,27,38,19,35,11,16,9,42,21,15,26,30,36,18,22,2,3,47,43,40,14,8,31,24,4
207;4562;4562;12502;23,12,8,6,28,44,25,43,15,9,37,14,4,34,21,49,26,35,46,41,3,2,31,20,33,18,5,13,22,16,39,38,1,48,10,19,0,27,47,40,36,29,11,30,32,45,24,7,17,42
208;4553;4553;12500;27,20,37,9,18,16,2,21,23,45,46,30,4,22,10,26,39,48,13,38,25,1,19,28,44,31,12,15,3,6,42,0,49,40,29,24,7,8,36,32,35,41,5,17,14,34,11,47,43,33
209;4466;4466;12502;14,0,18,36,47,10,45,5,46,23,35,25,30,34,33,11,42,6,44,32,29,24,17,13,48,27,7,1,8,37,19,20,16,31,12,39,22,21,2,26,41,40,38,3,9,43,15,4,49,28
210;4564;4564;12502;41,44,12,1,48,39,17,24,38,37,18,25,19,16,29,34,30,0,4,35,47,14,42,46,7,33,43,32,49,36,5,40,22,9,2,3,27,10,11,20,6,28,21,23,8,26,15,31,13,45
211;4565;4565;12500;23,10,34,11,7,49,15,12,33,9,37,14,4,42,2,46,38,41,35,25,29,16,45,18,30,8,21,5,17,40,13,20,32,27,22,0,39,24,43,48,6,1,28,3,19,26,44,31,47,36
212;4510;4510;12501;10,35,36,9,16,33,6,32,20,40,15,12,17,1,23,37,42,11,46,28,19,3,21,29,31,18,2,4,27,44,22,13,47,24,0,26,7,34,38,39,5,14,43,8,41,45,30,49,48,25
213;4571;4571;12502;19,1,12,47,28,17,9,40,25,42,5,44,6,29,0,38,3,46,15,36,49,16,45,10,32,7,24,23,13,41,14,35,43,48,18,39,8,2,30,4,11,27,37,21,34,26,20,33,22,31
214;4565;4565;12500;24,25,21,42,39,18,40,0,45,41,17,38,43,32,1,37,5,22,49,6,44,28,15,13,2,12,34,30,8,11,16,35,19,29,26,48,4,36,31,23,10,46,7,33,3,14,47,9,20,27
215;4555;4555;12500;14,20,22,24,2,9,17,41,6,43,11,13,46,8,45,15,27,29,30,42,4,31,1,3,35,33,0,12,28,44,18,38,23,48,39,25,40,47,26,21,34,19,49,16,37,36,5,10,7,32
216;4568;4568;12500;24,41,37,18,5,19,13,15,30,25,38,29,39,11,35,9,17,48,33,21,7,36,40,44,32,16,6,47,14,8,43,28,46,42,0,27,10,26,49,34,23,12,1,20,4,2,3,45,22,31
217;4571;4571;12502;2,22,19,49,43,24,27,41,17,5,44,6,1,29,0,45,39,26,13,28,9,35,40,7,3,12,46,32,15,25,38,42,37,23,20,31,21,18,47,30,33,10,8,16,11,36,48,4,34,14
218;4572;4572;12502;42,35,19,29,44,3,47,40,34,28,4,36,49,39,26,20,46,15,10,12,9,24,23,27,25,41,45,16,6,43,1,14,7,22,0,38,13,11,5,32,37,17,2,33,48,21,18,30,31,8
219;4556;4556;12502;19,5,30,48,37,40,46,39,2,24,31,17,28,21,23,47,22,11,27,13,32,18,42,33,10,8,20,14,36,34,7,45,29,44,9,49,3,38,25,16,6,41,4,43,35,1,0,26,12,15
220;4552;4552;12502;24,44,23,33,6,15,26,27,25,19,41,8,35,38,16,49,29,46,12,21,39,30,3,11,34,45,5,48,13,37,28,9,1,36,2,47,7,10,17,20,0,43,22,14,31,42,40,18,4,32
221;4575;4575;12502;18,46,24,49,41,19,8,4,38,27,21,0,6,45,44,30,22,33,35,16,1,5,13,32,40,29,14,28,17,9,7,48,42,3,34,47,10,15,2,36,20,25,12,26,23,39,11,37,31,43
222;4518;4518;12502;0,35,6,28,26,14,7,46,22,19,44,32,1,8,45,10,23,13,34,36,16,15,40,4,21,17,29,42,11,9,43,41,12,38,20,2,24,39,18,27,3,47,31,33,5,30,48,37,25,49
223;4478;4478;12502;18,40,47,45,30,17,36,29,2,5,38,21,24,48,23,46,0,31,35,41,7,34,37,39,13,8,14,16,25,19,11,10,4,26,3,44,15,43,27,49,28,22,1,20,33,6,9,12,32,42
224;4504;4504;12500;45,44,6,21,11,1,47,36,15,41,10,23,2,26,0,27,19,38,34,39,24,28,16,49,7,32,43,35,14,46,42,9,31,30,37,17,18,13,29,20,4,5,22,40,12,25,33,48,3,8
225;4504;4504;12502;9,25,11,7,5,27,49,24,22,41,38,40,37,8,6,47,13,1,48,45,0,33,28,18,17,4,39,44,36,34,35,14,29,2,43,30,16,3,19,10,21,31,15,23,32,20,42,46,12,26
226;4440;4440;12500;10,33,46,22,6,29,36,25,37,48,47,35,42,13,23,8,31,14,49,43,21,44,45,4,30,19,15,11,16,12,20,3,28,0,40,17,5,38,7,39,26,18,41,1,34,27,32,2,9,24
227;4554;4554;12500;41,29,19,37,26,36,46,42,22,20,47,9,21,30,11,8,35,18,14,2,33,3,4,39,12,31,16,1,40,24,17,5,6,49,32,34,38,25,28,45,43,44,23,10,15,48,0,13,27,7
228;4547;4547;12502;46,19,3,23,31,29,9,21,33,45,48,35,8,20,22,18,36,26,11,10,5,32,0,14,6,43,30,13,27,7,42,49,47,40,44,12,17,25,16,4,39,34,41,37,28,24,15,1,2,38
229;4562;4562;12500;20,28,36,0,34,30,47,49,16,24,2,43,33,35,5,19,1,27,13,14,10,3,22,7,23,48,31,45,42,25,46,17,44,26,40,18,8,32,6,11,4,15,12,21,39,9,29,37,41,38
230;4556;4556;12501;1,5,22,41,2,44,17,24,47,7,16,11,14,26,20,48,32,45,21,37,33,3,18,27,25,38,10,31,8,40,13,28,12,29,9,4,23,30,46,42,6,39,35,43,15,19,34,36,0,49
231;4581;4581;12500;16,37,27,8,12,21,3,1,36,32,30,6,34,22,28,0,42,14,13,25,17,23,26,44,47,10,15,9,7,24,40,45,35,20,4,11,48,29,38,2,39,49,31,19,43,5,33,18,46,41
232;4574;4574;12500;7,10,26,35,27,44,30,37,45,25,12,49,1,3,20,0,11,24,17,31,22,18,28,13,8,4,36,32,16,43,14,9,15,42,47,5,19,23,41,34,6,40,46,2,33,21,48,38,39,29
233;4569;4569;12500;20,48,41,46,6,14,38,28,35,3,40,1,12,44,10,37,4,5,24,26,16,42,0,30,43,32,22,8,49,45,13,47,33,29,19,31,2,23,27,15,34,7,17,18,25,36,9,39,11,21
234;4562;4562;12502;12,37,24,9,14,26,35,40,33,42,13,4,25,8,41,27,45,15,22,30,5,39,48,1,18,32,44,11,2,0,34,6,17,16,28,38,43,29,21,20,19,49,10,31,46,7,3,36,23,47
235;4563;4563;12500;18,0,10,8,37,2,4,40,22,11,7,26,33,12,44,36,38,25,48,28,49,6,19,14,31,1,41,3,20,43,47,9,16,15,45,5,21,35,13,17,24,23,46,29,34,30,32,39,42,27
236;4548;4548;12500;32,23,7,10,18,27,2,36,28,43,22,19,26,47,25,12,30,42,15,44,1,6,49,0,4,45,41,35,38,8,9,24,31,20,17,48,16,13,37,29,33,5,3,14,40,34,11,39,21,46
237;4571;4571;12501;19,18,26,24,20,28,31,22,29,5,6,4,3,48,2,35,8,13,43,30,47,10,9,40,36,21,16,25,0,46,12,27,39,23,34,37,45,49,33,1,7,15,44,32,14,41,38,42,11,17
238;4553;4553;12501;21,27,15,18,28,8,23,13,37,17,14,4,22,38,11,5,31,49,2,19,32,3,29,44,40,34,43,9,41,1,46,20,48,16,10,36,7,0,30,47,12,26,24,25,35,6,42,33,45,39
239;4566;4566;12501;9,5,41,48,37,35,8,47,17,18,44,14,4,27,12,28,1,34,33,13,7,16,36,11,40,32,15,39,30,0,26,42,19,38,31,22,2,6,10,25,20,3,45,21,46,49,29,43,24,23
240;4562;4562;12501;25,33,45,20,32,16,0,47,35,6,10,46,13,9,31,39,14,18,2,15,43,21,27,40,5,37,48,23,36,42,49,19,8,12,4,41,30,38,7,1,11,17,28,44,34,29,26,24,3,22
241;4547;4547;12502;25,35,23,21,15,10,28,1,13,47,33,26,18,6,46,12,5,27,49,11,14,3,36,37,7,43,2,22,31,20,19,42,44,9,48,8,0,16,38,29,39,32,45,30,40,17,41,24,4,34
242;4562;4562;12502;15,20,1,22,33,41,9,2,10,26,12,6,3,0,45,44,31,4,35,18,27,38,49,34,30,28,39,7,5,48,23,42,46,32,21,24,16,17,29,37,13,36,47,40,8,25,19,11,43,14
243;4551;4551;12502;22,18,20,19,24,13,21,3,25,47,23,33,42,31,29,0,11,5,2,40,27,14,26,37,17,15,48,8,32,7,46,10,41,44,6,43,12,16,4,49,45,36,9,28,38,35,30,1,34,39
244;4564;4564;12501;43,36,14,41,21,30,11,28,27,25,39,16,29,34,5,3,0,32,42,1,49,12,9,38,44,24,26,45,13,17,8,10,47,15,18,46,20,48,2,4,22,23,7,35,6,19,37,33,40,31
245;4545;4545;12502;11,37,9,6,36,28,47,41,26,33,2,5,0,29,32,25,15,19,1,22,20,17,14,45,7,10,43,16,3,13,31,44,39,35,4,40,12,30,27,38,18,23,48,49,24,34,21,46,42,8
246;4531;4531;12501;0,45,35,30,34,48,19,27,42,43,5,22,10,39,46,24,38,21,17,6,33,26,23,13,15,32,3,2,20,49,31,18,29,25,36,7,47,12,11,40,9,37,41,14,1,16,4,44,28,8
247;4549;4549;12502;5,1,18,0,37,3,7,6,44,43,32,2,27,41,15,9,12,25,38,23,45,20,48,31,19,33,21,46,39,11,10,4,36,14,28,26,13,30,29,24,17,16,34,40,42,8,47,49,22,35
248;4547;4547;12501;23,22,4,34,37,48,17,12,21,18,42,11,40,30,49,0,43,7,28,2,39,9,16,46,19,36,35,29,47,10,15,27,41,3,24,44,45,25,8,38,32,1,5,13,26,31,20,14,6,33
249;4559;4559;12500;49,33,13,4,35,14,25,28,38,22,7,42,31,5,18,2,45,16,46,23,48,26,32,0,36,30,20,3,17,37,10,12,40,8,1,39,44,29,9,27,19,47,24,43,11,34,41,15,21,6
250;4555;4555;12501;2,20,19,5,48,9,39,12,34,32,7,30,3,46,0,41,24,18,15,21,26,43,16,36,47,42,10,40,22,33,31,28,29,35,11,4,27,49,45,38,8,23,13,14,17,1,44,37,25,6
251;4549;4549;12500;35,39,16,42,25,4,18,14,2,5,1,36,0,43,12,6,22,29,32,49,27,13,41,38,34,46,8,48,40,45,30,26,9,11,28,31,33,23,47,17,37,7,15,10,19,3,21,24,20,44
252;4566;4566;12501;12,5,6,37,28,10,24,41,17,29,9,15,48,1,25,36,16,2,46,47,38,0,23,22,20,3,32,31,11,19,21,33,43,7,40,39,45,18,42,30,26,4,44,8,35,27,49,14,13,34
253;4571;4571;12501;28,1,40,35,9,27,39,19,18,15,34,42,8,30,12,11,23,26,31,49,37,2,13,7,24,14,44,38,41,5,4,46,36,21,32,45,33,17,20,0,43,47,3,10,25,16,29,22,6,48
254;4558;4558;12501;24,7,17,43,1,20,41,38,5,37,35,48,32,33,25,45,16,19,29,23,10,30,36,8,13,31,42,49,47,44,46,39,28,26,21,27,40,18,4,0,3,9,14,34,2,22,6,12,15,11
255;4562;4562;12502;27,39,31,42,18,11,37,15,21,3,33,28,14,44,0,16,32,1,23,9,19,20,40,49,8,13,34,46,6,7,35,43,45,12,48,2,10,25,22,38,17,5,41,30,36,47,4,29,26,24
256;4565;4565;12501;40,48,8,38,34,22,0,19,7,6,27,21,47,45,31,14,11,49,2,36,25,23,46,28,33,3,10,30,32,20,26,4,41,39,15,9,18,29,24,43,1,13,17,35,16,42,37,5,44,12
257;4559;4559;12500;46,32,20,12,14,30,22,16,33,31,44,24,40,19,9,25,18,37,43,17,23,15,28,29,1,21,7,26,3,27,0,8,5,2,48,34,39,13,36,38,4,42,35,41,11,10,49,45,47,6
258;4577;4577;12502;8,19,34,43,12,35,28,6,1,23,41,29,14,36,49,31,22,3,4,16,38,15,25,7,44,47,17,11,24,32,21,46,45,5,39,40,18,0,26,27,2,10,20,13,30,37,9,42,33,48
259;4566;4566;12502;13,3,38,1,27,41,0,25,39,5,9,45,40,16,42,43,47,35,48,15,26,30,37,21,8,11,24,12,17,18,4,23,32,22,10,19,46,33,44,2,34,6,14,31,49,28,7,36,20,29
260;4556;4556;12501;11,48,5,32,0,22,27,29,1,21,39,10,2,37,6,15,43,40,18,20,36,17,3,23,31,34,24,47,41,33,38,28,19,49,46,8,4,26,42,13,14,7,12,25,9,45,35,16,44,30
261;4568;4568;12500;6,43,4,30,32,21,42,29,15,5,9,12,35,23,48,38,46,45,19,0,17,44,49,41,28,34,13,1,24,11,14,37,40,8,31,36,18,25,16,20,27,39,10,33,3,22,7,26,2,47
262;4570;4570;12500;14,4,28,3,29,37,5,8,36,26,18,0,24,33,11,38,17,41,15,30,23,40,2,20,12,48,31,46,16,19,10,39,32,13,49,27,22,9,42,1,47,7,35,45,34,21,25,6,43,44
263;4567;4567;12501;20,39,40,23,10,21,45,22,16,7,37,28,2,42,6,49,38,18,12,46,43,30,33,19,29,3,5,31,47,48,36,25,26,35,32,24,14,11,0,8,1,4,27,13,15,44,41,17,9,34
264;4568;4568;12502;15,34,12,43,40,41,1,29,11,18,14,37,21,38,4,8,49,17,44,26,3,45,16,25,19,39,27,9,22,42,23,13,24,36,28,32,30,10,48,5,20,46,47,7,35,33,2,0,31,6
265;4565;4565;12502;27,0,12,47,1,31,6,9,28,49,22,5,4,45,48,16,30,19,37,17,24,36,7,32,38,3,41,43,10,44,26,2,35,15,8,34,42,33,46,13,21,20,39,29,23,14,18,40,25,11
266;4458;4458;12502;8,9,2,40,39,13,6,45,32,36,25,21,35,34,14,24,27,5,22,16,44,42,49,12,15,37,17,18,0,43,47,33,11,28,1,46,41,30,23,29,26,4,3,31,48,19,20,7,38,10
267;4468;4468;12500;8,40,20,12,7,9,28,32,39,6,14,26,13,0,11,48,18,46,29,35,17,22,34,44,24,1,37,3,41,31,2,33,38,4,36,23,49,43,21,5,19,16,30,10,45,25,42,27,47,15
268;4539;4539;12500;6,32,35,29,36,17,21,43,47,8,7,27,19,34,28,33,45,31,2,0,9,39,1,49,42,38,41,24,40,37,16,15,18,22,14,25,23,11,3,13,46,26,4,48,12,5,44,10,20,30
269;4557;4557;12501;47,16,29,10,33,3,30,21,13,18,49,31,46,11,24,15,5,43,26,8,2,32,23,17,20,40,19,22,36,0,14,44,7,48,27,37,39,4,41,1,45,35,42,28,12,34,9,38,6,25
270;4566;4566;12500;42,11,15,2,40,22,5,0,30,41,45,49,48,28,39,44,4,34,19,16,9,21,27,7,14,6,43,18,29,13,8,1,35,17,47,20,46,31,32,12,24,36,37,25,26,38,3,23,33,10
271;4567;4567;12500;25,13,9,43,3,22,5,20,18,46,40,8,39,14,31,24,36,28,16,2,19,47,26,32,30,34,7,10,49,48,0,21,44,41,11,29,1,27,15,38,33,42,12,4,45,6,37,17,35,23
272;4552;4552;12500;44,17,11,21,31,25,9,3,40,29,23,20,0,37,43,34,28,46,7,24,39,15,41,38,22,12,1,10,45,36,27,33,26,8,49,47,2,30,14,42,19,18,16,6,5,35,48,32,13,4
273;4564;4564;12502;27,17,23,10,11,25,29,7,47,36,13,20,31,19,3,32,28,8,18,39,2,34,38,5,22,41,26,48,37,30,15,9,4,46,16,45,43,49,0,40,1,14,21,33,12,6,44,24,42,35
274;4560;4560;12502;27,24,46,35,19,9,42,21,38,45,12,32,43,39,4,48,17,20,10,6,18,15,49,40,0,1,16,47,7,2,36,41,31,28,26,3,29,5,11,22,34,37,44,25,8,33,30,14,13,23
275;4539;4539;12500;25,39,16,8,7,47,40,45,21,28,43,9,10,23,6,29,2,33,37,11,1,44,27,38,49,41,12,42,24,26,15,34,19,36,5,31,46,32,18,22,35,4,20,3,14,0,13,17,48,30
276;4544;4544;12501;42,30,9,20,39,0,48,41,44,8,1,28,15,6,18,36,37,5,34,40,14,35,43,12,38,4,7,32,29,16,49,47,26,11,10,45,21,17,23,22,13,33,19,25,2,46,31,24,27,3
277;4535;4535;12501;20,28,49,43,10,44,5,6,23,27,4,3,22,7,11,9,36,47,30,38,17,48,2,34,31,1,46,41,26,39,24,8,35,12,29,37,42,45,32,33,25,18,19,13,0,40,16,15,21,14
278;4487;4487;12500;28,6,34,33,32,23,9,48,39,15,1,7,8,19,44,13,41,49,38,16,21,45,11,12,2,4,40,0,18,30,42,27,10,17,43,24,36,46,20,22,5,31,29,25,37,14,47,26,35,3
279;4566;4566;12501;14,8,13,9,11,38,0,35,44,40,33,7,37,5,18,34,21,22,17,1,47,2,39,45,6,15,12,4,43,41,49,36,32,10,28,42,26,30,23,29,31,25,3,24,16,27,20,48,19,46
280;4547;4547;12502;46,42,25,24,30,20,3,23,33,10,48,36,7,47,26,15,35,21,5,8,14,49,37,18,0,19,22,2,34,13,4,29,9,16,27,38,17,41,6,43,11,40,45,28,12,39,32,44,1,31
281;4560;4560;12501;12,43,33,41,49,7,16,29,25,9,42,26,10,14,40,20,18,3,31,37,32,39,0,36,34,21,11,47,22,2,4,8,30,1,48,19,27,45,23,35,6,38,28,15,17,46,13,44,24,5
282;4562;4562;12501;3,20,19,23,48,39,35,44,28,49,27,6,40,9,41,17,18,14,37,16,12,2,24,38,1,45,46,22,0,42,30,31,43,7,25,11,4,33,15,5,34,26,13,32,21,36,29,47,10,8
283;4566;4566;12500;45,1,31,36,10,42,13,12,23,20,32,16,34,26,3,2,8,4,7,28,0,30,33,27,46,44,19,48,37,35,49,25,14,29,38,9,18,6,11,47,5,40,24,41,39,17,21,15,43,22
284;4562;4562;12501;43,42,39,41,0,5,27,26,49,22,23,33,20,6,28,2,17,31,34,30,13,7,46,45,1,48,47,19,32,24,3,40,10,9,18,44,4,15,16,25,14,12,21,38,8,35,37,29,11,36
285;4558;4558;12500;40,30,41,16,22,20,14,47,49,17,43,31,12,2,8,4,35,29,28,44,7,24,38,11,39,13,9,1,32,26,0,34,3,18,10,23,19,25,42,46,6,45,27,21,37,33,36,15,5,48
286;4566;4566;12502;43,16,39,14,24,7,13,5,49,41,27,34,1,15,47,21,37,29,8,45,23,10,30,0,19,32,48,42,28,44,46,9,2,26,31,4,25,18,35,33,6,20,3,22,36,12,11,40,17,38
287;4553;4553;12501;47,36,25,6,41,16,30,7,29,11,43,21,37,27,38,49,20,32,31,39,9,28,45,17,5,26,44,24,1,35,13,42,4,40,15,18,0,10,8,23,3,12,2,14,33,22,19,46,48,34
288;4555;4555;12502;22,49,11,48,27,20,33,44,36,34,29,1,30,41,31,38,40,16,46,6,37,10,43,23,39,5,17,24,47,25,45,14,12,19,42,8,21,26,2,13,28,32,18,7,4,0,35,15,3,9
289;4558;4558;12500;32,28,48,49,11,31,40,27,22,41,42,46,15,1,6,23,26,33,13,3,43,44,12,2,9,35,21,45,0,7,4,24,20,14,47,36,10,30,8,18,19,16,34,39,37,17,29,25,38,5
290;4567;4567;12501;6,10,28,24,27,17,41,4,2,40,22,35,37,1,26,23,44,48,38,12,49,5,13,25,47,36,39,9,34,11,30,33,46,18,0,3,45,8,20,15,19,32,16,29,43,7,14,21,42,31
291;4560;4560;12502;27,43,0,24,20,11,18,1,40,33,31,47,37,49,41,32,39,21,4,2,44,22,8,10,45,17,29,34,6,36,3,26,35,15,13,16,5,23,25,9,14,42,19,28,46,12,38,30,7,48
292;4540;4540;12500;30,7,35,18,46,25,20,16,6,43,42,2,37,14,38,49,34,5,10,29,32,0,40,13,8,12,19,15,23,21,47,36,27,44,48,28,31,41,24,9,45,33,1,11,22,3,4,39,17,26
293;4572;4572;12502;16,1,18,31,41,44,5,26,37,4,27,12,48,33,43,19,13,40,42,11,9,24,2,3,15,28,14,34,47,22,39,49,35,36,10,6,29,0,30,17,45,25,8,46,21,32,20,38,7,23
294;4562;4562;12500;11,4,19,43,8,15,17,16,6,12,25,28,13,21,23,41,30,20,10,32,42,35,45,37,26,38,36,49,2,0,7,47,46,39,33,22,18,5,1,48,3,9,31,14,29,34,24,44,40,27
295;4547;4547;12500;12,16,26,30,39,34,2,0,17,25,36,47,32,40,21,15,45,13,23,35,11,43,7,49,14,18,29,4,42,8,46,22,27,33,9,44,1,19,24,31,3,6,48,28,37,20,38,10,41,5
296;4563;4563;12502;22,1,37,40,48,27,35,18,25,28,8,45,26,36,12,6,46,3,20,39,4,14,33,17,30,13,29,24,38,7,34,5,21,19,23,15,11,32,41,44,10,2,49,31,47,9,42,43,16,0
297;4557;4557;12501;12,19,28,48,33,15,9,1,22,18,21,30,39,26,8,10,32,35,47,2,4,31,45,42,16,40,7,20,3,14,36,43,24,17,29,41,25,5,27,0,11,46,34,38,49,13,44,23,37,6
298;4571;4571;12501;33,3,31,24,8,44,40,32,30,1,11,25,34,27,6,42,29,17,47,26,2,15,0,14,7,13,4,37,22,21,18,49,10,41,36,46,19,12,43,20,28,48,39,9,35,45,23,38,16,5
299;4559;4559;12502;39,41,44,19,12,21,1,15,13,37,11,27,7,40,34,0,46,25,29,5,17,45,4,9,42,30,24,35,38,6,43,47,26,3,18,22,10,49,32,33,16,48,23,8,36,20,14,31,2,28
300;4561;4561;12501;7,3,49,14,41,48,20,22,38,26,0,45,35,31,43,1,39,36,15,2,30,5,8,18,34,33,10,28,13,44,32,40,4,23,11,25,29,46,27,9,12,19,47,24,17,16,6,37,42,21
301;4570;4570;12500;40,28,14,21,26,3,20,33,34,42,13,18,31,22,46,38,1,44,10,4,43,30,48,24,29,12,17,8,11,37,39,19,9,5,41,16,45,36,0,15,32,35,6,7,49,27,47,2,23,25
302;4560;4560;12502;40,28,34,6,5,14,17,11,45,35,3,22,19,36,18,30,8,37,12,39,27,15,49,21,1,7,29,38,24,9,41,13,0,4,23,43,42,26,10,32,33,47,48,31,46,2,44,25,20,16
303;4558;4558;12501;8,45,49,35,33,25,42,2,21,5,40,22,27,36,3,39,34,23,28,30,19,32,18,20,26,31,48,10,47,0,16,46,41,43,1,29,7,4,13,11,37,15,12,38,44,14,9,17,24,6
304;4540;4540;12502;12,41,21,16,9,38,33,5,29,11,8,25,40,17,23,36,26,27,34,37,10,22,44,15,43,48,3,35,20,46,31,39,1,14,7,47,28,4,42,2,18,32,6,30,0,24,49,19,45,13
305;4558;4558;12502;33,26,20,37,11,19,43,5,13,22,28,36,41,1,6,32,48,35,31,27,8,18,40,44,3,7,17,23,29,9,14,34,24,47,12,46,0,38,4,25,30,16,42,15,45,21,49,2,10,39
306;4570;4570;12502;8,34,9,21,41,38,48,13,12,39,49,42,29,19,15,1,40,20,43,4,10,5,11,37,18,17,46,30,44,28,35,36,7,33,3,16,0,27,6,2,25,24,22,45,23,47,32,31,14,26
307;4569;4569;12500;7,23,15,33,46,25,45,0,35,27,18,8,31,6,37,28,11,5,13,10,14,34,32,47,2,21,36,20,30,43,4,16,48,24,19,42,22,3,17,40,9,44,38,39,12,1,41,29,49,26
308;4553;4553;12502;45,28,24,6,41,33,29,43,37,25,30,14,44,39,1,32,35,42,4,38,31,22,34,36,26,23,3,20,49,10,48,13,27,46,19,11,2,15,9,47,21,0,17,8,5,7,18,40,16,12
309;4566;4566;12501;25,21,35,24,47,18,16,2,11,13,1,3,27,37,40,17,33,8,0,34,29,9,7,41,12,4,39,44,15,32,14,36,23,28,19,49,5,48,38,22,43,31,45,10,30,20,26,6,46,42
310;4558;4558;12500;47,11,19,17,23,48,29,37,25,30,14,39,34,15,24,43,6,22,1,4,12,36,13,21,2,38,18,9,10,5,40,28,0,8,7,33,42,3,49,35,16,41,26,45,44,20,32,46,27,31
311;4555;4555;12500;16,28,20,49,17,43,38,45,44,10,6,46,19,13,23,4,2,32,14,1,30,41,36,35,27,24,25,47,5,29,31,11,8,3,37,7,21,26,22,15,39,33,34,0,9,18,42,48,40,12
312;4490;4490;12501;24,47,39,6,9,34,40,5,18,36,0,21,2,38,25,19,26,15,4,23,10,33,1,35,41,45,48,49,46,27,37,11,32,12,3,17,22,31,13,20,29,43,8,42,28,16,7,30,44,14
313;4484;4484;12502;10,2,8,9,4,15,35,36,16,12,3,1,0,45,13,11,39,41,38,28,40,27,30,29,6,43,18,14,17,44,21,22,37,7,48,33,31,42,46,47,24,20,34,49,32,5,23,19,26,25
314;4505;4505;12501;0,33,45,48,7,14,46,5,36,49,47,42,26,43,30,22,11,39,23,10,28,19,2,32,35,20,4,6,18,31,8,16,17,41,12,44,40,37,9,3,25,15,27,24,13,38,21,29,34,1
315;4544;4544;12500;21,11,1,19,27,29,22,16,6,28,38,34,44,41,15,12,47,32,36,13,8,43,49,7,17,46,35,9,0,39,14,23,26,10,24,30,48,5,37,45,42,33,40,18,4,25,2,31,3,20
316;4564;4564;12501;18,45,8,0,9,19,33,5,40,14,41,4,30,38,1,10,28,36,7,34,43,31,3,48,44,22,12,20,2,39,32,35,25,6,46,16,27,15,37,47,11,21,49,29,42,24,17,26,23,13
317;4561;4561;12500;46,8,6,23,1,22,2,16,31,38,0,25,11,35,14,37,24,33,34,30,10,36,18,47,28,19,12,20,40,4,3,7,45,27,13,48,29,5,9,15,41,17,39,44,32,49,21,42,26,43
318;4559;4559;12502;25,49,39,37,31,2,7,36,33,8,26,16,38,32,15,35,40,4,18,47,42,30,6,46,0,14,19,10,43,45,23,20,13,48,9,41,5,27,22,12,28,1,34,44,24,3,11,17,21,29
319;4573;4573;12501;41,19,22,27,42,40,29,28,21,46,39,14,1,9,16,3,32,7,0,11,15,8,5,38,18,25,34,37,13,44,2,10,49,43,31,4,12,24,45,47,6,36,20,48,33,26,35,23,30,17
320;4513;4513;12500;20,11,23,35,39,16,26,10,25,33,31,30,13,19,48,14,8,42,49,29,38,27,43,45,6,3,47,46,28,37,22,36,18,4,2,5,32,17,41,1,12,0,24,34,21,15,7,9,40,44
321;4561;4561;12501;31,36,15,26,13,2,30,6,19,3,28,4,16,8,11,32,21,45,18,46,20,43,35,42,10,37,47,33,0,22,49,14,41,38,29,5,7,17,48,40,34,12,25,24,27,9,39,44,23,1
322;4553;4553;12500;39,29,21,6,8,36,14,9,15,3,18,34,37,0,19,5,49,22,16,20,33,48,10,32,2,31,25,23,7,11,40,27,43,26,35,1,17,24,42,38,30,13,41,46,4,45,47,12,28,44
323;4503;4503;12500;26,37,23,4,35,18,34,38,46,21,29,19,36,42,41,13,8,17,10,27,15,11,44,1,39,28,6,45,47,40,9,7,14,43,3,22,25,12,32,16,33,20,31,2,49,30,0,24,48,5
324;4551;4551;12500;33,0,31,32,18,2,21,6,7,16,10,48,46,47,30,43,9,14,17,3,23,28,19,5,22,4,27,45,15,20,36,35,13,39,40,25,37,44,26,42,12,41,1,24,49,8,34,11,29,38
325;4557;4557;12500;47,13,2,35,46,20,23,31,9,10,15,14,19,21,42,36,26,30,48,37,12,24,11,18,22,4,8,33,17,5,3,49,40,44,1,34,38,32,41,0,27,43,6,39,25,28,29,16,45,7
326;4560;4560;12500;36,41,22,19,10,23,29,20,35,47,13,37,11,1,44,30,0,17,2,3,16,9,38,15,21,46,25,40,42,7,26,24,43,27,34,45,4,5,14,8,49,48,12,28,6,39,32,33,31,18
327;4508;4508;12501;46,40,16,5,29,28,32,38,11,19,3,33,13,21,35,7,45,12,25,48,6,26,0,10,37,31,36,22,30,20,17,42,14,18,24,41,1,39,15,44,23,27,34,49,2,47,8,4,9,43
328;4547;4547;12501;4,15,9,37,27,49,43,18,39,29,12,24,33,44,19,7,22,2,32,17,38,26,11,41,8,5,28,13,30,6,1,25,47,3,45,40,0,21,46,34,31,48,20,36,35,10,16,23,14,42
329;4570;4570;12501;20,5,30,1,41,36,9,47,31,19,29,38,11,46,35,32,4,12,43,2,3,44,0,33,22,17,48,28,10,49,26,8,34,21,14,23,24,37,16,40,13,45,39,27,18,6,7,25,42,15
330;4563;4563;12501;28,20,43,23,40,26,18,27,25,6,33,11,3,38,7,35,22,1,36,14,17,45,34,48,39,10,13,5,31,30,37,32,0,19,9,15,44,41,12,2,4,21,29,42,8,24,47,16,46,49
331;4572;4572;12502;45,44,3,35,1,49,41,0,2,28,7,18,26,11,40,38,25,9,5,21,36,4,8,6,13,19,47,14,15,12,43,31,23,22,32,37,39,10,17,16,42,27,30,29,48,20,34,33,46,24
332;4550;4550;12500;47,42,40,49,25,33,2,36,29,34,12,21,43,20,19,1,48,39,37,23,15,9,26,44,16,31,11,3,22,10,46,41,5,17,8,30,0,24,14,32,7,27,35,28,4,13,38,6,45,18
333;4547;4547;12500;0,34,12,45,6,48,35,24,17,42,41,46,26,44,9,39,21,23,1,20,7,49,38,30,14,25,10,16,47,32,36,13,33,22,19,2,27,29,31,28,15,18,40,37,8,4,5,43,11,3
334;4474;4474;12500;15,21,40,10,32,25,13,34,9,28,2,23,18,39,14,46,27,36,16,30,3,47,48,31,33,45,11,5,37,20,26,12,7,42,19,1,38,41,44,24,0,6,8,4,35,43,17,29,49,22
335;4560;4560;12502;9,1,31,22,41,17,44,40,2,14,12,39,4,34,16,0,15,32,23,18,45,25,24,27,3,5,37,13,8,7,38,35,43,11,21,19,42,49,20,29,28,46,48,36,30,10,26,33,47,6
336;4573;4573;12500;39,6,14,37,29,43,48,41,7,4,9,2,35,11,18,49,38,45,17,8,44,1,13,42,28,5,32,3,24,0,34,16,40,23,22,15,26,36,27,20,33,19,31,46,25,21,47,12,30,10
337;4471;4471;12501;20,5,21,34,17,30,41,38,29,10,2,18,4,0,39,36,14,37,45,3,13,33,24,32,8,48,26,22,31,40,42,12,27,15,28,19,47,7,43,9,11,49,6,46,35,23,16,44,25,1
338;4574;4574;12501;16,4,1,6,43,12,26,28,9,44,31,15,3,7,36,22,37,5,35,23,40,33,20,13,8,32,47,18,38,14,21,42,27,45,10,17,39,41,24,49,46,25,48,19,0,34,29,2,11,30
339;4563;4563;12502;19,20,37,21,30,14,5,39,3,47,23,34,48,10,36,43,17,42,6,0,40,46,49,31,16,33,22,26,28,18,13,45,29,25,44,24,2,8,9,27,15,32,7,41,11,4,38,35,12,1
340;4560;4560;12500;11,20,46,10,49,40,21,6,19,25,23,0,28,13,35,27,17,43,34,5,9,16,12,37,41,36,1,29,22,42,15,26,39,3,7,45,44,48,32,33,8,14,18,38,47,30,31,2,4,24
341;4544;4544;12500;36,0,45,42,43,38,32,9,18,41,15,40,12,21,6,47,29,11,17,22,26,34,13,4,39,16,14,30,8,25,5,28,2,27,35,48,24,49,10,3,19,37,44,46,31,1,7,23,33,20
342;4545;4545;12501;22,13,2,26,43,9,20,47,24,17,40,14,33,11,7,29,18,10,32,41,44,39,37,34,8,35,36,31,15,28,3,1,12,4,46,45,42,23,38,6,48,21,25,5,27,49,30,19,0,16
343;4577;4577;12502;15,37,21,20,27,22,3,28,42,11,41,38,23,33,49,31,39,0,18,19,48,35,16,5,9,46,26,30,44,45,1,32,34,24,29,8,7,40,14,36,6,2,4,10,43,12,13,25,17,47
344;4561;4561;12502;31,40,41,1,18,28,23,9,19,15,21,24,3,5,44,20,12,42,49,8,17,13,22,26,14,35,11,29,37,4,10,39,6,34,47,33,27,43,30,32,48,45,16,7,0,2,38,25,46,36
345;4567;4567;12502;5,42,12,41,43,36,44,14,31,25,26,13,30,2,10,37,48,47,22,16,33,0,17,18,8,38,6,4,49,24,32,34,3,45,40,39,46,27,7,23,28,29,15,11,21,35,9,19,1,20
346;4514;4514;12501;41,1,28,38,12,5,18,29,42,4,8,22,25,47,16,26,33,10,23,37,43,15,14,11,21,34,40,9,2,36,44,17,6,30,48,3,49,19,39,35,13,32,24,46,45,0,31,20,7,27
347;4512;4512;12501;2,27,1,26,4,15,22,6,28,41,38,23,20,21,29,18,45,8,14,9,31,44,11,40,47,12,35,3,36,43,10,39,19,5,13,46,16,49,0,25,7,34,30,42,33,37,17,48,32,24
348;4542;4542;12500;49,32,39,7,14,0,40,4,13,29,9,25,23,35,19,20,36,31,30,18,33,37,5,15,38,2,21,17,8,42,41,1,34,44,11,46,12,28,24,45,6,26,3,48,47,27,16,22,10,43
349;4555;4555;12500;13,48,40,24,23,27,3,8,29,20,11,37,19,46,28,5,43,12,25,26,4,1,18,14,44,30,16,2,33,22,17,31,49,38,41,9,45,39,0,10,21,34,32,15,42,35,7,6,36,47
350;4545;4545;12502;35,44,6,0,7,41,2,14,8,29,40,32,21,3,22,42,39,49,36,48,19,30,13,5,18,34,33,46,16,26,47,45,11,20,27,43,17,9,1,15,10,37,38,25,12,24,28,4,23,31
351;4555;4555;12502;9,11,26,21,14,16,15,4,3,42,5,1,28,43,7,49,6,0,2,13,17,27,38,8,29,44,40,12,32,45,18,39,10,37,35,46,23,34,36,19,48,25,20,33,41,30,47,31,22,24
352;4564;4564;12502;21,40,26,1,43,41,5,24,16,9,7,45,18,12,36,31,28,30,33,34,6,35,42,32,13,49,0,29,17,48,14,38,47,46,15,4,10,3,20,37,22,25,19,39,8,27,23,11,2,44
353;4572;4572;12500;11,23,44,16,27,10,26,28,1,22,41,19,3,20,6,46,7,9,14,17,0,31,37,43,29,13,47,8,2,24,36,15,4,5,25,48,18,39,49,42,12,45,32,33,34,38,40,35,30,21
354;4541;4541;12500;45,44,15,28,46,22,2,10,3,20,33,7,31,4,6,9,34,37,38,11,25,0,23,32,14,26,8,13,18,19,29,40,17,12,39,36,42,16,43,27,47,41,48,30,35,24,1,5,49,21
355;4587;4587;12502;9,28,26,1,42,12,15,48,38,3,39,25,41,45,24,27,4,8,47,18,49,14,34,7,32,40,35,6,44,0,30,11,16,46,33,10,19,31,20,29,2,5,13,23,43,21,36,17,22,37
356;4571;4571;12500;27,6,36,3,49,13,0,1,7,4,9,29,21,14,37,19,24,34,26,15,45,18,17,28,22,44,5,8,35,40,32,12,11,2,20,43,42,25,31,48,47,30,10,39,41,38,16,23,46,33
357;4541;4541;12501;35,10,24,15,21,3,1,29,48,40,12,20,33,22,27,18,14,26,42,36,46,45,31,39,32,23,28,19,25,34,38,30,16,9,2,43,11,5,17,47,49,6,0,13,4,44,7,8,41,37
358;4566;4566;12500;13,7,20,40,36,27,43,14,38,9,23,41,6,5,45,49,48,46,11,0,22,18,1,44,32,2,26,30,4,24,33,29,39,8,28,37,16,47,12,31,3,10,34,17,19,25,15,21,35,42
359;4551;4551;12501;26,46,14,30,0,43,48,18,32,25,2,40,12,6,13,29,3,21,1,10,20,4,22,23,36,33,27,7,34,31,16,35,28,39,17,49,19,9,45,37,44,11,38,15,47,24,8,5,41,42
360;4568;4568;12500;9,6,42,45,11,28,31,2,37,0,49,25,47,40,17,10,24,36,38,12,30,34,35,21,16,8,15,27,39,29,4,43,18,14,44,32,23,3,48,46,22,20,19,7,26,41,13,5,1,33
361;4549;4549;12501;7,6,16,34,18,40,15,14,5,1,21,24,23,49,9,19,43,28,46,41,32,44,25,13,27,42,12,39,45,38,29,17,36,37,47,30,31,22,48,26,0,20,8,35,4,11,10,33,3,2
362;4539;4539;12501;12,43,24,25,5,23,6,39,7,9,18,41,8,1,40,21,34,45,48,2,15,49,3,27,35,22,32,14,0,44,38,28,4,42,26,47,30,37,16,36,13,19,20,46,11,10,31,33,29,17
363;4554;4554;12502;34,48,40,29,3,5,33,15,4,31,20,21,22,9,23,49,1,17,14,38,16,10,25,36,6,45,12,39,43,47,18,46,37,30,32,7,8,26,0,41,27,24,13,2,35,44,11,42,19,28
364;4561;4561;12501;23,24,41,18,30,43,45,1,12,10,6,31,28,44,20,9,2,25,19,17,4,47,49,27,5,35,29,34,48,33,46,36,26,22,40,16,32,3,15,39,13,42,38,14,11,0,21,8,37,7
365;4579;4579;12500;24,11,43,40,37,39,49,21,41,33,14,18,48,32,17,44,34,13,12,42,1,6,9,0,4,5,29,28,35,27,45,25,7,46,22,10,15,36,26,19,31,8,30,23,20,47,16,2,38,3
366;4557;4557;12501;28,5,1,4,18,31,14,8,44,48,16,2,10,34,7,3,32,15,20,37,11,27,13,24,43,41,6,17,45,49,22,36,38,0,21,23,46,35,9,33,42,26,19,12,25,47,29,39,40,30
367;4558;4558;12502;47,34,2,30,11,8,23,31,37,6,21,0,13,29,22,38,35,25,4,5,20,33,36,10,15,14,44,48,19,3,7,46,39,1,27,45,12,24,49,9,18,40,42,26,43,17,16,28,41,32
368;4559;4559;12501;23,28,29,15,31,19,21,41,40,6,10,20,43,49,33,46,0,36,48,27,9,44,2,1,42,35,45,3,4,22,25,32,18,47,5,11,8,30,14,39,24,37,26,12,34,13,16,7,17,38
369;4409;4409;12500;23,10,11,7,48,47,38,18,37,0,19,8,34,25,22,17,14,43,44,39,32,46,42,5,16,36,15,40,13,21,29,33,12,20,26,30,45,49,1,41,27,4,35,2,9,24,6,3,31,28
370;4480;4480;12500;17,37,28,2,48,14,20,31,3,1,9,27,8,44,10,49,6,39,13,40,5,41,18,0,22,43,24,33,11,21,38,16,36,25,30,32,47,42,7,46,15,34,35,12,26,29,45,19,4,23
371;4516;4516;12502;45,33,31,25,37,15,35,30,42,11,21,20,9,26,46,1,36,39,4,0,19,2,32,12,34,16,48,3,10,47,29,22,7,13,18,23,44,6,8,43,5,14,24,49,38,40,27,28,17,41
372;4565;4565;12501;30,24,42,14,41,38,7,35,25,12,46,27,29,19,9,49,31,28,26,39,21,16,10,15,44,37,34,43,23,11,1,32,3,4,20,6,0,5,48,22,18,47,40,33,45,2,17,13,8,36
373;4546;4546;12502;49,28,0,12,30,10,5,35,29,47,48,3,41,9,32,8,25,23,24,45,16,38,6,34,46,17,39,7,1,42,43,15,22,19,33,13,36,14,18,20,26,21,40,27,37,11,44,4,2,31
374;4540;4540;12502;2,39,42,38,5,24,9,8,43,41,44,23,11,15,31,48,29,30,36,3,7,4,32,0,14,6,28,1,34,21,27,45,40,13,37,25,49,22,10,47,20,33,26,46,16,18,12,35,17,19
375;4550;4550;12502;18,40,49,28,6,20,19,43,39,31,47,16,22,5,32,9,37,25,1,34,13,35,21,42,46,23,7,3,29,14,15,30,8,33,12,17,24,38,0,27,10,41,2,4,11,26,45,36,48,44
376;4544;4544;12501;49,29,32,27,41,0,25,15,35,1,4,21,9,2,7,5,43,44,31,46,19,39,17,38,34,8,24,14,12,18,13,16,23,11,20,48,3,10,36,47,45,40,30,42,28,22,6,37,26,33
377;4567;4567;12501;23,7,26,48,29,5,16,14,22,6,1,41,25,45,38,49,20,34,21,36,47,0,42,28,19,2,32,13,24,27,43,31,35,33,10,3,37,30,44,39,11,15,4,40,12,8,9,18,17,46
378;4560;4560;12501;30,48,5,0,28,1,25,45,23,29,31,36,2,13,19,47,9,34,27,26,8,33,20,7,44,41,22,3,14,6,10,43,35,40,39,42,24,38,49,16,32,4,18,15,46,17,21,37,12,11
379;4568;4568;12501;35,10,45,3,32,6,27,25,1,16,48,30,28,41,46,9,22,40,29,21,44,19,14,7,36,42,23,15,43,47,20,34,5,0,13,37,4,18,38,26,33,17,49,11,2,39,12,24,8,31
380;4548;4548;12501;2,26,0,21,4,24,41,32,8,18,1,22,40,49,37,19,23,31,14,44,42,15,12,7,25,16,9,11,36,38,17,30,6,13,47,43,34,33,10,35,46,45,28,5,27,3,48,20,29,39
381;4540;4540;12502;32,34,8,28,40,36,10,29,0,38,43,44,17,13,11,15,45,18,3,39,2,1,41,6,25,35,24,49,47,7,14,16,5,26,33,42,37,12,31,46,48,9,21,30,4,23,22,20,19,27
382;4550;4550;12500;20,10,22,8,14,31,4,12,45,44,27,11,0,15,21,34,39,25,37,17,1,28,18,40,30,26,3,33,9,24,41,23,29,2,19,38,49,16,47,7,32,48,6,46,43,36,42,5,13,35
383;4543;4543;12500;31,29,39,41,36,0,26,5,37,7,19,18,35,6,43,22,40,4,10,48,23,38,46,33,14,47,2,30,34,3,20,11,13,49,9,32,12,17,27,1,16,21,25,15,44,45,28,42,8,24
384;4553;4553;12502;45,29,27,2,30,48,42,49,46,33,26,31,35,12,20,18,39,19,24,10,23,16,47,5,43,1,36,22,6,25,32,17,4,37,40,7,11,41,8,9,21,13,0,28,38,15,14,3,44,34
385;4545;4545;12500;5,18,16,2,31,29,12,22,13,8,14,41,6,25,49,37,26,21,3,47,7,40,9,45,4,27,43,1,32,0,33,28,10,44,17,23,42,24,19,38,48,35,15,11,39,34,30,20,46,36
386;4517;4517;12500;30,8,31,34,26,33,49,20,48,6,17,10,35,42,13,12,18,41,21,47,37,25,36,22,40,2,16,23,46,43,0,14,24,3,45,5,38,28,4,39,15,27,19,7,11,32,9,1,44,29
387;4526;4526;12501;36,5,25,19,24,33,16,23,17,15,46,10,32,37,45,38,0,49,35,27,42,21,7,18,13,8,4,40,12,14,29,47,1,6,28,48,20,44,22,9,31,43,34,11,2,39,26,30,41,3
388;4553;4553;12502;47,0,22,8,15,46,6,9,21,43,12,23,1,28,7,40,13,37,20,44,39,41,11,34,25,19,32,4,18,38,49,29,45,36,35,17,31,30,33,5,2,16,27,10,3,48,26,14,24,42
389;4548;4548;12501;46,10,16,33,18,12,32,7,25,5,6,30,29,23,35,47,2,19,22,48,42,43,26,45,14,20,3,21,36,13,31,4,24,27,40,1,8,17,44,34,0,28,49,41,38,39,9,15,37,11
390;4556;4556;12501;31,36,42,8,5,20,10,48,41,43,26,3,16,2,33,24,15,6,29,49,22,9,11,13,1,38,37,30,39,34,17,12,44,46,23,21,27,19,0,47,28,18,32,40,14,7,45,25,4,35
391;4549;4549;12501;19,30,14,32,33,42,8,31,26,47,37,41,49,7,43,17,20,4,15,46,29,34,36,5,48,25,39,35,18,38,13,2,12,6,11,3,45,16,23,1,44,9,40,24,27,0,21,28,22,10
392;4500;4500;12502;4,8,26,24,15,16,6,9,34,17,37,12,39,13,43,35,7,5,1,30,27,29,48,44,21,18,41,14,40,45,11,2,19,31,3,32,42,25,0,36,33,23,10,20,46,47,22,38,28,49
393;4540;4540;12502;40,27,11,9,25,0,37,41,39,28,6,15,24,26,49,16,5,8,36,7,2,46,20,43,35,4,31,22,1,44,3,45,33,10,23,30,32,47,38,19,12,21,14,13,48,34,17,29,18,42
394;4537;4537;12501;4,1,49,42,41,18,9,6,35,36,15,44,10,45,7,29,32,21,30,25,24,0,43,5,16,40,28,27,26,12,47,48,2,19,38,20,33,22,37,14,3,13,39,17,8,11,31,46,34,23
395;4546;4546;12500;31,46,28,13,24,5,1,25,45,47,42,26,14,29,3,41,6,37,44,48,36,32,19,10,35,11,20,23,22,30,27,15,8,17,0,21,12,39,7,9,40,34,33,43,38,49,18,2,16,4
396;4566;4566;12500;2,24,49,35,0,37,10,42,28,22,19,29,46,41,45,38,47,32,39,43,33,31,26,20,3,11,1,44,8,18,6,17,14,4,5,27,13,30,16,12,9,7,40,36,48,15,23,25,21,34
397;4543;4543;12500;36,8,37,12,23,11,25,15,45,16,44,34,39,49,0,48,27,28,26,41,22,7,6,40,32,43,9,47,21,13,1,38,4,5,24,17,3,19,2,29,14,31,46,20,33,42,18,35,10,30
398;4571;4571;12502;30,18,19,17,29,37,41,24,4,9,44,15,2,1,28,27,26,49,14,22,42,5,13,46,20,11,8,40,21,43,39,47,35,3,34,32,48,12,36,45,10,23,38,25,16,7,6,31,0,33
399;4568;4568;12500;37,49,35,13,12,8,21,16,18,46,4,32,40,38,9,22,42,20,33,34,17,47,11,0,39,30,19,5,44,2,41,29,3,14,27,25,10,23,45,26,6,31,48,43,36,7,24,15,1,28
400;4555;4555;12502;30,17,37,24,8,40,35,41,29,47,25,11,20,13,5,7,45,18,6,28,1,31,27,44,49,23,19,33,10,3,2,22,36,46,16,34,4,38,43,39,14,21,26,15,48,12,9,0,32,42
401;4533;4533;12500;0,45,37,2,32,25,6,23,9,28,1,47,24,27,26,38,29,46,31,22,7,21,42,15,36,20,19,10,16,34,33,43,11,39,13,18,8,12,41,48,44,30,40,14,49,35,3,4,5,17
402;4542;4542;12501;29,8,39,14,1,9,19,21,35,2,16,40,18,15,38,13,7,20,31,17,28,42,11,24,36,47,41,44,37,27,34,3,43,6,4,5,33,32,12,45,30,26,0,10,23,49,25,46,48,22
403;4471;4471;12502;44,3,13,39,16,31,8,45,15,11,42,37,9,32,40,26,27,36,30,21,41,0,7,35,14,17,4,24,29,49,34,43,12,38,1,19,2,46,48,25,6,28,5,22,33,18,47,10,20,23
404;4548;4548;12500;6,27,34,29,26,24,31,21,9,7,41,47,3,17,37,8,36,12,11,15,38,28,1,40,43,19,32,44,49,45,25,4,14,5,46,23,35,48,16,20,42,13,0,33,10,2,39,22,30,18
405;4540;4540;12500;20,9,12,43,22,15,40,41,31,28,23,32,3,38,21,30,10,2,5,45,1,29,34,44,33,6,27,11,25,39,17,14,46,37,35,18,26,0,19,8,42,13,49,4,47,24,16,7,48,36
406;4536;4536;12500;28,47,37,31,17,40,33,10,21,12,4,0,9,48,27,7,24,39,44,20,29,3,32,19,2,45,34,6,15,23,46,36,43,22,30,13,38,11,5,41,16,49,25,42,1,14,35,26,18,8
407;4544;4544;12501;1,9,3,26,39,22,14,18,32,20,36,6,21,47,28,24,30,10,35,46,42,45,2,19,34,23,27,40,0,16,25,37,11,12,7,48,49,31,41,43,38,29,4,33,8,17,44,5,13,15
408;4547;4547;12500;12,35,10,4,28,41,46,49,1,25,42,38,19,33,2,39,8,18,34,0,48,20,32,6,36,45,47,30,13,44,5,22,3,26,11,29,43,21,16,17,24,9,7,23,40,37,14,27,15,31
409;4551;4551;12501;8,41,44,21,22,14,7,39,10,0,9,28,35,29,11,30,45,5,38,15,17,32,1,2,36,24,6,37,13,49,34,46,12,4,47,31,42,3,33,16,26,27,43,25,19,20,23,18,48,40
410;4481;4481;12500;30,33,17,15,22,49,29,16,37,28,32,21,25,11,10,34,12,19,43,2,36,3,26,24,20,8,7,47,13,48,31,5,45,41,39,44,23,35,46,42,40,6,0,9,18,1,4,27,38,14
411;4502;4502;12501;22,31,47,25,6,20,14,33,36,37,27,11,26,23,28,44,16,38,2,29,5,24,10,8,3,41,35,13,19,17,48,39,30,46,43,40,32,45,4,34,42,49,7,1,0,9,15,18,21,12
412;4504;4504;12500;8,1,44,6,28,34,49,27,21,25,26,47,15,14,45,37,3,42,22,35,17,11,43,32,24,7,10,0,16,38,36,39,13,23,33,9,4,5,29,19,48,18,40,12,20,41,46,2,31,30
413;4552;4552;12501;23,31,22,1,10,11,41,35,3,20,9,49,30,17,7,39,38,5,18,33,12,24,27,48,2,4,28,46,6,0,37,42,34,44,15,45,32,19,29,26,40,13,25,36,8,47,14,43,16,21
414;4476;4476;12502;14,12,29,4,40,7,10,6,33,18,23,27,19,2,46,35,17,1,48,3,25,20,26,16,49,47,22,31,28,43,11,13,30,38,34,41,42,32,37,21,44,39,45,15,0,8,9,24,5,36
415;4569;4569;12500;16,8,33,12,34,18,31,4,17,39,6,9,41,21,14,11,29,49,46,15,24,13,0,5,25,42,26,37,32,45,7,2,23,47,30,44,3,10,43,28,22,19,38,40,1,20,27,35,36,48
416;4567;4567;12502;43,30,48,9,18,21,5,22,40,20,23,14,41,4,33,49,6,24,37,26,7,3,10,12,2,1,0,31,44,36,15,38,47,11,8,16,29,25,45,19,32,13,39,46,28,42,17,35,34,27
417;4557;4557;12500;2,21,4,9,16,5,6,27,48,19,28,45,1,49,15,14,47,8,7,22,35,46,11,34,41,0,38,39,42,3,26,24,17,23,30,33,18,12,10,43,31,44,20,40,37,25,13,36,32,29
418;4572;4572;12501;38,26,43,1,21,11,3,15,41,9,36,27,25,34,12,42,46,19,7,24,8,4,17,35,28,30,49,44,45,37,6,22,23,10,20,13,29,5,2,33,32,18,16,48,47,14,31,39,0,40
419;4563;4563;12500;48,41,1,45,39,27,36,35,32,9,28,17,25,44,46,33,15,7,37,24,38,42,13,6,0,12,16,49,43,23,2,11,10,30,5,29,3,26,40,34,8,22,21,14,19,47,4,31,20,18
420;4476;4476;12501;9,15,43,44,30,7,27,1,42,20,45,38,28,41,24,8,11,33,18,6,0,13,32,14,3,22,21,29,26,2,49,35,10,36,16,31,23,25,17,46,47,19,37,12,5,48,34,4,40,39
421;4554;4554;12502;38,47,36,41,43,37,11,30,7,13,6,5,12,26,48,10,27,1,19,25,34,44,49,14,35,9,17,24,15,16,39,42,28,21,22,29,40,18,0,46,31,33,3,23,20,45,8,4,2,32
422;4551;4551;12500;8,44,34,17,9,27,36,24,18,48,45,41,2,1,3,28,19,32,29,31,33,11,5,43,22,14,20,6,7,13,26,42,25,37,4,21,0,10,12,46,38,47,23,30,49,35,39,40,16,15
423;4551;4551;12501;20,11,24,39,22,23,44,9,16,35,1,12,0,29,6,45,3,4,27,17,34,32,42,5,40,28,10,49,38,46,41,19,15,47,48,13,31,30,7,37,2,26,21,43,33,25,14,36,18,8
424;4582;4582;12501;25,15,13,20,28,22,30,48,36,42,3,11,2,23,5,19,8,33,14,10,45,32,43,26,38,12,4,31,16,49,0,7,47,17,21,40,34,46,1,24,9,29,18,44,27,37,6,41,35,39
425;4573;4573;12502;23,8,13,10,35,18,2,21,6,17,49,38,25,14,41,3,47,7,31,12,5,0,43,24,30,44,40,29,48,32,4,1,45,34,33,27,42,46,15,26,20,28,37,19,9,22,11,36,39,16
426;4563;4563;12501;0,32,4,31,17,21,26,48,29,35,20,9,22,5,13,36,25,23,10,46,49,40,19,14,18,47,42,8,33,7,12,3,34,15,43,38,30,2,1,6,39,41,11,44,28,37,16,24,45,27
427;4569;4569;12500;7,5,29,1,10,48,18,46,3,28,20,32,23,14,36,40,21,26,17,35,30,13,0,22,8,44,43,41,24,47,11,45,27,37,19,25,2,39,12,6,49,16,33,34,9,15,4,42,31,38
428;4533;4533;12500;12,10,39,6,34,37,18,3,0,35,38,22,24,48,43,21,9,1,15,42,40,30,36,20,45,4,28,27,2,33,31,47,23,25,17,19,49,16,41,29,11,7,46,5,13,44,32,8,26,14
429;4553;4553;12500;37,21,19,43,3,6,2,8,11,22,9,26,38,17,33,18,46,25,32,1,45,24,31,44,0,7,20,40,28,15,27,13,35,41,42,47,5,14,23,48,29,49,12,39,34,4,10,30,16,36
430;4575;4575;12501;37,32,9,25,0,40,43,42,21,27,33,46,31,15,20,35,14,44,38,18,49,7,10,12,19,47,16,36,30,4,23,8,6,39,28,26,34,13,11,3,22,2,24,29,5,1,48,45,41,17
431;4557;4557;12502;2,9,0,8,11,25,45,42,15,13,39,37,27,35,23,6,20,46,5,18,1,16,32,47,17,7,36,14,34,12,24,4,21,38,30,33,10,48,31,41,49,3,40,29,19,43,22,26,44,28
432;4544;4544;12501;20,46,8,16,22,5,39,44,9,13,38,21,35,28,1,32,2,29,7,41,48,49,10,30,37,24,31,11,33,17,34,6,36,23,43,3,25,19,15,42,4,47,14,18,26,27,0,40,45,12
433;4524;4524;12502;33,36,34,14,20,18,10,23,0,29,28,7,11,32,47,49,41,19,16,5,26,30,46,39,22,13,43,17,25,37,48,2,4,40,9,12,3,8,44,1,27,15,31,42,21,38,45,24,35,6
434;4565;4565;12500;13,36,23,10,34,8,15,26,33,25,5,30,32,48,22,6,7,39,20,38,35,21,19,18,42,46,12,47,4,37,40,9,1,31,24,2,41,3,49,0,44,16,27,28,14,17,29,11,45,43
435;4559;4559;12500;28,10,49,46,44,6,35,26,48,41,11,15,24,43,12,1,31,40,9,5,19,23,3,7,36,27,22,25,47,20,29,18,42,33,37,4,14,16,0,8,45,38,34,21,17,32,13,2,30,39
436;4564;4564;12501;37,5,31,48,36,19,38,39,25,33,0,18,13,10,2,43,44,35,21,32,24,23,20,27,4,30,34,6,45,7,26,47,3,12,15,28,9,42,17,40,11,1,14,22,41,46,8,49,16,29
437;4512;4512;12501;4,33,18,28,9,15,8,42,32,26,20,12,47,3,7,10,46,6,21,43,37,25,30,31,14,13,24,48,40,5,23,19,38,16,0,22,39,36,49,44,34,45,17,41,35,2,1,27,29,11
438;4514;4514;12501;15,46,9,49,42,27,21,19,5,23,26,45,7,11,29,14,28,17,31,32,44,41,38,2,0,24,1,40,18,4,8,3,43,25,30,20,10,13,36,47,6,39,35,34,16,33,12,37,48,22
439;4502;4502;12502;43,17,16,11,8,26,37,14,0,36,47,24,9,2,34,20,41,3,28,32,7,38,42,13,4,30,29,12,25,39,15,35,45,46,49,40,22,5,21,10,44,19,27,33,48,6,1,31,18,23
440;4493;4493;12502;40,29,48,9,37,8,44,18,35,1,5,41,27,14,12,20,7,3,6,24,45,43,49,15,4,38,21,26,42,47,13,22,46,11,30,17,23,39,2,33,36,10,0,19,16,32,25,34,28,31
441;4547;4547;12500;4,17,6,20,35,33,25,23,1,46,36,30,2,22,48,15,9,18,21,44,13,10,24,37,28,0,31,49,14,3,26,32,43,7,16,34,12,42,40,27,19,11,39,45,8,38,41,29,5,47
442;4551;4551;12500;41,1,25,21,12,17,19,10,38,44,45,42,37,7,6,34,28,5,18,23,47,9,15,16,32,43,24,35,0,49,40,3,39,30,20,26,13,46,22,2,33,36,14,8,27,29,31,48,11,4
443;4570;4570;12502;40,34,29,25,37,6,12,19,30,23,47,15,28,42,11,21,14,49,27,39,32,13,44,5,38,1,4,41,9,0,43,18,8,31,45,36,20,24,2,22,7,46,17,33,10,16,26,48,3,35
444;4553;4553;12502;5,33,17,40,29,18,14,19,13,24,11,46,25,37,47,36,49,35,38,31,20,26,23,3,9,8,22,48,15,21,43,12,7,44,10,2,42,28,1,30,32,45,6,39,16,34,41,0,4,27
445;4558;4558;12501;8,48,5,23,26,6,18,37,36,13,7,20,31,46,34,29,1,39,15,2,22,40,30,33,0,45,42,25,3,10,27,43,41,14,4,12,9,17,11,35,16,49,38,47,24,19,44,21,32,28
446;4579;4579;12502;48,15,10,22,5,21,30,11,28,20,7,41,16,19,47,12,4,43,42,3,32,34,24,26,13,25,23,33,36,37,39,17,44,14,0,29,8,2,9,38,31,49,35,6,27,46,40,45,18,1
447;4575;4575;12500;36,37,6,20,21,26,11,25,33,46,5,8,23,48,44,2,27,32,45,31,18,12,19,40,38,4,13,47,16,14,30,43,29,28,7,41,9,17,42,24,34,10,0,1,22,39,35,3,49,15
448;4477;4477;12502;25,32,18,4,49,10,47,2,15,23,40,12,36,8,11,0,28,29,41,19,39,21,30,42,26,7,48,34,5,46,13,45,20,6,9,22,27,37,14,1,38,31,44,3,17,43,35,33,16,24
449;4553;4553;12502;38,24,14,39,35,13,37,48,45,18,16,34,11,43,42,10,5,21,30,8,41,7,0,32,49,28,12,44,17,6,1,33,20,19,15,4,29,27,47,26,22,36,23,2,9,25,3,31,46,40
450;4552;4552;12501;6,15,0,46,38,1,32,26,40,47,9,44,41,43,29,13,22,45,11,12,18,14,8,30,19,4,25,16,2,42,21,35,27,36,3,23,17,48,31,7,33,5,34,37,10,39,24,28,49,20
451;4554;4554;12501;46,2,15,1,47,25,27,35,43,13,41,20,23,9,31,44,16,5,8,22,39,3,29,4,11,24,26,28,17,19,21,34,14,40,0,38,48,7,30,6,42,33,32,45,36,49,10,18,12,37
452;4555;4555;12500;0,11,22,19,8,9,14,28,39,47,35,36,44,32,7,3,13,6,27,2,46,1,41,43,40,42,24,49,26,34,17,4,37,21,20,12,45,30,29,5,38,10,16,25,31,33,48,23,18,15
453;4547;4547;12500;25,39,11,31,10,35,38,27,49,9,4,33,36,41,1,17,7,15,3,34,19,16,30,20,23,44,42,46,12,47,45,14,8,18,28,43,5,40,21,32,24,29,22,0,2,48,26,13,6,37
454;4554;4554;12501;25,28,1,48,15,46,47,9,45,23,22,16,30,14,35,41,4,37,7,39,38,10,42,21,12,34,36,27,40,11,19,6,17,8,18,0,13,24,33,20,5,26,49,31,32,29,2,3,44,43
455;4561;4561;12502;39,34,49,11,12,10,9,37,28,6,15,3,45,31,25,44,0,26,1,36,2,30,35,22,16,33,18,4,42,20,23,7,29,13,8,47,43,17,14,32,5,41,24,46,40,19,48,21,27,38
456;4552;4552;12502;0,34,45,13,7,14,23,10,5,6,20,33,18,28,17,40,12,38,4,29,49,30,19,35,2,16,31,46,48,3,8,41,11,25,22,47,21,44,36,1,32,26,24,37,15,39,27,9,43,42
457;4570;4570;12501;43,17,33,3,10,31,2,20,37,27,19,23,8,32,7,1,36,44,24,14,12,49,18,13,4,22,15,0,16,47,26,45,11,39,34,6,5,35,25,38,29,46,21,9,41,30,42,40,28,48
458;4547;4547;12500;31,8,44,12,25,27,13,15,1,41,32,5,7,42,24,14,43,2,0,26,23,9,21,3,20,4,40,10,22,19,46,36,47,38,17,49,18,45,34,28,33,39,30,48,11,35,6,16,37,29
459;4543;4543;12500;21,2,3,41,20,28,19,23,36,33,31,15,1,9,5,14,26,40,25,27,12,38,24,4,43,42,45,6,17,0,30,22,35,16,18,32,8,13,11,48,39,49,29,10,46,44,37,34,47,7
460;4561;4561;12500;21,37,11,32,18,20,8,16,33,42,29,7,39,23,43,48,5,47,45,25,12,36,4,38,30,27,10,15,34,19,9,14,6,44,0,22,13,3,41,24,2,35,28,31,1,17,26,49,46,40
461;4570;4570;12500;11,5,35,44,48,46,41,28,31,17,45,24,8,6,13,33,29,40,10,0,1,32,26,42,20,2,22,34,7,19,3,37,30,38,27,25,36,39,9,43,12,23,14,47,16,18,15,4,21,49
462;4544;4544;12502;15,3,11,26,35,4,16,47,12,31,10,36,38,29,20,22,28,39,1,43,0,49,25,23,21,46,40,17,42,19,32,34,9,7,18,33,13,24,27,41,5,6,8,45,2,44,37,30,48,14
463;4577;4577;12500;19,30,5,46,25,48,9,15,22,26,0,6,1,45,37,11,33,39,34,7,38,41,10,27,32,20,13,29,17,21,23,40,42,35,44,47,8,3,18,28,36,2,4,12,16,43,31,49,14,24
464;4555;4555;12500;11,42,47,36,28,32,15,25,40,41,49,4,30,6,14,8,7,21,26,12,9,16,29,44,17,34,24,45,38,18,1,22,13,37,46,5,39,0,3,27,48,19,33,23,10,20,43,35,2,31
465;4561;4561;12500;20,14,9,27,44,48,3,32,1,2,5,33,38,37,8,39,45,22,28,21,29,41,40,0,11,31,12,18,15,4,24,17,43,26,16,13,10,23,42,30,35,49,36,34,19,6,46,47,25,7
466;4560;4560;12501;4,36,14,38,20,26,33,9,44,37,25,23,13,29,39,35,32,3,6,42,18,21,15,19,5,12,46,40,16,48,47,34,2,49,1,22,30,45,11,24,7,27,28,43,31,17,10,41,0,8
467;4560;4560;12501;44,30,29,27,12,26,19,45,1,15,8,46,4,21,40,3,13,31,11,42,35,23,6,49,16,10,28,47,43,36,0,25,24,41,22,32,18,33,17,34,9,2,48,14,20,5,7,39,37,38
468;4516;4516;12501;11,18,44,36,0,28,29,6,7,17,26,15,21,3,20,23,33,46,39,49,12,4,42,40,9,10,31,14,32,16,2,45,8,41,47,27,19,34,13,48,22,35,1,24,37,43,5,30,38,25
469;4565;4565;12501;18,2,25,48,42,4,10,41,30,14,22,6,8,49,43,12,21,15,9,33,37,5,23,36,32,7,16,20,31,0,34,3,26,13,11,46,40,29,39,28,17,38,24,19,35,47,44,27,1,45
470;4485;4485;12501;14,47,12,26,13,36,39,31,20,43,17,1,4,40,44,34,45,24,18,8,33,29,9,15,30,38,11,37,16,21,42,41,6,19,23,3,5,0,25,32,10,49,48,7,27,22,46,2,28,35
471;4542;4542;12501;26,48,11,15,20,35,42,17,8,18,3,46,33,2,10,27,29,7,44,12,36,22,25,43,16,4,40,37,30,47,24,9,31,23,38,28,19,39,1,41,6,14,21,49,5,34,32,13,45,0
472;4537;4537;12501;17,47,9,46,10,19,8,12,33,23,49,41,36,1,27,48,3,13,26,24,21,11,29,25,40,5,37,15,44,0,38,32,2,45,30,34,43,16,22,35,31,20,7,18,42,4,6,14,39,28
473;4397;4397;12501;28,26,47,41,27,3,7,15,21,39,48,1,22,4,2,17,49,45,12,43,13,8,9,11,38,37,30,14,44,34,18,46,42,16,29,0,10,19,20,25,31,35,33,24,23,40,36,32,6,5
474;4543;4543;12501;39,48,20,21,1,4,47,42,9,24,25,11,30,33,15,41,5,2,37,8,12,49,38,40,10,18,35,16,31,26,36,14,13,44,28,19,0,17,29,43,46,45,22,3,6,34,27,32,7,23
475;4568;4568;12500;2,0,16,42,31,3,40,1,11,9,19,6,34,35,28,37,29,26,49,24,36,39,47,12,45,44,43,41,38,46,4,25,14,15,21,32,33,13,27,20,48,5,10,8,17,7,30,18,23,22
476;4542;4542;12500;3,32,46,20,41,0,27,48,45,25,10,23,35,2,9,33,5,22,11,39,47,28,31,36,16,6,42,30,1,49,38,17,14,24,43,15,44,8,13,4,37,21,18,19,34,12,26,7,40,29
477;4553;4553;12501;40,14,34,48,18,36,12,29,30,17,32,43,22,10,4,2,11,28,46,26,8,16,13,7,5,19,25,21,38,47,23,27,37,3,0,44,45,49,39,31,35,42,20,41,24,15,1,33,6,9
478;4453;4453;12502;4,9,26,33,18,46,31,7,37,39,22,40,21,16,32,38,28,20,35,14,29,11,19,42,30,44,47,13,8,36,15,6,17,24,45,3,5,25,2,34,49,48,41,0,27,43,12,1,10,23
479;4537;4537;12501;30,31,4,24,29,26,20,19,34,21,33,16,42,17,32,13,18,39,5,40,25,36,10,47,12,35,46,0,2,49,48,11,22,28,8,14,1,9,44,27,37,43,41,23,7,45,38,3,6,15
480;4551;4551;12501;20,49,3,29,11,37,22,13,26,41,2,39,35,31,30,19,40,46,34,24,33,1,45,10,28,42,36,27,6,48,32,44,5,47,4,14,23,9,0,12,25,21,7,15,16,43,38,17,18,8
481;4550;4550;12502;42,25,0,29,10,26,19,32,14,18,33,31,27,44,49,20,11,35,43,7,37,12,15,4,21,17,8,45,3,40,9,2,28,22,5,36,41,1,34,46,24,30,38,6,16,48,23,39,13,47
482;4447;4447;12500;3,43,22,35,13,25,24,47,46,49,40,10,34,28,9,29,8,21,7,48,12,31,36,16,5,19,30,26,17,23,20,18,14,2,45,11,0,39,44,33,4,42,32,6,27,1,37,41,15,38
483;4515;4515;12500;14,11,49,0,17,35,25,37,2,23,20,26,13,33,47,42,12,1,10,43,32,21,22,24,7,30,18,4,40,8,29,19,36,31,5,45,48,34,28,41,38,16,6,9,44,27,46,39,15,3
484;4550;4550;12500;38,35,24,28,21,1,18,25,19,45,6,12,42,7,15,0,10,5,20,22,3,41,49,39,44,23,29,17,11,9,43,8,37,32,33,13,30,48,46,36,26,27,4,47,40,2,14,31,34,16
485;4563;4563;12501;27,5,19,4,38,0,42,8,28,33,37,2,14,13,22,43,41,49,23,16,31,3,18,46,6,26,30,48,7,35,20,39,34,32,29,24,40,10,15,12,44,47,21,17,9,36,11,45,1,25
486;4559;4559;12500;33,32,21,47,20,3,29,27,9,23,10,14,6,45,28,22,18,11,2,40,5,48,26,30,16,36,46,19,8,42,13,1,49,25,12,4,43,15,17,44,7,0,39,38,41,34,24,37,31,35
487;4573;4573;12501;47,16,13,24,17,12,34,32,7,40,2,41,0,44,36,49,43,11,35,26,15,27,38,9,39,25,37,30,1,21,33,14,4,42,10,3,20,5,29,6,46,48,23,8,31,19,18,28,45,22
488;4573;4573;12500;34,36,28,8,14,46,3,35,9,18,19,4,48,10,13,23,24,44,47,30,6,43,0,7,2,5,32,12,29,31,17,26,42,20,16,21,49,39,38,41,27,45,11,1,37,33,22,15,40,25
489;4559;4559;12500;43,39,9,41,16,15,29,5,42,11,10,49,6,4,48,8,47,12,40,44,34,32,7,18,38,37,13,14,35,21,0,26,2,17,22,1,27,3,25,31,46,20,36,30,23,45,24,28,33,19
490;4546;4546;12500;0,27,32,11,30,12,13,4,23,15,38,45,28,7,10,14,35,18,20,6,5,22,1,39,25,41,24,8,49,43,44,31,46,48,37,16,26,2,42,9,3,21,40,47,36,19,29,17,34,33
491;4551;4551;12500;22,15,20,11,37,26,41,38,42,46,49,23,28,3,9,32,31,40,2,1,34,36,25,44,27,5,6,8,35,39,45,30,47,48,24,21,7,0,16,19,29,43,14,17,18,4,13,10,33,12
492;4567;4567;12500;23,29,27,25,31,32,45,0,20,10,30,16,6,38,37,41,19,14,22,17,35,7,1,48,46,2,28,42,13,5,33,44,36,21,26,4,34,39,9,47,8,49,12,11,18,3,15,24,43,40
493;4553;4553;12502;14,15,32,9,44,17,25,21,37,28,31,1,43,4,27,42,2,5,49,47,29,40,36,22,16,38,45,12,24,3,6,30,0,23,7,20,13,26,8,33,10,35,18,48,41,34,46,19,39,11
494;4553;4553;12501;9,26,4,0,27,49,37,2,42,6,34,15,7,41,43,24,45,32,35,19,25,13,11,47,17,29,23,5,21,38,39,1,31,28,20,8,12,36,10,30,40,44,16,14,46,48,22,33,3,18
495;4550;4550;12500;38,3,41,40,6,34,12,30,25,29,9,35,49,4,24,13,19,28,26,15,44,21,11,18,45,27,8,32,1,42,39,16,47,7,37,14,43,31,0,33,20,22,10,5,17,23,2,46,36,48
496;4227;4227;12502;15,12,16,31,2,39,9,10,41,5,1,17,37,36,30,45,42,21,20,4,23,49,27,44,34,48,29,25,38,47,24,13,40,43,22,28,3,6,11,18,46,35,32,26,8,19,14,7,0,33
497;4588;4588;12502;37,25,9,21,20,36,34,38,15,46,31,28,7,3,8,30,1,0,27,39,29,18,16,4,47,40,12,17,19,24,33,2,22,13,14,42,44,43,6,26,41,48,5,49,23,10,35,32,11,45
498;4555;4555;12502;49,14,29,22,31,44,1,9,34,5,18,17,39,11,41,6,2,37,25,24,32,7,13,33,0,12,3,15,16,8,26,38,43,48,47,30,28,40,23,42,19,10,27,35,21,4,36,46,45,20
499;4485;4485;12500;46,21,41,36,49,12,27,20,6,43,10,30,0,1,2,15,17,22,31,7,26,5,19,45,23,25,16,48,47,38,40,4,35,9,18,44,14,24,33,3,29,8,42,39,32,13,28,37,11,34
