0;5439;5439;35003;5,57,42,44,34,19,15,3,76,56,79,45,25,62,16,77,65,53,36,9,47,23,74,20,70,2,71,78,48,40,0,26,59,61,4,52,46,33,73,22,27,66,50,54,68,69,51,21,11,38,55,7,12,60,6,41,72,30,32,37,14,35,31,29,64,43,17,75,1,8,13,49,24,67,18,39,63,10,58,28
1;5435;5435;35001;34,35,54,18,5,20,8,29,11,37,65,56,39,42,64,21,58,76,57,40,1,6,78,67,63,19,43,4,2,47,69,17,36,50,27,68,38,71,0,75,61,45,52,74,51,14,70,10,22,53,48,28,33,9,66,59,16,32,26,46,60,30,44,12,23,79,77,24,15,3,62,72,31,55,7,41,49,73,13,25
2;5389;5389;35001;5,69,59,71,55,61,49,73,79,74,1,43,19,52,32,7,78,40,33,38,23,8,65,39,76,68,62,4,72,37,36,3,27,44,9,2,31,64,53,10,29,75,30,50,67,20,21,63,56,57,13,12,28,6,77,17,0,22,47,14,24,35,58,15,45,46,16,25,11,70,18,41,54,26,34,66,51,42,60,48
3;5450;5450;35000;8,5,62,20,16,72,50,53,43,70,44,40,77,27,61,55,35,28,19,73,0,36,63,67,71,15,68,60,48,31,7,69,76,78,59,23,13,45,10,30,46,3,54,58,2,37,34,26,1,38,4,65,42,9,51,74,79,22,47,12,57,64,41,11,52,32,75,33,14,21,39,25,66,29,49,6,18,56,24,17
4;5440;5440;35000;73,8,28,24,45,60,50,46,70,7,33,68,52,58,38,2,35,66,76,16,79,31,27,10,55,36,49,67,12,48,39,65,34,44,77,29,6,64,43,0,3,26,14,51,15,1,72,54,40,9,56,18,53,59,32,17,74,69,57,19,63,47,20,37,42,23,78,25,4,62,21,5,75,11,61,22,41,71,30,13
5;5437;5437;35005;22,56,79,9,47,49,76,71,78,10,4,72,57,3,15,46,73,20,12,7,52,1,62,63,67,65,35,42,70,64,23,8,43,74,27,40,26,18,75,69,19,44,60,31,53,34,59,50,36,37,13,24,66,30,39,14,2,32,29,41,16,48,45,5,58,77,0,6,38,17,21,51,54,11,25,61,55,28,33,68
6;5446;5446;35004;44,0,8,72,70,45,32,48,58,13,43,14,60,10,25,16,27,6,26,52,19,33,79,71,9,50,65,46,42,73,28,35,77,31,76,1,68,78,15,41,30,59,29,21,47,69,22,67,49,51,62,17,56,39,36,23,7,66,24,57,11,55,75,64,34,5,4,53,18,12,54,63,74,40,3,2,37,38,61,20
7;5436;5436;35005;40,76,24,57,44,58,46,34,39,60,28,68,19,61,75,26,25,51,64,79,63,70,33,35,6,78,38,47,7,23,53,30,2,37,48,14,71,50,55,73,66,65,72,11,41,0,22,13,20,10,18,59,1,49,15,31,45,69,16,3,17,52,27,21,43,74,77,36,12,4,56,67,29,54,32,5,42,62,8,9
8;5426;5426;35002;5,2,44,53,63,61,68,38,16,40,33,28,51,59,57,49,18,29,13,1,52,24,32,39,71,56,64,31,78,4,47,9,6,14,26,21,55,79,76,70,23,3,50,25,7,73,17,74,15,37,48,27,42,62,34,11,8,12,75,30,36,69,72,19,43,67,54,22,41,0,35,10,20,60,65,58,77,46,45,66
9;4809;4809;35003;64,40,50,58,70,15,23,32,2,4,35,66,16,78,39,47,41,13,61,1,24,6,22,37,31,19,68,75,56,17,77,46,38,20,26,48,53,62,29,14,51,57,30,55,34,42,27,33,11,52,49,79,7,25,28,60,44,21,67,69,74,73,65,9,3,8,59,36,0,45,71,72,54,76,43,5,18,10,63,12
10;5401;5401;35000;72,6,70,26,75,71,55,48,23,32,35,50,15,3,74,66,58,43,8,19,45,62,1,5,39,9,47,11,36,25,16,56,21,0,57,69,73,24,33,31,68,28,60,27,29,63,20,67,34,30,53,14,42,65,18,54,4,46,41,64,37,40,44,51,13,77,12,61,76,7,10,49,2,38,59,22,52,78,17,79
11;5489;5489;35004;70,41,68,10,4,13,15,56,45,59,32,35,77,69,48,26,37,76,39,52,12,5,20,57,65,50,3,7,72,16,29,58,66,36,60,17,23,27,44,53,64,31,21,47,75,61,30,28,51,67,71,18,62,25,79,19,6,8,78,73,49,9,1,34,40,24,74,0,11,54,38,22,46,42,2,43,55,63,33,14
12;5443;5443;35000;33,11,19,68,71,35,20,40,1,24,74,61,75,8,15,79,4,48,5,39,59,9,64,44,73,57,0,12,26,25,46,76,58,7,6,41,16,52,54,45,62,29,30,32,49,23,31,22,70,36,34,3,55,28,21,63,56,77,38,17,51,14,47,65,18,50,10,67,43,69,37,27,53,78,42,2,60,66,13,72
13;5447;5447;35002;6,10,44,8,13,69,34,0,72,19,46,22,53,18,9,64,4,57,52,17,73,78,38,20,16,74,31,77,15,60,25,40,7,51,5,66,27,26,43,23,49,62,33,50,56,55,21,35,68,54,30,48,41,76,32,58,71,65,11,59,67,61,37,47,39,36,28,63,79,24,70,2,75,42,12,14,45,1,29,3
14;5444;5444;35006;14,27,29,45,9,24,41,55,78,60,3,20,53,17,79,0,64,31,28,11,10,30,12,37,42,2,16,76,66,7,35,22,38,33,21,69,34,18,1,15,36,51,58,47,72,46,71,75,6,57,5,61,54,40,73,50,68,32,49,59,23,52,67,65,19,44,62,8,26,43,39,13,25,63,77,70,56,74,48,4
15;5443;5443;35002;64,19,41,1,37,18,28,34,17,59,31,35,53,61,75,70,7,39,3,47,23,5,54,30,33,12,55,79,26,63,29,15,13,56,20,57,9,73,71,52,27,60,8,38,74,69,67,50,25,16,77,4,46,22,65,43,40,51,58,32,44,68,76,36,14,24,48,10,42,72,0,78,49,66,62,2,21,45,11,6
16;5447;5447;35001;75,10,68,77,78,29,37,28,53,48,62,6,12,30,55,40,63,26,71,33,73,18,59,7,20,46,14,35,13,72,0,51,22,41,39,23,54,8,36,58,43,61,4,3,27,67,17,49,66,50,5,25,45,34,31,9,16,79,56,76,2,74,24,19,64,32,44,70,15,47,38,21,1,65,57,60,52,42,69,11
17;5420;5420;35003;49,7,36,3,29,17,52,47,44,24,74,20,32,2,28,78,30,46,65,8,0,6,61,40,69,57,19,16,70,27,4,56,12,34,5,60,1,39,71,50,41,54,11,33,73,18,15,45,43,9,68,55,59,13,22,10,14,75,77,42,64,63,38,23,21,58,51,37,35,25,72,48,66,67,76,62,79,53,26,31
18;5448;5448;35001;6,69,15,66,75,73,26,22,14,21,60,64,79,77,70,19,5,29,31,67,48,49,11,78,38,76,50,9,1,35,46,0,37,13,56,52,23,57,34,28,17,33,54,27,2,36,65,63,51,44,12,61,71,10,45,62,18,16,8,25,4,39,55,24,7,53,32,43,30,41,58,20,59,72,42,47,74,3,68,40
19;5439;5439;35005;37,2,16,34,62,40,79,35,71,23,72,36,78,75,65,11,32,17,24,74,59,28,43,26,20,48,9,22,53,56,1,67,77,52,57,0,33,10,64,45,61,51,70,60,30,49,38,66,5,15,39,12,4,13,54,25,68,18,42,3,69,21,47,8,73,41,76,31,29,50,46,58,55,44,63,6,14,7,19,27
20;5444;5444;35001;51,13,58,47,15,33,70,67,64,39,38,21,59,37,78,34,43,8,79,36,69,48,29,77,66,2,28,54,19,26,71,22,16,60,14,7,20,35,9,49,76,56,41,5,18,11,65,53,0,10,27,45,12,32,50,55,1,52,3,75,61,74,25,17,24,40,46,42,6,31,72,63,62,30,73,68,23,44,4,57
21;5411;5411;35002;47,7,61,33,34,58,19,38,24,75,6,60,26,72,20,36,17,12,53,9,74,39,13,65,67,78,51,16,73,28,23,45,21,42,25,8,14,43,71,32,11,55,18,27,3,29,10,50,4,35,64,0,63,44,37,59,70,68,22,30,66,79,62,46,5,69,41,15,49,31,57,40,48,54,56,76,52,1,77,2
22;5445;5445;35001;56,33,51,76,5,49,13,9,40,26,77,60,73,34,7,4,22,39,23,15,12,8,64,3,78,28,36,41,10,61,66,57,19,32,24,27,14,38,29,31,25,58,0,16,75,42,37,50,62,46,20,30,45,54,47,79,59,52,17,44,11,72,69,67,35,70,55,18,1,63,21,71,43,68,74,6,2,48,65,53
23;5447;5447;35005;32,63,16,8,70,1,43,71,29,22,76,14,45,47,64,30,53,12,52,35,75,6,40,55,27,26,0,11,51,67,65,46,49,28,60,78,23,20,38,19,54,57,21,10,50,4,44,62,48,42,9,58,41,13,7,15,74,36,77,18,24,37,72,2,68,73,69,31,17,5,61,25,66,79,59,34,39,56,3,33
24;5333;5333;35004;9,15,58,44,56,11,54,48,19,71,62,78,32,43,55,38,6,53,59,64,52,27,46,31,22,28,39,2,26,35,49,33,12,45,73,36,30,57,65,77,3,66,14,17,20,67,7,47,0,24,76,75,68,1,41,72,5,70,40,51,50,42,13,10,61,18,69,74,16,4,34,21,79,60,37,8,29,63,23,25
25;5406;5406;35002;27,43,29,14,3,77,37,21,69,12,55,44,62,63,59,1,32,72,26,74,53,2,46,36,28,13,31,15,10,48,40,75,56,67,17,8,65,24,60,57,51,25,42,49,66,39,78,47,22,4,45,38,68,64,23,52,54,34,9,61,5,6,76,30,33,11,16,20,19,7,0,35,58,70,71,50,73,41,18,79
26;5390;5390;35000;19,18,53,36,6,58,52,69,25,59,66,79,62,14,15,11,34,0,47,70,4,32,38,57,75,55,45,35,8,33,31,9,21,7,51,60,68,44,16,30,65,24,64,26,2,67,77,74,63,20,61,1,3,12,73,41,43,22,71,72,54,76,78,56,29,17,13,40,5,50,37,28,27,49,46,23,42,48,39,10
27;5441;5441;35005;37,46,69,6,60,77,49,18,68,19,59,44,39,56,64,62,22,9,12,31,23,63,1,48,21,70,17,15,53,4,35,73,0,65,20,24,61,75,42,72,45,11,2,34,43,14,8,10,25,16,47,3,33,32,78,7,66,57,5,71,54,13,26,38,74,28,27,76,30,36,29,51,50,52,41,58,40,79,55,67
28;5428;5428;35001;9,47,62,73,57,58,23,27,24,43,49,55,15,54,19,72,35,12,77,53,16,28,34,1,56,38,44,10,39,64,4,61,21,3,48,50,31,45,32,75,71,37,29,6,25,65,74,14,7,41,36,69,20,68,60,52,67,30,70,33,18,0,42,8,22,13,51,26,76,66,46,79,11,17,5,40,63,59,2,78
29;5449;5449;35004;26,47,54,66,12,4,21,35,23,22,53,73,27,60,57,14,69,61,42,24,39,55,48,18,49,33,65,74,2,40,79,20,67,76,50,38,34,58,63,77,0,8,59,51,72,16,68,36,9,7,29,6,70,64,19,45,75,44,52,43,56,31,3,15,30,46,28,32,78,37,13,71,11,25,10,41,17,62,1,5
30;5444;5444;35005;19,47,36,28,12,38,13,56,26,71,41,46,17,57,43,8,69,20,3,65,77,22,54,2,34,7,5,25,35,39,0,72,66,51,21,58,78,75,59,37,29,15,27,44,14,10,16,55,24,33,50,1,45,60,42,61,11,6,9,76,4,31,32,23,62,68,64,73,67,40,63,49,30,18,79,53,48,70,52,74
31;5438;5438;35000;0,31,5,18,10,43,44,60,8,20,7,2,64,29,77,11,25,59,79,9,1,56,51,75,19,27,67,28,37,40,42,49,46,38,26,21,78,15,72,35,45,73,76,30,41,22,58,66,52,74,17,3,23,57,62,34,47,14,33,32,12,48,70,71,69,6,13,63,61,24,16,36,53,55,68,54,4,65,39,50
32;5456;5456;35005;8,3,20,61,74,42,36,45,12,5,9,41,39,27,54,49,17,57,69,34,43,24,73,55,77,50,30,1,32,70,14,76,2,51,37,10,72,29,47,75,6,26,65,40,22,78,56,66,63,58,15,64,44,7,21,46,52,19,16,38,79,60,59,11,31,53,13,71,67,4,68,62,18,28,23,35,33,25,48,0
33;5497;5497;35004;70,37,34,14,43,13,42,78,7,47,20,66,76,67,11,19,64,73,30,59,5,49,31,6,28,16,3,24,41,2,63,22,69,72,50,58,46,27,40,55,52,1,33,23,4,74,56,10,26,54,71,18,0,8,12,15,35,36,75,65,25,79,51,77,9,60,62,44,61,53,21,32,68,39,38,48,29,57,45,17
34;5434;5434;35000;7,30,44,56,49,55,35,26,42,69,21,50,61,17,28,43,53,63,24,62,34,33,77,52,70,74,57,38,48,40,13,65,45,73,1,14,54,46,29,68,39,11,58,18,16,12,51,31,79,59,75,27,22,76,67,71,25,9,2,8,32,6,20,3,78,10,23,19,15,66,47,72,41,64,60,37,36,4,0,5
35;5419;5419;35004;7,68,52,22,49,30,18,17,16,61,63,33,54,45,57,53,5,41,59,27,36,12,1,11,34,21,77,55,25,32,62,9,23,50,29,2,39,48,72,69,51,42,24,19,65,74,79,6,20,13,37,73,8,44,40,26,47,75,14,71,56,31,0,28,66,10,4,78,3,35,46,70,58,67,38,43,15,64,76,60
36;5443;5443;35003;53,51,11,1,14,74,69,52,21,17,61,43,3,37,32,19,30,67,33,60,36,45,49,75,57,38,25,47,78,72,29,40,42,7,79,0,34,31,64,26,59,71,16,24,41,62,39,77,73,8,20,15,18,63,35,58,2,9,12,46,6,55,44,66,56,10,5,13,27,76,50,48,28,22,23,70,4,68,65,54
37;5441;5441;35003;63,17,31,59,74,72,60,0,69,16,68,61,45,1,7,5,39,4,35,48,12,73,32,67,26,58,2,42,65,64,18,70,27,23,41,46,55,6,21,14,66,19,76,43,56,47,75,9,36,62,71,33,20,34,15,29,54,10,24,52,38,49,30,3,53,22,78,25,40,77,50,57,28,13,51,79,44,11,37,8
38;5443;5443;35004;5,50,14,57,58,56,72,73,71,53,30,25,68,69,15,24,18,76,39,64,8,19,33,66,49,59,51,31,22,52,4,32,16,29,6,63,21,42,62,38,60,2,12,78,61,10,54,37,74,28,70,1,79,77,20,35,17,48,36,3,44,7,0,47,11,45,9,46,34,55,41,23,67,27,13,43,75,26,65,40
39;5463;5463;35004;68,53,43,63,2,73,29,16,69,64,41,42,10,0,62,61,52,78,15,9,39,60,50,66,70,20,25,28,1,59,23,12,6,57,40,13,7,38,27,58,76,21,8,24,75,36,3,51,35,44,45,37,79,31,65,19,47,4,48,71,26,74,5,46,11,72,67,17,77,55,54,56,22,49,18,33,30,32,34,14
40;5437;5437;35003;63,31,56,5,64,18,44,30,24,17,13,48,38,51,66,42,20,71,14,25,11,55,3,16,27,6,78,1,57,69,74,2,50,40,0,29,4,67,54,9,47,23,37,41,8,21,52,73,22,49,46,26,70,12,68,19,61,65,15,43,39,62,34,35,7,32,79,33,77,28,72,36,58,60,75,10,45,53,76,59
41;5440;5440;35003;66,45,47,5,70,44,73,71,6,10,11,59,53,58,24,31,55,67,64,27,61,22,30,19,42,74,40,57,50,49,54,12,23,13,3,1,4,46,0,36,43,28,51,9,77,35,26,8,25,39,60,48,37,62,78,16,34,79,56,14,52,29,68,18,69,75,33,21,15,2,20,7,65,32,38,63,72,76,41,17
42;5431;5431;35004;32,16,57,70,25,71,31,7,50,18,33,49,73,61,66,54,9,34,2,38,19,4,11,76,37,29,56,20,77,22,51,68,10,63,39,75,24,55,36,45,43,44,41,5,27,74,58,6,48,47,17,79,60,59,40,65,52,15,69,35,72,28,14,42,53,46,23,30,1,13,78,62,26,67,21,12,3,64,0,8
43;5439;5439;35001;40,62,27,9,0,10,11,73,67,63,56,57,74,16,13,15,26,18,46,52,44,8,30,71,12,51,55,72,68,75,35,25,22,64,32,31,43,23,1,4,34,29,42,20,50,69,76,53,77,61,3,17,66,78,33,54,79,60,38,37,7,47,19,45,70,49,28,14,6,39,48,36,58,59,21,2,24,65,5,41
44;5444;5444;35005;30,61,70,44,13,47,59,75,3,26,25,41,7,54,8,42,46,21,22,57,62,43,65,69,18,36,23,50,72,78,39,77,37,4,73,1,17,2,74,16,24,53,68,56,58,31,32,76,5,79,40,0,71,29,66,45,55,67,15,34,9,14,27,60,19,52,64,28,10,20,12,35,33,38,11,48,49,51,6,63
45;5440;5440;35002;26,63,33,28,29,65,0,64,4,24,59,76,49,62,30,66,20,3,12,48,68,27,69,60,1,72,34,75,70,32,19,77,25,13,7,53,40,50,36,74,47,11,71,17,41,31,39,21,46,10,73,15,79,51,58,38,9,44,18,14,22,35,56,6,57,67,55,43,78,5,61,54,8,2,16,42,37,45,23,52
46;5446;5446;35004;10,27,48,73,75,71,63,67,7,41,12,3,45,65,16,50,36,79,52,58,30,46,1,57,76,11,4,78,23,69,34,54,6,59,40,31,35,39,19,66,25,17,62,38,49,37,53,42,64,72,21,60,77,18,29,68,13,28,43,24,20,44,61,2,70,9,47,8,55,0,51,33,14,26,56,15,22,74,5,32
47;3923;3923;35000;53,3,16,8,10,56,69,48,2,7,11,62,50,49,44,51,32,47,78,33,18,28,73,65,0,12,4,36,77,15,70,38,42,13,30,5,43,29,54,66,6,76,40,64,14,63,68,31,23,17,19,24,57,37,22,25,35,52,71,79,67,72,41,34,9,75,74,26,20,1,27,60,59,46,45,61,21,39,55,58
48;5147;5147;35006;57,79,68,31,29,72,49,43,37,19,78,40,47,20,70,67,2,44,77,33,0,16,76,69,25,71,30,5,53,13,42,22,6,21,56,26,58,41,15,24,61,3,52,35,65,55,62,1,28,60,18,75,63,66,45,4,10,11,36,51,39,27,12,74,50,38,34,23,9,48,54,17,8,14,7,32,64,73,46,59
49;5319;5319;35002;12,17,8,34,11,28,75,0,58,4,18,38,37,70,30,40,10,60,25,31,23,49,64,47,43,9,68,73,26,66,72,2,78,76,29,20,57,54,62,63,22,51,15,67,5,77,74,71,79,53,1,48,65,13,52,3,35,42,44,46,59,24,45,21,19,50,33,27,41,56,61,55,39,32,16,7,36,14,6,69
50;5429;5429;35003;14,46,36,53,25,28,13,74,63,6,45,66,41,0,32,73,69,47,27,59,57,79,77,65,33,68,9,72,55,17,58,70,7,39,29,48,51,37,11,19,35,15,54,40,43,61,26,67,12,3,21,8,16,52,50,24,49,4,76,5,44,31,10,64,23,62,20,60,42,38,30,22,34,75,56,71,2,1,78,18
51;5444;5444;35001;27,67,12,54,72,78,32,36,48,70,3,11,65,77,79,49,71,18,63,19,28,7,26,20,57,50,2,4,13,25,23,74,40,69,29,60,38,9,52,61,37,42,31,5,0,15,51,53,46,44,75,56,35,8,59,43,6,62,76,21,68,22,30,24,17,55,45,1,47,14,10,41,39,58,66,16,34,64,73,33
52;5439;5439;35005;7,28,48,75,49,2,43,45,63,50,74,53,34,55,38,35,78,23,68,42,12,52,57,60,31,46,14,11,24,5,76,30,33,17,36,41,15,77,64,70,22,54,20,39,73,16,71,47,32,65,1,4,58,19,8,27,62,25,66,26,6,21,0,3,61,56,13,40,44,37,18,10,9,72,69,67,59,51,29,79
53;5421;5421;35004;60,1,38,9,55,19,77,48,72,26,54,14,8,70,76,64,73,59,28,0,13,7,65,27,25,40,34,52,24,42,79,63,67,66,44,22,2,45,68,36,74,75,41,11,4,43,33,15,23,6,3,57,32,62,18,39,21,16,78,12,50,56,5,31,71,30,35,51,61,58,29,47,17,10,37,49,46,53,69,20
54;5410;5410;35003;66,21,73,78,36,38,26,50,5,45,7,31,77,72,37,20,41,60,6,61,51,67,16,32,70,57,28,13,53,17,24,14,54,62,22,74,68,44,43,25,79,3,56,2,23,11,75,39,9,12,8,18,76,63,46,30,64,71,40,4,34,27,33,0,65,10,59,47,42,69,19,15,1,35,49,48,29,55,58,52
55;5434;5434;35002;71,24,79,72,67,60,5,66,2,70,49,11,22,46,36,16,77,19,53,78,59,21,47,75,37,73,48,10,27,30,15,0,8,74,31,4,76,55,45,14,26,43,25,62,50,58,61,33,54,44,38,41,39,12,68,7,35,40,23,29,1,34,51,28,20,3,63,6,32,56,69,42,9,64,57,65,18,52,13,17
56;5437;5437;35000;79,6,54,58,15,16,36,48,50,42,10,21,17,24,7,51,9,45,14,32,66,44,1,20,76,34,67,43,40,55,71,60,13,12,30,18,62,75,61,46,11,2,35,37,19,73,4,28,41,23,63,31,25,70,22,69,52,53,57,47,65,74,49,72,29,39,64,38,26,3,77,33,78,59,56,27,5,0,68,8
57;5442;5442;35001;74,25,46,70,49,3,24,0,12,67,62,5,75,29,39,51,32,28,13,31,76,26,79,63,72,9,44,30,34,68,42,65,59,33,57,6,41,15,61,20,35,55,4,37,73,52,64,8,1,50,17,47,69,2,7,48,56,66,71,36,58,54,77,40,38,43,23,27,21,78,14,18,16,11,53,10,22,19,60,45
58;5473;5473;35000;35,67,57,77,66,18,39,41,44,10,64,20,25,40,1,65,31,5,24,36,60,56,28,48,21,8,13,33,12,75,47,34,45,61,52,29,53,37,0,30,73,63,79,50,68,4,23,49,43,46,26,16,2,11,55,54,38,17,22,3,15,51,7,76,74,6,69,72,78,42,59,27,9,19,62,71,58,70,14,32
59;5478;5478;35002;71,2,17,13,37,23,44,60,24,19,58,68,16,10,69,14,36,47,57,35,30,50,55,7,39,31,52,43,12,26,78,79,74,64,66,29,22,70,1,45,34,63,61,6,0,75,41,72,21,15,53,38,11,65,56,73,67,54,46,27,77,59,4,42,28,62,32,48,18,49,25,20,9,5,3,76,8,33,40,51
60;5436;5436;35006;64,20,33,44,70,57,67,34,38,7,2,48,23,29,8,75,78,74,40,1,27,54,56,69,25,51,5,65,41,55,52,58,79,73,15,32,3,28,36,45,24,47,61,60,12,49,59,9,77,50,68,76,71,72,16,0,21,17,42,63,10,30,39,35,13,22,19,37,31,43,66,46,62,53,14,11,18,4,6,26
61;5434;5434;35004;19,3,67,75,65,64,66,57,1,76,77,50,48,9,14,21,52,61,62,18,13,73,29,43,15,40,12,34,45,5,0,31,56,71,78,70,55,4,47,49,38,11,6,42,16,72,35,23,2,54,60,74,17,26,10,41,37,32,36,39,30,79,58,28,63,8,22,46,53,25,69,59,33,24,44,20,51,27,7,68
62;5435;5435;35002;29,66,38,3,37,49,12,65,19,78,16,33,61,67,45,22,68,25,46,0,48,53,17,15,59,40,20,50,43,51,2,74,77,1,42,18,56,76,36,35,44,75,27,30,26,64,10,4,60,41,79,28,11,70,5,34,73,63,8,47,14,6,71,58,57,23,69,52,7,31,24,39,62,32,72,9,54,13,21,55
63;5436;5436;35005;39,48,18,34,14,37,69,55,73,79,71,58,23,50,76,64,3,59,38,10,35,26,63,7,2,49,57,53,17,31,19,28,74,62,60,72,11,1,66,9,45,25,36,27,12,6,67,16,41,30,8,68,21,15,77,70,33,32,75,22,24,43,29,42,78,0,54,4,51,47,52,13,56,61,46,65,44,20,40,5
64;5440;5440;35006;16,18,15,50,29,35,45,64,8,68,52,70,33,40,19,60,39,56,14,4,47,11,10,71,2,25,51,75,59,42,32,22,77,24,67,21,1,61,17,78,20,7,58,3,63,43,5,66,23,74,41,44,9,54,65,36,31,28,49,46,37,55,73,12,53,6,13,62,34,69,79,76,0,27,26,30,57,48,72,38
65;5441;5441;35005;44,18,37,51,28,33,69,78,57,26,11,1,16,55,3,34,21,64,19,0,68,6,59,47,76,63,5,49,22,43,46,58,17,77,72,25,7,65,27,29,48,66,4,70,31,32,36,75,38,79,45,15,56,35,24,39,62,40,13,71,74,14,42,8,20,67,52,12,10,54,60,23,9,41,53,61,73,30,2,50
66;5443;5443;35002;7,70,49,8,46,45,15,19,41,44,26,5,9,67,69,27,10,47,61,78,1,63,77,56,52,30,60,64,24,55,18,40,71,43,74,34,32,11,12,22,35,54,33,39,17,59,25,76,51,75,36,21,79,53,68,65,42,48,57,62,29,4,14,66,72,2,20,37,16,31,50,23,58,3,73,28,0,6,38,13
67;5437;5437;35001;13,52,22,53,41,34,18,42,76,56,50,47,6,16,48,44,60,29,26,38,39,37,32,10,20,9,64,25,2,54,4,14,7,65,19,3,45,79,27,17,63,43,62,55,36,40,5,24,71,72,28,15,75,1,12,21,70,51,57,69,35,59,30,78,73,11,49,31,33,8,67,23,46,77,58,74,0,68,66,61
68;5443;5443;35001;1,52,16,50,14,75,65,18,70,38,54,22,72,76,11,8,47,34,73,23,51,6,66,78,67,48,63,5,25,77,49,53,71,57,7,56,36,79,43,39,10,60,17,2,0,45,59,69,42,27,4,33,64,32,26,28,58,62,21,35,30,55,13,31,9,40,15,68,46,24,37,29,74,3,44,41,12,19,61,20
69;5421;5421;35003;33,68,40,60,42,67,53,36,28,55,54,25,11,30,8,39,5,31,74,38,70,34,69,1,51,71,43,4,48,19,6,24,73,16,14,23,50,29,10,75,72,2,66,22,21,47,13,61,44,52,12,63,41,17,15,78,58,62,64,26,76,0,77,45,35,32,9,65,27,57,3,79,20,18,56,46,7,59,49,37
70;5438;5438;35000;35,7,72,58,24,31,33,36,14,17,47,42,15,0,76,55,8,10,37,38,32,74,43,68,54,41,73,56,64,2,67,4,77,49,65,28,22,52,71,46,50,61,51,48,23,3,69,25,78,70,63,62,75,34,27,11,30,29,13,79,5,45,21,26,44,40,59,39,16,53,57,20,18,66,19,9,60,6,12,1
71;5440;5440;35000;53,47,5,72,60,19,11,45,7,48,73,55,62,14,0,77,21,2,10,54,51,65,28,67,34,57,59,3,49,50,17,37,33,22,61,68,8,35,42,4,6,12,16,43,30,52,69,20,26,71,32,27,25,36,39,58,15,70,76,24,63,64,1,66,75,23,13,18,74,29,31,9,78,38,56,41,79,40,44,46
72;5439;5439;35004;51,2,61,62,23,55,73,44,9,59,17,48,78,11,8,57,49,69,43,22,68,6,75,31,35,4,74,40,77,56,24,37,79,42,3,14,50,60,53,70,52,1,27,36,30,66,19,65,54,15,20,64,26,67,46,16,41,21,25,76,45,32,0,13,7,38,34,63,18,12,5,10,28,72,39,58,33,47,71,29
73;5441;5441;35005;77,42,65,50,68,74,62,37,40,41,63,27,8,75,35,14,79,59,73,55,69,4,1,11,48,61,15,5,0,24,45,49,17,36,52,72,6,26,67,64,9,25,19,47,23,54,13,33,66,76,30,70,46,21,2,71,44,31,38,18,58,28,57,12,22,29,56,3,51,20,7,53,39,78,43,10,32,60,34,16
74;5444;5444;35004;16,74,54,9,56,20,40,50,69,64,35,34,15,49,65,13,22,47,21,79,14,8,39,18,1,25,46,53,59,11,77,0,66,3,61,58,75,24,51,55,44,76,10,36,12,63,48,31,70,38,30,37,73,60,27,4,52,6,68,71,28,57,33,32,23,78,72,2,62,17,26,67,19,29,42,41,45,43,7,5
75;5439;5439;35002;57,79,34,66,47,13,8,16,3,11,72,27,56,40,23,25,12,7,30,6,46,21,51,10,65,44,71,0,55,32,48,67,59,63,14,78,42,60,75,19,58,61,38,62,69,45,37,33,43,20,22,17,36,24,41,29,74,54,68,5,35,50,2,26,64,53,73,18,76,4,1,39,52,28,31,9,15,70,77,49
76;5436;5436;35002;63,40,65,13,76,23,46,31,64,44,66,16,2,77,56,62,78,39,71,27,26,45,72,15,67,47,59,74,73,75,25,57,32,11,18,61,28,8,54,20,6,70,34,0,79,30,68,17,69,5,49,42,38,22,60,19,58,4,37,10,3,1,50,14,43,21,48,52,53,55,29,12,9,36,41,7,51,24,35,33
77;5438;5438;35002;69,25,16,12,61,38,50,13,14,73,24,5,31,4,29,63,20,67,44,7,74,79,52,3,17,2,49,42,21,66,78,19,33,62,45,22,32,65,23,8,10,54,77,68,6,53,41,75,39,59,30,37,11,71,57,40,76,60,0,27,48,55,34,35,58,56,26,9,51,1,18,46,15,43,47,72,70,36,64,28
78;5446;5446;35003;68,31,51,41,35,69,14,1,46,78,5,37,42,59,27,28,12,20,63,26,52,10,66,49,33,21,64,48,71,0,54,4,36,8,79,25,43,32,3,16,17,75,18,44,15,34,45,76,2,39,60,53,11,72,58,50,24,6,47,40,73,77,57,19,65,70,13,22,56,23,61,7,30,29,38,62,74,67,55,9
79;5442;5442;35004;55,16,71,32,56,5,6,53,68,25,14,66,7,17,19,48,78,70,59,29,15,40,11,64,52,50,23,1,38,4,36,30,8,33,58,51,45,34,9,42,41,75,54,0,31,37,27,79,3,65,62,61,18,21,63,72,22,57,69,43,39,46,49,24,20,74,28,60,12,13,76,26,77,35,73,67,2,44,47,10
80;5443;5443;35004;16,31,70,60,4,50,45,63,44,9,15,13,54,10,5,26,0,36,18,72,69,68,62,58,28,17,57,46,49,20,30,41,25,64,51,61,38,78,1,56,34,27,12,23,40,39,6,8,22,76,21,35,32,52,47,42,73,33,37,75,19,65,48,24,67,53,43,59,14,3,71,29,79,2,66,7,77,74,55,11
81;5438;5438;35000;0,17,50,32,16,62,6,63,33,76,71,59,15,64,14,34,43,61,39,31,54,28,40,46,68,75,45,10,5,13,67,56,4,55,52,8,3,70,7,57,65,22,26,49,58,47,66,42,78,12,38,27,25,35,1,72,77,30,23,73,74,36,9,18,19,24,44,41,79,20,48,29,37,53,2,69,11,60,21,51
82;5441;5441;35003;1,73,49,26,44,77,13,36,15,75,27,55,17,53,69,47,42,5,20,74,52,60,58,51,64,40,45,3,57,25,41,33,38,21,28,4,67,50,23,78,37,34,22,32,8,79,31,30,46,0,18,63,65,48,9,68,56,19,62,66,61,35,6,2,76,54,14,29,39,24,70,7,59,11,72,71,43,10,12,16
83;5440;5440;35002;35,53,66,77,55,31,44,79,75,46,76,13,69,14,48,34,7,26,63,20,70,72,25,52,37,49,18,32,27,47,42,57,45,56,29,60,65,54,21,9,0,68,5,41,19,8,73,78,38,50,67,1,10,28,71,36,74,2,51,39,59,30,22,3,17,11,33,58,12,23,6,62,24,43,64,16,61,15,4,40
84;5417;5417;35003;34,45,44,73,63,69,35,47,23,16,13,15,68,36,72,74,66,57,26,20,9,67,59,64,53,60,24,43,58,40,76,55,56,12,65,6,46,25,77,14,79,0,48,7,33,52,28,37,71,31,18,30,39,17,32,70,75,61,1,21,22,8,29,10,4,38,3,54,78,42,62,11,2,5,27,51,49,50,19,41
85;5442;5442;35005;45,32,72,16,2,44,3,57,8,27,77,46,35,26,79,70,19,62,47,1,31,6,34,49,15,13,36,40,22,48,67,21,43,17,73,20,0,54,39,4,29,18,38,24,7,74,42,61,66,9,37,41,30,5,68,78,52,63,50,64,25,23,58,51,69,53,11,60,28,14,65,56,10,33,71,75,59,55,12,76
86;5438;5438;35001;23,43,7,30,70,35,57,62,44,59,60,5,20,68,26,58,63,41,54,24,48,14,76,29,49,37,19,22,32,42,1,66,40,2,9,71,69,77,3,65,21,47,27,45,31,15,51,17,73,74,16,64,56,0,52,25,53,8,28,78,4,39,34,75,79,61,67,72,50,12,36,55,46,11,13,10,38,33,6,18
87;5448;5448;35003;34,55,31,32,8,53,39,38,68,49,33,77,65,46,22,48,28,54,1,50,42,16,52,13,17,64,45,2,70,67,43,29,9,75,61,58,44,0,79,71,69,12,23,4,18,74,63,66,15,24,20,57,41,62,47,5,76,7,40,6,72,19,37,10,3,11,35,59,51,73,14,36,60,78,21,30,56,27,25,26
88;5439;5439;35002;23,77,61,58,19,74,59,22,38,43,64,8,28,68,32,52,5,48,54,13,40,44,37,79,62,66,72,67,16,21,65,42,50,45,6,26,29,35,78,70,63,71,27,3,49,7,24,30,14,53,39,56,4,46,51,76,69,47,18,9,2,25,34,12,36,31,75,0,15,1,20,33,41,55,57,10,17,60,11,73
89;5447;5447;35003;35,52,55,56,46,25,65,67,72,3,4,34,45,39,37,68,31,75,29,59,27,12,5,77,9,44,38,21,7,64,16,20,78,30,33,69,28,57,41,49,63,36,73,11,66,32,50,70,60,15,17,79,6,74,8,47,62,1,26,19,61,18,54,22,71,40,14,23,43,0,53,48,42,76,2,13,10,51,58,24
90;5438;5438;35001;68,10,43,61,7,16,23,44,22,39,54,14,60,79,15,32,11,51,8,73,58,2,57,41,66,37,25,64,71,70,5,4,26,6,21,40,76,36,56,24,77,47,3,30,52,45,62,9,50,20,34,0,75,72,18,63,46,35,74,33,69,48,78,42,17,53,27,55,28,12,59,31,38,67,1,65,49,19,13,29
91;5444;5444;35001;15,39,74,76,43,53,6,41,52,37,0,28,18,62,75,5,16,29,13,63,73,14,78,38,3,17,7,26,54,65,2,25,77,45,32,64,48,34,50,35,22,61,10,51,69,23,72,9,58,66,31,68,42,20,36,19,56,59,46,79,55,1,8,49,27,4,30,11,24,47,67,12,33,60,71,21,44,57,40,70
92;5476;5476;35005;14,7,6,60,66,21,19,37,9,52,22,11,72,44,18,17,45,2,56,23,73,3,36,28,76,69,25,27,55,42,49,32,26,41,4,5,29,79,53,62,20,57,63,50,64,54,16,8,39,74,46,35,34,75,43,10,12,13,77,31,68,0,65,58,24,59,1,38,40,30,71,33,47,67,78,70,48,51,61,15
93;5471;5471;35002;48,35,37,66,6,68,40,26,19,69,34,17,1,71,52,50,75,5,41,47,60,33,67,79,15,10,36,32,62,16,23,22,14,24,76,44,46,64,42,21,8,30,29,55,20,70,0,9,13,2,3,31,78,53,72,59,11,73,54,57,77,74,45,61,38,51,7,27,25,4,39,63,49,65,28,18,12,43,56,58
94;5448;5448;35005;61,58,47,62,10,74,7,54,39,60,42,70,4,19,65,20,75,67,49,48,22,14,36,18,68,11,34,33,9,79,1,32,45,28,44,35,64,15,46,21,43,38,40,73,12,6,8,52,26,16,71,29,51,55,5,13,66,77,57,59,69,53,31,0,23,78,25,63,41,27,50,24,3,37,17,76,2,56,72,30
95;5444;5444;35003;17,1,64,60,68,8,4,73,18,49,13,58,55,67,66,46,42,15,51,16,39,53,69,75,59,10,21,62,33,22,45,43,57,24,27,5,9,79,70,30,3,77,19,23,71,31,52,32,44,78,6,76,56,28,47,34,35,54,38,37,72,40,41,36,61,7,20,25,63,14,65,2,12,11,48,29,0,50,74,26
96;5444;5444;35000;63,77,41,22,21,19,29,62,61,78,70,49,12,45,76,37,46,8,30,69,67,39,31,15,66,2,14,50,6,36,24,25,68,34,33,0,9,43,79,57,72,75,55,13,11,74,17,60,28,18,27,10,73,32,71,38,5,42,64,1,58,23,52,54,65,20,3,26,56,53,35,4,48,16,7,59,47,40,51,44
97;5440;5440;35001;52,20,0,4,61,38,66,79,18,71,56,1,6,21,39,73,14,24,23,77,15,55,57,9,68,40,60,62,75,3,13,63,67,34,31,35,19,42,48,17,54,46,16,51,36,53,43,25,33,49,45,37,78,47,11,44,76,26,27,30,7,58,72,64,22,2,59,5,28,50,74,32,29,69,8,41,10,70,12,65
98;5442;5442;35006;28,66,39,1,55,52,9,10,79,6,37,22,24,62,71,11,43,78,42,14,45,2,63,46,56,13,44,26,23,40,32,68,67,5,34,7,69,72,27,29,61,53,4,15,35,25,18,50,76,60,16,33,70,54,8,57,58,38,36,21,20,19,47,74,75,48,12,31,51,0,59,77,17,30,49,65,41,3,64,73
99;5439;5439;35006;68,79,38,44,29,15,47,27,65,7,55,57,61,64,66,77,51,74,9,34,18,37,13,63,78,16,36,69,46,72,24,11,42,26,20,76,5,52,10,8,75,1,0,23,50,49,73,60,59,53,30,35,22,54,32,33,56,14,41,62,12,21,2,45,67,17,70,31,43,6,19,40,3,39,58,28,71,48,4,25
