0;502915;502915;240000;36,67,64,86,30,94,85,87,38,81,69,77,41,48,59,7,19,47,62,66,95,73,55,6,80,92,98,76,3,16,61,34,93,89,12,97,20,29,9,84,60,96,39,5,71,13,24,27,2,82,8,25,46,74,53,22,79,28,4,70,72,33,54,51,40,44,35,63,18,21,65,90,88,43,56,17,37,32,14,99,52,42,49,15,0,57,83,1,78,58,68,23,26,50,91,31,75,45,10,11
1;517502;517502;240000;59,23,53,64,74,87,44,49,47,13,37,70,84,36,58,11,25,76,45,63,69,68,5,31,80,16,94,65,81,52,67,21,34,28,56,0,78,8,6,75,29,62,4,57,66,91,95,7,73,89,48,79,33,96,40,12,50,26,41,46,38,42,82,39,2,18,9,55,90,93,51,88,32,35,98,14,72,97,1,83,19,86,20,15,22,77,43,54,60,99,92,3,30,71,24,17,10,27,85,61
2;518972;518972;240000;67,79,89,98,44,85,9,46,47,17,36,95,8,66,84,23,33,0,41,24,74,20,54,55,4,45,37,12,81,88,63,6,30,18,42,1,32,76,91,25,28,59,90,14,64,56,69,57,68,35,97,43,19,94,58,29,53,61,26,27,21,16,34,96,5,65,11,80,22,75,31,62,51,49,87,15,73,3,77,83,38,99,39,86,92,40,10,78,13,72,48,82,2,60,93,70,71,50,52,7
3;518790;518790;240000;55,86,49,14,36,53,87,89,88,56,41,90,2,34,73,65,59,35,94,58,68,42,84,50,46,15,67,37,29,93,79,51,92,38,22,40,69,76,54,6,47,85,5,26,71,81,17,52,45,23,61,75,28,60,0,96,83,7,98,12,95,39,99,78,4,74,20,27,48,9,57,63,77,44,13,16,8,64,11,1,91,70,18,30,82,21,80,10,24,62,3,43,97,33,72,31,66,25,19,32
4;518785;518785;240000;19,67,74,53,41,51,8,88,49,72,73,83,98,33,11,45,58,7,63,52,62,35,27,40,57,79,18,28,20,95,44,12,69,66,54,64,36,29,99,0,56,25,46,26,77,81,65,87,5,9,38,10,60,55,16,1,39,93,71,84,42,17,32,47,92,89,85,82,13,15,75,37,2,21,96,4,30,43,24,34,70,48,78,61,14,90,6,86,22,80,31,91,97,59,3,68,76,50,23,94
5;518635;518635;240000;2,36,86,94,40,85,8,90,42,27,19,44,60,96,38,41,98,93,73,81,1,69,25,4,43,92,32,70,18,13,51,72,46,28,82,84,99,34,31,7,17,67,23,20,71,89,45,74,83,53,61,79,64,78,24,0,56,26,15,11,5,49,50,55,33,35,65,80,95,75,29,54,12,52,68,10,48,47,30,88,37,97,39,76,58,63,62,91,87,22,21,9,16,14,3,77,59,57,66,6
6;518369;518369;240000;69,67,25,24,12,13,1,74,63,51,56,70,55,33,81,8,19,46,91,79,11,40,77,3,32,2,26,93,98,88,73,87,96,44,17,75,23,6,43,47,38,61,29,71,37,68,34,58,60,50,94,82,84,35,42,36,0,39,20,14,83,95,59,31,80,41,16,49,76,9,89,18,62,65,86,28,90,66,45,72,21,99,30,57,54,64,53,22,7,15,78,52,4,97,92,48,27,5,10,85
7;517510;517510;240000;80,94,87,69,65,2,32,62,92,67,91,88,49,86,82,24,89,81,8,71,78,20,44,36,12,75,66,25,37,13,0,34,31,95,7,83,18,29,23,3,51,50,76,55,57,28,93,38,85,14,73,97,52,16,60,41,53,98,42,19,4,33,1,58,99,59,47,84,64,30,46,22,9,39,40,27,77,6,15,79,90,56,45,74,61,48,96,10,43,72,35,70,11,26,68,21,54,63,17,5
8;519095;519095;240000;69,12,95,11,80,87,33,27,42,36,65,56,72,99,93,17,7,73,78,35,62,97,10,75,30,61,28,49,88,91,26,86,94,96,85,5,9,0,22,98,74,23,67,25,3,77,48,6,32,79,4,38,40,2,83,71,63,90,14,29,21,13,68,18,66,82,54,81,47,31,55,34,50,64,20,51,84,37,60,19,41,52,76,44,89,70,39,59,46,58,57,16,53,92,24,43,45,1,15,8
9;516897;516897;240000;98,1,67,92,77,86,41,23,87,8,16,4,53,30,56,93,82,45,96,65,15,28,35,47,71,34,94,64,44,36,88,40,42,74,73,10,72,5,55,62,20,99,32,61,39,7,50,43,31,85,17,68,12,18,66,59,6,38,48,58,69,89,49,2,54,91,0,21,37,75,25,46,57,29,95,51,78,19,83,9,76,63,26,27,14,13,22,79,11,90,60,80,52,84,97,81,3,70,33,24
10;519202;519202;240000;72,84,65,36,74,1,94,70,80,35,51,19,2,77,68,48,81,92,21,25,20,61,27,67,45,66,73,37,52,85,32,82,5,41,14,22,93,60,86,50,40,90,83,96,95,4,12,54,78,18,0,8,69,16,13,10,79,75,55,7,58,31,17,28,24,62,53,87,38,11,42,57,88,71,30,64,46,15,98,63,49,26,6,29,97,76,43,3,91,89,33,9,59,44,23,39,34,47,56,99
11;518980;518980;240000;88,6,92,81,84,13,44,70,4,32,67,51,68,0,66,47,36,93,74,62,39,8,87,79,54,50,19,27,10,80,35,45,85,22,91,23,63,97,72,48,56,89,18,38,52,65,28,5,29,86,95,3,69,83,15,60,20,2,37,78,61,33,57,34,96,75,14,16,76,94,46,73,1,59,25,11,31,99,90,49,26,64,77,42,98,24,17,41,43,21,82,30,9,58,55,7,40,71,53,12
12;512541;512541;240000;67,88,8,46,36,23,53,83,20,52,28,37,80,38,57,87,79,89,65,35,58,5,33,24,85,1,30,81,40,16,70,15,97,69,43,22,32,72,42,56,18,51,95,27,3,93,50,54,21,59,55,64,66,63,48,34,13,74,19,73,6,49,84,68,92,26,25,90,82,77,91,86,31,12,96,4,29,99,94,47,98,78,39,45,10,11,9,7,41,14,61,62,44,71,2,60,76,17,75,0
13;519049;519049;240000;46,88,95,8,77,19,32,93,72,99,42,36,70,7,90,25,3,22,4,21,14,79,81,97,41,78,38,28,89,10,35,52,16,71,51,11,69,91,29,31,67,94,30,92,84,56,45,9,39,47,13,82,74,64,76,20,12,48,61,86,17,23,2,53,83,24,1,63,60,6,33,55,5,80,18,50,75,98,85,0,73,57,87,54,59,34,66,26,40,62,15,37,49,96,65,58,68,43,27,44
14;516459;516459;240000;95,2,55,66,52,81,32,46,49,61,36,99,44,27,40,75,33,31,50,12,89,83,4,72,57,45,65,9,28,10,69,90,78,17,93,3,60,56,59,84,23,98,51,91,76,35,34,70,82,13,30,21,8,53,79,64,88,38,77,6,25,37,11,43,86,24,39,7,62,41,85,47,73,5,94,54,92,18,67,15,14,80,22,26,42,58,48,29,96,20,97,16,71,74,68,19,0,63,1,87
15;518517;518517;240000;75,36,55,22,32,23,93,33,96,79,81,39,54,59,34,66,14,18,74,25,95,46,82,0,42,21,67,4,77,92,99,90,65,72,91,69,48,94,52,12,40,84,1,62,78,97,10,88,60,27,31,51,43,57,24,80,61,87,13,58,7,2,49,8,29,44,86,41,83,89,64,26,38,35,71,76,28,53,98,37,50,70,30,16,9,56,19,45,6,11,73,17,63,85,5,15,68,3,47,20
16;518473;518473;240000;9,47,73,17,83,26,87,65,85,88,80,16,44,53,56,93,6,89,95,38,79,91,1,18,70,54,99,36,10,66,2,74,58,60,31,37,62,59,7,84,57,46,42,72,20,75,45,28,19,40,71,34,41,15,82,3,23,86,21,33,35,81,55,67,25,78,27,61,24,52,49,14,11,39,50,90,5,8,51,98,69,97,77,0,96,22,94,12,48,63,13,68,43,4,29,76,64,92,30,32
17;518167;518167;240001;16,61,5,88,60,92,30,67,10,23,17,86,85,33,20,69,31,50,32,70,83,26,38,93,51,75,28,47,24,36,81,22,64,87,71,2,39,13,91,57,62,97,46,65,0,53,95,44,43,78,77,45,52,48,89,82,9,14,18,72,96,66,25,3,1,55,4,41,76,40,34,49,98,59,56,73,42,63,80,21,19,8,35,68,7,11,74,6,99,90,58,29,12,27,15,54,79,94,37,84
18;519104;519104;240000;49,37,28,35,16,21,86,66,69,63,32,59,13,11,27,83,98,81,67,68,79,47,62,84,8,55,51,1,70,36,45,44,53,4,30,17,50,74,38,95,40,3,52,76,12,89,78,64,72,48,60,19,71,58,61,23,80,29,57,54,24,5,9,42,56,65,82,14,15,10,22,33,93,46,91,0,96,41,99,31,88,39,25,6,2,26,34,18,94,43,75,20,87,92,97,7,90,85,73,77
19;519374;519374;240000;64,88,39,32,99,29,49,40,47,0,48,44,70,97,66,58,86,80,53,94,50,5,65,1,62,22,95,67,51,52,98,57,8,35,93,20,55,60,18,81,41,74,82,59,25,91,61,87,78,36,17,38,90,54,7,13,10,92,12,76,42,84,73,2,9,63,33,3,28,46,75,27,23,14,79,37,24,26,77,96,69,19,11,16,85,45,6,4,89,68,15,31,21,83,34,56,43,72,71,30
20;519281;519281;240000;14,88,23,74,80,48,65,29,67,93,30,79,52,61,99,77,32,4,44,2,51,75,90,50,92,11,82,85,28,18,6,68,54,5,87,86,55,7,45,17,46,71,27,16,94,22,72,36,53,47,20,84,25,58,70,26,31,60,24,62,69,43,97,19,78,56,49,10,3,40,35,73,34,9,41,33,91,37,66,13,0,63,39,15,76,57,89,64,42,83,59,38,95,12,81,96,98,8,21,1
21;516261;516261;240000;60,30,52,79,14,36,65,70,86,32,93,44,35,72,64,5,63,47,33,58,98,9,68,75,69,51,88,12,55,28,42,17,45,24,62,92,66,26,23,49,67,0,77,71,37,85,38,15,31,81,83,82,22,4,3,56,21,13,97,46,1,2,8,74,11,84,19,89,43,6,78,41,54,7,27,87,40,39,29,16,99,96,57,53,91,90,18,80,20,34,25,95,50,76,10,73,61,48,59,94
22;513021;513021;240000;88,69,30,67,28,17,52,32,74,39,95,59,71,89,47,91,16,24,62,70,64,80,86,36,81,34,18,79,14,77,37,58,38,90,83,55,63,72,46,49,22,40,97,54,51,65,0,27,98,25,9,41,82,76,20,6,50,94,73,4,42,33,43,13,61,5,66,15,96,92,75,93,35,84,68,1,57,11,10,23,29,19,12,56,26,7,3,87,44,78,2,53,48,99,60,21,45,31,85,8
23;509888;509888;240000;80,85,65,28,86,44,17,49,46,36,88,64,6,82,45,4,8,55,7,69,61,93,81,68,75,56,76,0,51,95,42,32,5,89,3,78,57,1,34,2,38,33,53,41,21,92,91,40,9,13,63,19,20,37,39,83,30,16,79,94,60,67,14,59,99,15,18,52,87,11,12,58,54,74,84,22,98,97,25,71,31,70,29,66,96,10,90,73,35,47,77,27,24,43,50,72,26,62,48,23
24;518926;518926;240000;0,26,41,1,19,25,70,94,49,30,88,52,96,62,83,28,23,47,58,27,9,80,98,22,78,34,37,92,46,12,13,35,82,6,20,14,21,64,84,51,18,44,75,79,54,32,8,57,48,29,69,10,24,77,71,31,63,93,66,36,43,42,89,5,7,85,56,72,90,17,2,61,59,76,38,68,91,15,33,39,4,95,99,50,45,97,3,53,16,11,73,65,86,40,81,55,60,74,67,87
25;518970;518970;240000;50,77,19,94,76,20,72,53,99,88,86,61,64,17,42,75,54,13,6,23,40,58,31,63,95,93,14,45,52,79,47,87,12,32,48,4,55,29,44,98,71,80,84,9,35,68,15,33,51,26,10,1,22,5,89,25,91,56,7,60,62,67,69,37,43,16,2,38,28,46,82,11,70,74,73,30,85,57,66,21,41,97,78,65,90,24,49,81,39,59,8,36,18,27,0,92,96,3,34,83
26;518212;518212;240000;36,98,79,74,52,26,28,49,67,75,5,7,30,89,11,32,58,23,20,51,62,55,72,31,68,73,17,14,24,44,88,70,25,43,16,54,0,27,4,13,92,12,85,50,71,61,91,18,81,76,83,65,10,95,9,77,97,53,1,19,60,21,96,8,15,59,42,56,99,66,63,37,47,82,69,80,87,22,35,93,33,41,64,84,3,57,2,94,39,78,40,90,34,38,48,46,45,86,29,6
27;518644;518644;240000;85,65,17,28,73,93,20,95,98,36,19,43,16,60,3,22,56,45,61,23,1,29,13,31,76,47,32,0,77,79,30,70,26,25,38,8,96,63,37,57,33,39,41,27,72,64,34,78,71,86,68,54,6,51,42,99,5,94,75,7,67,18,14,35,9,97,91,49,44,80,52,90,89,69,62,11,53,81,21,10,87,88,15,92,66,74,59,50,2,46,12,4,84,55,24,83,58,48,82,40
28;519239;519239;240000;42,31,19,83,37,55,29,63,65,58,94,24,33,66,7,71,76,28,98,75,34,91,21,11,60,86,30,26,17,40,2,92,43,81,99,72,45,79,41,53,82,77,48,56,38,0,18,5,70,59,69,49,52,12,50,73,23,4,22,47,96,57,51,78,88,1,32,8,6,93,10,74,62,36,13,16,54,84,9,20,44,61,25,87,68,15,46,39,80,27,3,95,14,97,90,64,35,89,85,67
29;519086;519086;240000;79,95,94,31,19,64,88,81,14,47,37,36,89,3,13,93,43,12,68,32,35,15,83,42,72,49,51,70,90,34,2,38,5,80,41,39,75,91,33,55,87,59,21,66,40,17,96,77,30,7,53,18,52,82,44,45,84,46,85,6,69,97,25,63,16,0,10,99,76,54,61,50,24,29,71,56,48,65,28,58,11,74,78,4,22,1,98,26,57,23,67,9,27,92,60,8,86,62,20,73
30;518954;518954;240000;38,32,92,72,26,95,46,4,81,88,47,87,84,3,8,59,31,6,1,42,49,30,16,12,66,14,48,86,89,39,62,71,58,57,99,64,75,25,70,18,21,78,65,35,9,34,44,2,79,90,80,91,93,55,53,73,74,23,15,45,63,22,56,28,41,51,5,11,96,10,98,13,7,61,36,24,69,29,83,17,37,77,50,68,19,27,97,60,40,54,52,94,76,0,43,33,82,85,20,67
31;516929;516929;240000;80,16,13,81,99,11,83,40,65,18,63,37,2,35,27,8,85,76,69,34,20,90,82,55,49,84,67,30,86,42,52,56,32,68,23,54,70,15,88,73,92,26,51,22,36,1,74,47,12,10,28,6,9,25,53,19,87,64,77,29,58,98,33,75,79,72,62,17,59,5,31,78,57,89,43,45,44,0,93,38,21,41,66,97,61,46,7,60,50,95,39,91,4,71,14,96,24,94,3,48
32;518534;518534;240000;92,23,25,29,88,58,74,6,51,12,2,93,20,66,5,26,9,7,70,99,3,43,49,83,36,13,67,28,32,17,73,31,57,10,50,39,37,21,61,15,59,68,80,8,4,42,72,53,81,76,96,94,14,78,84,91,69,64,79,48,97,0,85,86,98,16,38,55,11,95,22,60,89,1,75,47,27,35,44,87,33,71,52,82,63,77,34,65,56,18,19,54,90,30,40,45,24,41,62,46
33;518806;518806;240000;70,31,11,24,55,88,37,45,49,83,99,95,86,22,15,39,47,3,68,57,82,0,80,85,72,90,53,19,29,30,98,6,28,56,17,84,8,33,35,73,46,78,36,26,42,92,51,94,77,20,21,54,66,44,5,96,41,65,97,48,16,34,69,93,64,9,87,10,59,4,2,60,63,38,50,76,89,62,14,91,18,1,13,52,79,23,61,67,71,58,7,32,75,27,12,43,74,40,81,25
34;519399;519399;240000;93,53,44,87,30,28,0,88,64,73,8,77,42,17,16,71,46,60,56,15,82,24,39,57,89,49,47,91,74,84,79,92,59,52,25,36,40,66,62,63,19,96,54,26,67,72,81,99,69,33,76,61,18,14,98,7,10,22,32,31,48,9,51,12,38,50,27,13,21,65,94,68,41,78,80,55,3,85,75,20,34,5,35,37,11,86,70,95,90,45,97,58,2,83,29,1,43,23,6,4
35;519050;519050;240000;93,67,49,36,70,37,8,44,28,18,88,1,14,57,69,86,31,2,98,83,85,11,17,63,5,12,4,19,94,79,92,65,74,25,71,91,76,77,51,9,30,40,29,7,15,62,23,95,60,20,75,45,66,42,61,26,6,47,35,27,46,81,64,72,54,97,89,99,22,24,32,13,52,82,43,50,41,0,34,59,55,80,78,56,39,68,16,38,53,84,10,90,96,21,48,87,33,58,3,73
36;519127;519127;240000;47,77,37,79,2,71,27,93,65,91,30,73,0,72,78,16,13,63,95,8,43,4,68,50,54,12,28,86,32,88,89,34,75,38,5,23,76,82,33,10,46,7,9,62,87,59,56,14,22,21,83,81,19,29,25,61,58,84,55,26,99,45,94,90,53,80,67,64,52,70,15,39,6,11,20,17,31,98,40,69,97,3,51,85,96,42,66,49,36,74,24,44,60,92,41,1,18,48,57,35
37;519334;519334;240000;40,91,67,77,85,30,72,44,65,34,74,5,36,76,80,62,26,37,22,33,94,1,45,66,79,96,86,88,28,2,38,73,50,46,54,99,29,18,71,32,59,24,83,39,8,95,70,69,78,56,81,43,68,16,3,63,41,52,10,49,84,27,35,31,12,92,4,15,60,87,13,21,61,58,64,17,9,7,93,19,42,55,97,98,89,25,0,90,51,82,20,14,23,48,57,11,47,6,53,75
38;519237;519237;240000;34,74,48,69,79,64,1,36,44,32,88,19,75,47,59,23,93,8,25,67,62,55,31,43,15,68,11,16,12,51,37,4,90,95,18,80,92,45,72,2,66,53,58,70,22,24,26,99,87,77,38,13,89,71,86,33,35,81,6,57,50,98,60,63,14,73,61,52,39,65,27,0,3,91,41,30,40,84,21,96,7,17,82,49,85,76,29,28,20,54,97,5,94,46,78,10,42,56,9,83
39;517938;517938;240000;92,84,69,37,12,74,44,77,9,81,16,13,33,10,80,65,83,87,46,64,82,0,47,99,11,35,20,75,50,40,57,52,93,25,39,3,45,14,94,76,38,43,23,79,30,32,7,60,8,97,6,4,88,2,26,15,5,24,28,72,95,1,29,34,36,27,53,17,63,89,55,68,49,98,56,19,51,66,70,42,90,59,61,85,86,78,21,62,73,48,58,31,22,96,41,67,91,54,71,18
40;518442;518442;240000;38,85,87,67,84,69,12,81,89,0,32,9,74,4,99,2,65,34,15,19,36,28,13,60,91,52,94,88,40,76,64,46,11,71,55,24,6,25,26,41,31,98,30,42,20,77,58,49,63,70,1,47,33,5,93,51,8,22,68,66,72,62,27,83,56,86,78,18,17,39,37,53,75,96,59,79,43,10,29,90,23,73,44,21,57,97,14,54,3,92,16,45,61,35,80,7,82,48,50,95
41;518669;518669;240000;62,75,66,7,99,81,84,64,2,86,74,36,85,51,92,8,79,72,52,12,59,15,1,76,17,58,69,95,70,56,37,98,46,9,30,20,32,45,83,43,11,55,39,3,14,73,18,77,50,13,26,23,49,71,60,63,82,38,4,24,47,89,61,90,96,5,35,93,57,25,65,29,34,22,91,0,10,94,41,33,28,19,53,42,16,68,87,48,88,6,31,67,78,40,27,97,54,80,21,44
42;518801;518801;240000;67,84,79,47,49,6,36,99,80,28,32,30,1,81,22,66,31,74,12,97,45,38,76,60,53,83,42,16,44,17,56,58,48,25,11,57,20,75,4,72,50,87,9,43,15,64,13,73,41,23,34,35,61,91,77,86,62,33,92,68,5,37,55,63,69,29,85,27,98,59,24,10,94,71,2,26,40,65,39,18,8,95,51,19,88,78,7,93,14,46,90,89,54,96,82,52,21,70,3,0
43;519593;519593;240000;49,0,31,92,30,81,82,47,76,32,28,45,94,41,16,58,39,72,84,69,79,86,7,12,61,74,73,13,9,48,83,46,80,57,18,22,14,91,64,43,90,98,89,99,33,6,34,67,70,88,37,63,96,71,10,23,66,15,26,50,62,93,68,65,87,17,52,40,59,51,54,8,36,53,3,25,19,56,55,95,1,29,75,60,77,11,2,78,35,97,5,20,38,21,24,42,27,44,4,85
44;510688;510688;240000;80,49,65,94,81,42,88,70,19,87,26,86,45,28,30,83,20,14,63,84,41,54,6,25,57,71,4,2,90,73,98,79,13,74,29,11,24,9,89,64,23,55,76,96,3,60,47,82,8,58,0,37,61,10,95,43,93,68,46,38,1,31,40,44,62,36,66,16,7,72,85,15,69,22,78,33,52,18,56,5,91,51,27,67,48,92,12,59,39,32,53,97,75,35,34,50,99,21,17,77
45;519593;519593;240000;26,37,41,90,93,70,88,79,6,73,64,51,16,52,39,8,91,49,12,38,15,92,85,31,58,94,32,44,86,28,98,3,10,68,0,18,50,65,43,87,54,76,24,7,19,77,62,21,27,99,9,17,40,84,81,23,47,69,11,75,59,4,80,1,83,2,61,25,71,97,42,22,48,55,72,35,96,5,13,33,95,78,82,67,20,53,74,56,45,63,36,29,30,14,66,34,46,60,57,89
46;500669;500669;240000;12,81,73,77,52,30,38,80,13,70,74,1,88,64,92,84,45,99,78,43,57,6,83,10,93,14,87,86,23,75,85,79,20,69,28,40,15,48,7,47,0,18,62,91,25,90,17,29,16,72,58,22,63,4,36,59,46,98,68,50,24,39,61,3,54,9,42,27,82,76,5,35,2,8,34,53,65,60,67,51,56,55,26,95,21,66,97,71,96,37,94,19,11,44,31,49,89,32,41,33
47;518365;518365;240000;50,0,27,64,53,88,76,56,87,14,86,65,17,52,34,94,95,67,79,44,63,57,54,49,81,12,24,82,10,70,20,1,96,75,51,11,21,28,36,16,48,15,93,98,40,47,5,83,77,39,6,8,23,32,18,46,91,74,13,73,31,33,22,45,43,62,4,69,41,59,61,85,9,92,25,72,38,66,30,71,19,60,2,89,80,90,42,29,99,7,26,55,97,78,68,35,3,58,84,37
48;512184;512184;240000;70,65,1,41,99,91,16,51,55,5,49,26,56,93,62,40,17,11,18,71,74,58,3,66,86,2,37,92,4,88,24,60,83,6,82,54,76,19,27,73,67,29,61,97,78,25,28,80,79,36,35,34,0,72,22,21,87,77,57,47,84,30,14,94,89,43,69,46,39,98,90,7,32,10,64,13,48,33,23,68,85,20,8,75,12,42,9,50,95,44,63,15,53,45,31,38,96,59,81,52
49;519370;519370;240000;69,1,47,46,59,44,70,8,4,35,36,30,29,93,83,61,82,64,71,63,41,78,95,23,89,11,87,12,92,76,65,90,16,5,37,19,24,54,96,51,74,42,20,52,56,38,50,53,86,62,73,85,60,17,72,40,80,28,98,57,6,2,3,33,18,0,27,14,67,97,88,77,21,39,13,68,15,91,81,9,79,45,22,26,31,75,55,25,7,32,34,48,10,94,84,49,99,43,66,58
50;517038;517038;240000;88,77,73,13,81,26,74,51,47,30,84,79,34,91,82,33,15,96,48,94,57,5,93,71,49,56,64,16,72,18,14,66,63,89,62,70,2,20,99,10,3,65,21,46,9,32,69,4,87,83,61,76,86,78,52,45,68,95,53,85,38,22,7,24,29,0,35,11,39,19,41,54,25,36,55,17,12,92,98,8,44,67,40,50,28,58,43,59,6,75,27,90,37,31,23,80,97,1,60,42
51;518777;518777;240000;0,73,51,71,76,29,19,95,36,20,93,17,11,45,68,89,88,42,78,98,91,64,15,10,75,38,46,37,65,41,87,60,1,13,3,47,86,70,50,23,8,12,83,33,61,52,2,18,62,14,80,85,5,24,49,77,69,34,22,27,48,39,79,66,30,53,7,57,9,21,94,44,25,99,40,72,67,81,55,58,6,97,74,28,54,90,59,92,96,43,56,4,84,82,26,32,31,35,63,16
52;518713;518713;240000;64,28,29,47,36,26,65,94,96,24,55,51,1,31,2,18,10,68,61,0,89,92,14,77,37,73,86,38,91,70,4,97,53,71,87,32,82,15,35,62,80,67,56,3,27,76,58,43,9,20,57,66,25,22,5,48,84,42,95,45,44,41,52,17,11,93,69,19,50,12,78,40,60,83,72,81,79,74,75,63,30,7,90,13,54,98,99,46,23,16,33,6,34,49,21,39,8,59,85,88
53;518793;518793;240000;32,88,8,13,87,0,36,46,42,29,56,61,65,45,10,72,94,67,73,57,5,74,16,50,17,31,24,25,44,69,9,2,82,81,14,83,97,75,35,92,49,43,79,59,22,4,60,84,95,20,68,90,70,89,48,91,71,66,30,93,76,38,18,1,7,11,52,86,96,58,3,33,21,12,19,47,77,40,63,37,51,28,78,62,80,98,41,99,23,6,85,54,53,39,34,26,27,55,15,64
54;516394;516394;240000;85,38,26,79,41,13,81,63,87,46,49,73,37,36,65,6,75,44,55,31,86,19,57,93,64,40,67,88,32,20,12,76,5,10,9,8,27,54,51,33,29,69,17,56,35,61,34,98,28,0,80,14,11,23,48,74,66,71,47,39,97,2,90,21,22,91,84,3,4,30,82,62,16,25,92,78,43,7,95,83,52,70,45,60,50,99,18,68,24,53,94,59,42,96,15,89,77,72,1,58
55;517970;517970;240000;37,30,98,41,50,86,53,29,64,38,52,67,25,77,69,33,66,99,3,83,35,8,22,95,49,17,42,76,58,36,12,73,15,57,46,13,43,61,23,78,55,1,27,93,94,90,59,45,34,51,97,74,24,0,28,31,21,80,44,71,9,16,60,65,72,6,4,81,82,88,85,19,70,68,87,84,18,10,32,2,20,7,40,89,92,75,79,14,96,56,63,54,91,5,62,48,39,11,26,47
56;517388;517388;240000;67,53,87,30,32,12,48,38,86,93,74,98,26,51,75,83,70,49,95,37,92,82,72,45,59,35,94,77,44,0,85,19,54,89,52,99,64,3,88,15,62,34,24,11,42,96,2,13,61,10,18,6,9,31,27,17,97,36,39,66,84,47,80,23,58,50,1,46,76,28,55,43,56,7,33,20,60,79,16,90,63,68,5,69,40,8,14,91,73,4,22,81,65,71,21,78,29,57,41,25
57;514432;514432;240000;35,67,69,64,44,90,68,25,86,79,70,88,85,74,53,59,36,7,32,34,14,13,78,97,11,23,81,8,46,95,37,38,4,61,84,82,52,94,99,29,6,48,75,50,43,51,98,87,21,10,72,20,22,1,12,3,60,24,89,62,41,33,19,5,83,92,31,26,58,40,17,65,9,71,91,63,57,49,54,30,18,47,0,28,45,77,96,55,27,66,39,76,42,15,2,56,16,80,93,73
58;518984;518984;240000;4,87,28,19,41,49,77,69,48,36,52,25,85,37,29,70,27,99,68,71,79,14,91,3,24,80,39,98,47,93,26,23,42,56,64,2,55,81,20,15,31,10,86,96,1,74,54,94,78,13,22,50,66,18,92,51,90,21,8,46,82,12,97,95,45,0,9,59,72,76,43,58,35,7,33,73,16,62,65,17,44,63,34,6,38,84,60,83,61,75,11,40,5,32,57,30,53,89,88,67
59;519126;519126;240000;32,18,14,86,2,53,57,50,8,40,78,77,81,94,15,98,64,79,0,31,37,90,16,11,24,89,73,33,3,93,49,19,26,66,34,69,6,96,10,22,44,61,58,54,68,25,91,12,62,20,45,59,48,36,87,65,56,39,60,92,17,38,97,23,52,1,43,4,88,95,9,55,85,83,75,84,71,27,72,80,41,5,42,28,29,99,63,70,35,74,82,30,7,67,21,46,76,13,47,51
60;519491;519491;240000;64,28,26,87,84,69,81,59,65,14,32,60,47,75,11,73,98,22,88,33,51,41,40,52,15,0,77,21,37,2,72,20,76,29,54,49,13,86,39,93,82,66,94,80,9,25,5,68,79,35,17,61,92,12,44,6,38,46,91,71,50,55,83,74,31,57,95,90,58,23,27,30,96,63,89,19,36,70,24,97,53,56,48,4,43,85,78,3,45,62,16,1,34,99,7,10,18,42,67,8
61;516370;516370;240000;32,67,41,84,59,51,38,1,95,0,87,98,12,8,77,93,36,72,9,76,60,19,39,99,91,46,2,25,65,17,44,82,96,4,7,28,14,58,71,13,21,47,85,40,75,54,15,73,30,61,80,88,35,50,20,55,78,37,23,16,89,18,48,45,69,34,22,56,92,64,27,11,26,97,6,43,49,83,79,74,66,94,86,52,33,63,68,3,57,5,90,10,81,29,70,53,62,24,31,42
62;519074;519074;240000;65,95,12,20,11,4,64,51,92,6,19,93,33,21,99,39,78,44,16,2,89,10,48,27,81,57,85,18,80,41,35,52,69,74,3,29,70,83,15,53,23,56,72,36,77,55,28,94,5,79,98,50,97,82,13,90,68,91,62,0,67,17,71,61,25,26,84,63,87,46,58,40,34,38,45,47,30,43,9,66,49,24,1,14,96,37,54,86,22,7,8,75,31,60,73,88,42,76,59,32
63;397339;397339;240000;38,28,8,88,55,64,66,24,16,39,30,49,45,70,62,96,87,67,10,12,78,84,36,40,95,35,17,94,37,42,74,75,65,80,18,68,51,44,57,32,47,6,54,59,63,92,5,83,58,26,81,15,3,19,73,89,90,20,56,29,71,7,11,93,98,41,60,82,48,91,4,2,13,43,9,0,52,25,46,23,99,86,50,69,27,1,97,21,72,79,22,34,33,53,31,61,76,14,85,77
64;517536;517536;240000;92,74,95,76,44,34,43,20,42,36,79,89,88,86,22,2,57,21,54,72,78,56,96,5,16,66,1,13,70,51,33,27,24,80,32,4,62,25,12,0,38,84,73,94,50,30,82,29,55,91,65,63,64,45,19,37,77,8,71,3,52,97,9,75,35,23,6,40,41,47,53,18,69,98,28,67,11,46,10,93,87,90,14,83,15,58,81,17,61,60,59,26,31,68,99,85,48,7,39,49
65;515923;515923;240000;45,28,52,36,19,85,51,41,29,24,44,37,94,59,71,6,46,63,88,90,14,81,12,21,22,20,11,70,23,40,77,92,69,53,79,48,4,56,26,58,13,34,49,32,39,18,1,5,72,74,57,98,93,99,3,84,78,31,42,83,73,10,68,86,35,89,50,80,91,38,43,87,82,96,61,60,8,15,0,9,2,67,75,33,27,54,7,95,47,65,64,76,17,16,97,25,66,62,30,55
66;518729;518729;240000;91,44,86,41,85,38,89,19,64,16,31,30,88,65,92,82,6,75,28,9,61,35,50,84,42,70,37,93,67,96,80,39,8,58,43,94,62,74,99,3,5,10,79,11,47,17,15,25,54,27,52,60,98,4,97,2,36,66,72,46,55,23,12,0,90,14,40,76,73,7,59,48,1,22,69,34,18,29,63,24,56,83,77,57,95,68,87,71,13,45,53,21,32,49,51,20,33,26,78,81
67;515607;515607;240000;76,49,1,67,94,91,23,98,20,65,2,26,33,90,28,19,5,4,40,47,88,59,78,83,10,60,80,52,12,79,6,42,43,39,11,96,46,29,81,54,84,57,48,66,18,99,62,41,53,31,37,38,85,93,30,17,16,68,25,8,55,44,95,86,92,27,61,13,36,63,35,89,3,14,34,45,0,56,9,58,22,21,50,97,70,32,7,72,51,24,64,69,82,71,87,77,15,73,75,74
68;518926;518926;240000;36,13,79,91,33,16,77,25,49,65,58,64,67,75,70,55,8,18,40,83,89,63,96,52,26,59,93,53,85,88,86,99,47,14,1,84,21,72,30,78,11,81,98,23,68,95,41,15,82,42,76,71,31,43,20,4,57,54,12,44,6,92,66,73,32,60,24,90,37,69,10,62,22,74,51,94,28,19,45,56,34,5,9,7,27,50,29,35,17,46,61,87,38,80,2,48,3,39,97,0
69;519419;519419;240000;5,25,95,69,9,49,48,66,88,81,14,51,80,91,6,60,44,4,58,70,85,3,54,46,61,82,65,68,79,77,93,63,39,62,38,99,23,57,76,32,45,55,78,47,86,16,98,22,8,59,24,83,67,56,0,87,73,1,35,34,84,21,50,40,42,53,52,17,92,94,89,18,11,41,96,64,75,19,30,71,27,36,29,74,43,97,90,13,20,12,7,72,26,31,2,28,15,10,33,37
70;519690;519690;240000;51,44,70,28,32,84,17,33,47,20,93,56,9,35,72,67,41,19,92,57,82,62,48,11,0,97,68,73,86,88,36,37,40,54,4,30,23,91,60,8,61,69,18,58,63,21,42,81,74,85,78,75,46,3,71,49,34,39,43,26,50,14,76,12,87,24,83,89,90,15,22,65,55,25,29,13,16,95,77,31,2,64,79,94,66,96,99,59,52,80,45,53,1,7,98,38,5,6,10,27
71;500829;500829;240000;71,81,51,53,70,37,52,1,17,79,4,95,88,6,57,69,38,64,49,86,65,25,14,54,82,16,29,42,32,36,24,89,21,87,66,76,77,62,8,63,18,28,48,7,43,26,22,67,12,3,33,41,0,19,34,68,91,35,59,46,27,80,73,40,58,31,39,50,98,94,61,20,78,85,13,5,93,56,84,74,83,2,15,11,45,10,47,9,55,23,44,97,90,96,60,99,75,92,72,30
72;494425;494425;240000;17,23,76,42,32,88,13,79,71,51,58,26,73,3,24,63,53,86,50,81,68,54,83,16,38,44,99,25,19,56,57,22,92,28,84,6,15,18,46,30,97,87,7,61,98,80,1,52,65,45,47,14,2,0,77,59,20,40,82,94,5,70,43,89,72,8,33,9,90,96,29,34,64,10,93,12,67,49,31,74,62,39,78,55,66,21,11,85,95,36,27,60,48,35,91,37,4,41,75,69
73;515481;515481;240000;59,92,66,56,6,95,28,79,33,47,45,27,84,93,1,24,38,22,54,46,0,42,30,52,99,58,88,74,72,77,81,57,16,29,61,5,62,25,83,43,97,78,3,75,60,9,44,14,63,41,10,18,12,55,39,35,32,70,13,82,26,87,49,17,73,51,40,76,19,36,94,69,4,53,31,80,71,15,65,2,37,48,50,21,64,7,89,8,98,85,96,67,90,11,86,20,68,91,34,23
74;519442;519442;240000;11,30,36,77,32,93,73,20,5,65,44,1,40,89,78,8,86,95,67,60,33,92,55,16,49,3,47,75,28,85,88,64,56,83,35,34,66,52,12,37,99,81,72,97,39,15,9,10,82,94,57,22,98,63,18,21,70,4,68,38,59,29,43,58,84,0,48,54,7,51,19,90,6,13,87,23,53,74,14,76,50,42,25,46,69,24,71,2,91,31,62,41,27,80,79,96,45,61,17,26
75;519809;519809;240000;95,88,42,73,18,80,93,72,79,56,77,14,70,22,25,66,37,8,83,92,34,61,65,96,53,13,86,36,74,84,19,63,15,16,11,1,20,21,91,31,62,82,68,99,90,45,29,33,87,0,23,3,44,28,51,98,32,12,43,27,30,6,97,81,69,49,38,78,60,2,57,47,39,59,9,4,67,64,75,50,76,94,48,24,58,17,7,89,52,41,71,55,5,46,35,10,40,26,54,85
76;519407;519407;240000;40,19,47,28,65,74,94,79,36,45,88,95,64,24,43,8,5,63,89,42,54,35,2,30,7,10,80,49,33,20,41,14,46,25,53,17,0,16,51,57,72,97,93,12,15,3,1,71,96,67,82,9,85,59,56,37,31,60,69,22,68,26,75,39,87,70,32,13,21,91,34,52,55,50,98,73,78,81,4,11,29,83,6,62,44,90,23,38,92,77,27,48,61,99,18,76,58,86,84,66
77;519084;519084;240000;65,86,85,64,26,88,30,81,27,0,79,37,87,94,62,15,61,25,22,11,66,12,70,46,3,98,32,67,33,80,23,57,38,18,78,40,96,16,42,5,55,7,53,52,17,45,44,59,4,43,39,92,21,72,56,34,31,28,73,6,9,58,60,48,54,84,20,51,63,77,68,69,47,35,8,14,83,13,93,19,76,49,10,36,82,24,50,95,74,2,89,29,1,41,99,75,71,97,90,91
78;428463;428463;240001;14,83,56,32,18,49,35,16,61,66,51,87,95,63,21,43,28,42,62,94,82,31,10,44,2,69,24,98,81,30,93,15,80,58,92,50,6,45,37,1,77,38,3,89,5,12,39,96,7,72,22,70,90,20,88,64,34,60,73,79,57,59,4,91,54,75,46,48,8,13,68,40,74,55,78,25,99,71,76,19,53,84,17,9,65,0,97,47,41,26,86,23,85,29,52,33,36,27,11,67
79;519409;519409;240000;49,88,42,32,19,4,79,51,5,94,36,77,99,2,72,92,43,20,84,23,48,46,10,13,45,97,81,25,95,39,66,37,3,31,41,69,82,11,38,73,80,50,54,9,35,61,93,21,1,8,28,40,33,17,89,65,58,86,27,75,63,57,16,44,60,62,15,96,47,55,76,12,14,85,68,24,91,18,70,74,6,78,30,22,71,34,52,7,64,83,98,67,26,59,90,56,29,0,53,87
80;498001;498001;240000;81,16,73,96,93,36,69,32,13,44,84,23,52,47,66,98,91,10,71,34,27,78,82,61,29,33,86,6,99,88,67,87,95,97,74,79,2,12,75,56,89,5,8,31,22,46,15,50,55,76,65,30,83,70,20,4,94,40,85,59,19,48,92,42,17,54,38,53,1,39,35,57,24,26,51,41,80,7,63,9,49,64,14,58,0,37,60,62,72,25,68,45,90,11,43,77,18,3,21,28
81;516383;516383;240000;0,42,18,37,86,64,29,71,89,36,28,94,31,47,2,8,40,13,81,5,78,95,10,82,4,72,56,55,79,32,70,77,51,57,45,66,73,92,83,43,44,58,11,35,19,87,93,12,96,98,38,75,80,23,62,46,16,63,67,49,1,85,90,17,21,27,6,61,33,97,99,26,22,3,53,20,60,74,25,91,41,69,14,84,76,54,34,9,50,65,39,24,52,68,59,7,30,48,15,88
82;518763;518763;240000;72,41,99,83,86,23,89,88,26,58,30,16,53,60,51,31,29,18,52,97,71,98,28,64,61,24,93,95,38,87,12,45,79,66,0,76,19,5,80,42,85,67,92,54,34,82,1,57,6,36,8,15,47,70,13,22,4,21,63,73,3,37,55,44,84,56,25,69,9,2,50,81,77,94,49,96,48,17,91,14,33,68,32,27,43,7,40,78,90,20,35,74,59,10,62,39,46,11,75,65
83;518631;518631;240000;45,19,83,74,47,62,29,38,28,79,88,42,63,72,2,21,9,52,46,64,75,68,89,13,4,44,17,32,87,14,70,98,10,94,66,61,25,20,84,77,82,41,49,80,86,30,50,96,51,43,78,53,5,48,85,55,16,90,40,8,31,58,39,99,34,57,0,81,7,6,33,37,22,18,12,59,23,11,26,95,67,91,1,97,3,54,15,24,71,73,65,69,27,35,60,93,92,76,56,36
84;515979;515979;240000;13,28,59,30,65,80,93,37,68,74,86,67,94,51,1,50,0,60,49,38,79,98,73,5,7,81,95,85,52,39,71,75,90,69,40,45,17,23,18,53,14,8,91,66,63,42,96,3,55,46,11,31,29,35,27,64,10,84,25,12,44,87,19,83,48,34,72,16,77,41,2,54,9,32,62,24,57,43,76,61,33,20,78,26,22,36,58,92,21,88,4,89,15,56,99,6,47,97,82,70
85;519309;519309;240000;79,41,70,85,32,88,99,57,12,81,30,31,21,66,18,73,80,19,11,16,55,28,87,5,62,84,95,33,65,40,14,1,53,22,48,45,82,50,7,93,39,43,29,68,89,2,72,13,91,26,75,10,0,47,54,83,35,56,74,97,94,67,64,42,76,46,36,86,27,44,24,59,17,20,49,58,96,25,37,3,71,34,61,6,9,15,23,51,90,60,98,63,4,38,52,8,92,69,78,77
86;517973;517973;240000;69,25,2,39,32,36,24,46,77,44,12,86,81,52,54,33,61,91,19,1,70,20,94,47,66,71,11,96,16,14,95,13,8,22,9,84,64,10,80,17,85,58,67,38,18,31,59,35,37,90,15,42,92,82,76,49,57,26,63,7,88,21,83,68,29,6,60,0,30,78,53,23,40,4,56,87,51,65,74,98,72,27,99,73,34,5,48,3,79,43,89,75,97,45,50,62,41,28,93,55
87;518212;518212;240000;49,81,19,95,52,30,51,59,79,88,0,9,6,99,14,5,97,10,34,58,75,4,45,1,23,25,16,36,35,82,32,61,26,80,53,12,89,60,74,47,71,62,40,18,42,55,22,7,29,78,24,92,68,67,73,2,13,3,65,56,84,72,43,27,87,8,38,86,11,21,39,63,70,96,33,28,46,98,50,83,17,76,66,57,94,20,31,54,41,48,93,64,69,44,91,15,90,37,77,85
88;518215;518215;240000;30,2,64,38,9,80,87,44,86,98,85,95,49,14,34,48,90,21,24,59,89,56,78,0,15,52,28,69,66,79,65,50,33,67,73,11,32,76,13,92,42,93,45,62,55,53,51,8,20,82,81,17,72,25,46,41,83,77,4,27,39,47,58,19,37,43,26,35,68,54,12,3,7,22,18,63,36,97,94,99,88,1,16,10,31,29,60,70,61,5,23,75,6,57,84,71,96,74,91,40
89;519758;519758;240000;67,13,59,63,88,2,77,95,29,70,65,36,4,85,17,99,41,38,15,57,72,22,61,7,25,14,93,86,32,47,89,55,64,53,11,44,91,92,80,82,30,12,24,60,68,94,54,0,76,39,50,69,8,34,16,66,83,52,1,35,74,20,42,62,28,9,27,18,90,23,5,10,6,84,40,51,58,19,56,96,26,71,79,73,48,45,37,46,87,78,31,75,3,21,33,97,49,43,98,81
90;516159;516159;240000;64,85,26,93,72,37,84,88,32,65,28,2,70,42,58,61,6,86,43,91,48,4,5,69,78,3,40,47,98,73,0,95,38,96,94,99,19,68,11,23,7,17,14,76,81,74,39,89,77,31,53,56,24,49,55,75,8,66,62,97,20,79,29,57,12,21,30,80,44,87,50,63,67,60,10,51,52,1,27,36,9,33,16,25,71,15,83,34,13,35,18,59,54,22,45,92,82,46,90,41
91;519460;519460;240000;52,81,28,47,61,5,37,26,65,95,98,23,11,91,68,34,83,54,53,3,55,71,15,32,24,30,20,4,6,80,19,39,38,31,44,85,21,63,58,79,99,59,8,0,25,46,14,74,12,66,92,29,90,56,93,13,22,87,77,50,84,64,76,48,60,41,9,7,33,89,16,10,62,97,86,49,42,1,27,94,70,40,57,82,67,69,75,73,96,2,17,45,43,51,36,35,72,18,78,88
92;518239;518239;240000;86,77,53,1,64,99,38,40,51,37,26,42,84,97,19,7,57,74,24,80,89,36,39,92,66,16,83,79,31,32,67,88,18,61,22,17,46,30,45,44,8,75,43,58,2,70,41,85,13,90,50,49,27,20,82,60,93,29,71,10,62,76,5,28,54,3,63,87,96,72,34,56,4,6,9,65,52,48,35,0,98,81,11,94,12,78,33,25,91,95,15,69,55,47,73,59,21,23,68,14
93;519115;519115;240000;95,84,35,74,32,17,26,41,81,51,87,52,67,24,88,39,5,53,13,69,58,59,7,56,23,31,14,85,49,3,86,82,78,0,25,9,30,63,27,54,98,28,33,99,91,72,48,22,68,46,93,15,80,36,20,61,18,38,64,70,19,11,42,16,29,66,1,2,4,89,21,43,8,37,79,90,65,60,57,96,92,47,73,44,34,94,50,12,62,40,71,6,55,75,83,97,76,45,10,77
94;516579;516579;240000;25,19,49,80,30,26,66,69,33,99,67,84,88,13,87,29,42,74,95,32,76,55,18,31,10,53,47,98,85,96,52,77,65,12,41,92,86,71,58,57,34,46,2,79,28,1,89,7,21,38,20,50,43,6,90,73,36,3,83,94,9,37,0,68,61,78,54,51,4,64,70,59,24,72,93,56,8,44,39,17,63,5,82,75,60,14,23,62,81,48,91,11,35,16,97,45,27,22,40,15
95;518696;518696;240000;73,80,94,26,44,49,47,30,45,98,22,17,32,55,2,68,85,9,52,92,97,96,16,37,82,27,70,14,87,1,0,5,36,7,91,79,48,62,58,75,25,13,21,38,35,43,20,12,89,23,28,29,51,95,31,77,65,72,71,57,84,69,15,61,6,59,78,54,64,34,39,41,83,19,81,42,50,88,40,60,66,56,90,11,74,93,18,33,8,46,4,76,3,53,67,99,24,86,10,63
96;516700;516700;240000;87,47,65,37,13,70,86,94,98,33,63,52,38,19,26,32,88,18,81,36,50,91,92,95,89,29,20,31,72,57,79,83,6,55,58,27,25,82,34,61,22,0,71,84,62,64,60,68,23,24,66,41,53,93,42,9,7,48,8,54,46,85,11,3,1,75,35,97,28,51,56,73,10,5,80,15,69,49,44,43,2,77,12,4,45,99,90,17,16,76,30,39,78,40,74,96,59,67,21,14
97;518360;518360;240000;40,64,65,44,81,26,5,67,10,69,52,86,27,75,54,85,13,35,22,34,25,16,30,51,49,50,93,89,72,12,55,96,90,59,21,43,97,28,71,15,20,2,4,17,6,78,99,80,0,48,95,3,7,62,91,24,47,58,56,92,87,18,88,39,77,23,63,83,73,76,45,29,37,60,42,14,79,32,74,19,70,61,11,94,41,1,82,38,9,84,46,98,66,53,68,36,8,33,57,31
98;519246;519246;240000;60,49,2,72,0,12,47,8,17,30,26,73,88,11,98,67,40,97,51,93,91,7,65,96,16,29,4,78,32,70,79,1,68,42,23,81,89,10,48,24,55,33,83,15,94,54,39,31,84,22,62,61,52,28,3,87,45,38,71,44,18,14,82,46,90,25,58,92,41,75,43,13,35,56,80,69,53,5,27,6,36,9,66,19,34,64,63,37,85,21,76,57,74,99,50,59,20,86,95,77
99;518633;518633;240000;90,64,91,10,9,49,41,79,87,47,30,12,70,37,71,86,92,11,62,6,14,82,63,32,75,7,72,81,77,29,84,61,38,96,28,25,33,20,95,97,98,69,67,5,56,50,40,51,23,42,4,54,21,44,35,93,24,16,55,34,68,36,48,13,85,80,45,8,59,94,17,78,43,39,2,83,0,18,52,66,74,26,76,89,27,99,73,15,22,31,1,53,60,57,65,19,3,58,46,88
