0;1526;1526;200;16,8,15,4,2,19,7,13,3,12,0,14,5,18,17,11,10,1,9,6
1;1541;1541;200;17,18,14,16,13,10,5,0,11,4,9,15,3,8,12,6,19,7,2,1
2;1534;1534;200;15,18,17,19,6,2,10,8,7,1,12,11,0,3,16,14,4,13,5,9
3;1532;1532;200;19,3,7,15,11,8,6,14,17,0,4,10,16,18,12,5,13,9,2,1
4;1527;1527;200;1,19,9,6,16,2,0,10,12,7,11,14,15,4,17,5,18,3,8,13
5;1535;1535;200;6,2,14,17,19,18,0,7,12,11,9,15,5,4,8,10,1,13,16,3
6;1191;1191;200;17,13,10,16,18,11,5,6,12,9,14,1,19,2,15,7,3,8,0,4
7;1547;1547;200;18,16,5,4,9,17,14,2,10,19,11,6,1,15,13,12,3,0,8,7
8;1539;1539;200;3,11,6,10,5,15,16,7,8,14,0,19,4,17,1,12,18,9,13,2
9;1540;1540;200;16,0,12,5,4,8,13,1,10,15,9,18,19,2,14,7,6,11,3,17
10;1452;1452;200;11,14,17,7,18,13,8,4,3,0,16,6,10,15,12,1,2,19,5,9
11;1240;1240;200;9,11,12,6,8,13,2,4,18,1,3,19,14,0,7,10,5,16,17,15
12;1535;1535;200;19,3,14,13,11,7,0,5,9,10,8,6,16,15,4,1,18,12,2,17
13;1524;1524;200;14,5,10,1,16,2,6,9,3,11,4,13,12,8,15,18,0,17,7,19
14;1537;1537;200;16,9,6,18,12,10,0,3,7,13,1,8,5,15,14,19,17,2,4,11
15;1540;1540;200;12,13,19,2,3,16,10,8,18,0,9,4,17,5,1,15,7,11,6,14
16;1531;1531;200;8,14,17,6,2,7,18,0,5,9,11,12,16,3,15,13,1,10,19,4
17;1537;1537;200;11,6,12,15,18,8,7,0,13,4,2,5,14,16,19,9,17,1,3,10
18;1527;1527;200;4,18,11,14,8,15,17,16,13,9,10,19,6,3,0,2,12,1,7,5
19;1543;1543;200;7,9,12,8,4,13,2,17,11,14,18,3,15,16,0,5,10,19,6,1
20;1535;1535;200;2,1,6,0,18,14,16,5,10,13,3,15,19,9,11,8,17,12,7,4
21;1538;1538;200;14,10,15,16,9,5,19,3,0,8,4,17,6,18,13,12,1,7,2,11
22;1541;1541;200;9,3,0,4,11,15,5,19,16,12,18,17,7,10,1,8,14,2,6,13
23;1536;1536;200;10,7,15,19,4,0,6,11,12,2,3,13,18,17,14,5,16,9,8,1
24;1537;1537;200;6,0,7,1,2,5,14,10,4,19,8,13,9,16,18,17,11,15,3,12
25;1541;1541;200;13,8,2,14,0,4,18,5,7,19,10,16,15,12,3,11,17,6,9,1
26;1532;1532;200;17,12,4,15,18,19,16,7,1,14,5,0,8,11,3,9,6,2,13,10
27;1537;1537;200;2,4,18,8,15,6,9,14,7,10,17,13,11,16,19,5,0,12,1,3
28;1415;1415;200;15,18,8,16,4,19,2,14,1,10,5,13,3,6,11,7,12,9,0,17
29;1539;1539;200;15,5,6,4,16,3,13,18,2,1,12,10,7,17,11,19,9,0,14,8
30;1536;1536;200;4,8,5,17,18,15,9,7,6,2,1,11,19,16,13,14,12,0,3,10
31;1533;1533;200;11,14,7,18,2,8,1,19,3,12,6,9,15,13,17,0,5,4,10,16
32;1479;1479;200;17,1,15,12,0,14,10,8,18,9,5,3,13,19,16,11,4,2,6,7
33;1534;1534;200;14,19,16,15,7,4,0,3,10,2,13,9,11,5,18,17,6,12,8,1
34;1535;1535;200;12,17,16,8,6,15,2,13,18,1,9,3,11,0,19,14,10,4,5,7
35;1548;1548;200;11,5,12,9,17,14,13,4,16,8,1,6,7,3,19,15,0,10,18,2
36;1537;1537;200;19,3,17,12,9,16,10,18,6,4,14,7,11,2,8,0,13,15,5,1
37;1537;1537;200;14,8,1,3,12,4,9,6,10,2,13,18,5,19,15,16,17,0,7,11
38;1539;1539;200;2,9,13,10,7,12,16,11,3,18,15,14,6,4,0,19,8,1,5,17
39;1100;1100;200;10,5,11,7,18,12,13,4,0,16,2,6,14,17,8,1,19,15,3,9
40;1529;1529;200;17,1,16,9,4,3,18,12,10,13,7,0,2,6,19,11,5,8,14,15
41;1534;1534;200;15,16,8,12,5,0,13,18,2,4,7,1,19,14,17,9,3,10,11,6
42;1544;1544;200;4,1,14,16,7,5,10,19,17,9,13,11,0,12,3,15,2,8,18,6
43;1544;1544;200;7,1,15,14,18,13,5,16,6,8,10,11,3,19,17,0,2,9,12,4
44;1537;1537;200;18,7,15,19,14,6,3,1,0,5,17,13,10,12,4,2,11,8,16,9
45;1536;1536;200;16,8,14,19,3,1,13,18,5,10,9,11,4,17,7,6,2,0,12,15
46;1535;1535;200;11,12,14,2,18,17,19,9,8,0,7,6,15,1,5,13,4,3,10,16
47;1537;1537;200;5,1,11,7,8,17,10,4,13,12,14,18,6,19,9,3,0,15,16,2
48;1364;1364;200;9,2,15,14,0,13,18,8,6,16,7,1,19,12,3,5,11,10,17,4
49;1538;1538;200;16,0,11,14,19,1,15,6,12,13,8,5,7,3,17,2,10,4,9,18
50;1482;1482;200;19,17,3,12,11,8,2,15,4,13,6,1,10,14,16,9,5,0,7,18
51;1545;1545;200;18,14,7,8,10,19,13,15,17,11,16,5,3,4,9,0,12,1,2,6
52;1539;1539;200;15,14,8,12,7,4,18,6,13,19,16,2,3,1,0,10,9,11,5,17
53;1533;1533;200;19,11,14,15,18,9,1,6,4,0,13,5,10,12,16,8,7,17,2,3
54;1541;1541;200;5,7,6,15,18,4,14,9,10,16,3,19,12,1,11,8,17,0,13,2
55;1536;1536;200;1,17,19,18,8,11,3,13,4,12,2,9,7,15,14,0,5,10,16,6
56;1546;1546;200;13,16,11,17,14,6,5,15,10,1,2,19,9,3,12,8,4,18,7,0
57;1549;1549;200;0,16,11,18,9,6,1,10,13,14,4,7,3,17,2,15,5,8,12,19
58;1530;1530;200;4,3,7,11,0,19,8,14,16,10,12,13,5,15,9,17,2,1,18,6
59;1544;1544;200;3,10,12,9,0,18,13,17,7,6,1,14,2,19,16,15,11,5,4,8
60;1527;1527;200;3,0,19,15,16,9,18,6,4,13,11,17,8,7,1,12,2,5,10,14
61;1532;1532;200;11,1,17,5,18,8,0,7,12,15,13,9,10,2,4,14,6,3,16,19
62;1530;1530;200;14,3,12,2,7,19,1,18,10,9,11,0,17,5,13,6,16,4,8,15
63;1527;1527;200;7,8,14,15,17,13,2,19,10,6,1,9,5,11,16,3,12,0,18,4
64;1532;1532;200;3,5,19,0,16,2,17,4,6,18,10,11,7,13,12,9,14,8,1,15
65;1547;1547;200;7,16,8,6,9,14,0,13,17,3,19,18,2,15,5,12,4,10,1,11
66;1529;1529;200;4,8,9,3,1,17,15,12,5,10,13,6,16,2,7,11,14,0,18,19
67;1511;1511;200;14,17,5,9,13,7,0,12,19,8,16,15,11,3,18,2,1,10,6,4
68;1513;1513;200;15,10,18,9,0,2,12,1,16,8,17,7,14,6,19,4,11,5,13,3
69;1523;1523;200;3,12,5,16,13,17,14,11,9,1,10,0,6,19,4,18,15,7,8,2
70;1521;1521;200;1,0,19,6,11,16,13,2,10,3,14,4,7,5,12,15,9,17,8,18
71;1519;1519;200;6,9,4,1,12,15,8,11,13,7,10,0,5,16,14,19,17,18,3,2
72;1477;1477;200;13,4,12,19,3,15,0,16,2,8,6,11,10,18,17,14,1,7,9,5
73;1516;1516;200;18,7,5,17,0,4,9,10,8,2,3,16,14,15,6,13,11,12,1,19
74;1522;1522;200;17,9,15,2,12,6,18,13,14,0,19,5,8,4,16,1,3,10,7,11
75;1523;1523;200;4,13,6,15,7,8,14,17,19,10,9,18,11,2,12,1,3,0,5,16
76;1518;1518;200;19,4,16,15,17,0,10,8,7,1,5,18,2,6,13,3,12,9,14,11
77;1514;1514;200;8,0,2,11,12,18,7,19,14,3,15,6,1,16,5,13,17,9,10,4
78;1515;1515;200;9,2,17,6,13,14,7,10,4,5,19,3,1,12,11,15,0,18,16,8
79;1525;1525;200;2,19,4,7,15,5,13,14,8,10,11,17,16,12,9,1,3,0,18,6
80;1505;1505;200;5,18,15,12,4,2,17,10,7,8,9,11,6,0,19,14,13,1,16,3
81;1518;1518;200;9,18,15,11,0,3,4,13,19,5,7,17,8,2,1,10,16,12,6,14
82;1515;1515;200;11,13,19,12,17,8,4,9,0,14,15,6,3,18,10,1,7,16,2,5
83;1505;1505;200;16,10,17,8,4,6,18,7,14,12,1,19,13,0,2,3,15,5,9,11
84;1514;1514;200;10,13,6,4,9,7,14,12,18,17,11,15,8,19,1,2,3,0,5,16
85;1513;1513;200;14,18,16,1,6,3,4,7,8,10,2,9,13,15,17,12,5,19,11,0
86;1513;1513;200;12,16,13,1,8,19,15,0,18,3,5,2,10,7,17,11,6,4,9,14
87;1513;1513;200;18,17,15,12,5,4,8,14,1,2,13,16,19,3,9,11,7,10,0,6
88;1526;1526;200;12,5,15,19,0,13,14,8,11,3,9,10,2,1,6,17,4,7,16,18
89;1511;1511;200;6,12,1,3,16,5,18,8,14,0,7,10,17,15,9,4,11,2,19,13
90;1517;1517;200;1,2,6,19,3,4,0,16,15,9,13,7,8,5,14,10,12,17,18,11
91;1520;1520;200;5,16,17,12,2,15,10,6,18,9,4,7,0,1,11,3,14,8,19,13
92;1509;1509;200;5,13,17,14,7,0,4,16,6,8,10,18,11,2,15,3,1,9,12,19
93;1522;1522;200;5,13,10,11,17,1,4,18,15,6,16,19,0,3,7,2,9,12,8,14
94;1483;1483;200;0,6,5,2,8,10,14,7,16,19,18,3,17,15,11,12,9,13,4,1
95;1510;1510;200;17,8,13,19,0,2,9,6,12,18,15,3,14,16,10,5,1,4,11,7
96;1524;1524;200;3,8,18,12,9,7,2,19,4,5,10,17,14,15,1,11,0,6,16,13
97;1520;1520;200;2,7,3,6,16,19,13,1,18,0,9,11,15,14,5,17,10,4,8,12
98;1531;1531;200;11,5,4,18,15,1,7,19,12,10,0,16,3,14,8,2,13,9,6,17
99;1523;1523;200;4,13,3,7,14,1,18,6,9,0,16,5,10,8,12,15,2,17,19,11
100;1504;1504;200;0,10,3,4,14,16,8,6,13,5,9,12,19,17,15,1,11,18,2,7
101;1508;1508;200;7,18,14,19,9,16,1,3,2,10,6,13,0,12,17,4,11,15,8,5
102;1506;1506;200;5,12,8,13,4,6,0,7,9,10,1,19,17,3,16,2,11,14,18,15
103;1505;1505;200;7,13,12,16,1,15,8,10,9,0,4,5,17,2,19,14,6,18,3,11
104;1511;1511;200;12,1,19,7,9,13,18,4,15,11,0,8,2,5,14,6,3,10,16,17
105;1521;1521;200;12,2,14,18,5,6,11,7,10,3,16,0,4,17,15,1,8,13,9,19
106;1511;1511;200;12,0,6,9,14,10,17,11,8,4,19,13,1,5,7,2,3,18,16,15
107;1508;1508;200;17,19,15,3,18,12,13,9,14,6,11,4,16,5,1,7,10,0,2,8
108;1289;1289;200;15,17,19,5,0,14,1,8,13,9,7,3,2,16,4,10,6,12,18,11
109;527;527;200;4,5,11,1,6,3,13,10,0,8,16,2,19,14,15,7,9,18,12,17
110;1056;1056;200;1,6,4,5,19,0,17,8,16,10,13,18,7,14,15,9,3,12,11,2
111;1041;1041;200;17,19,15,13,7,11,9,3,0,5,1,18,2,4,14,12,6,16,10,8
112;865;865;200;5,9,14,19,2,17,13,10,0,8,16,6,1,11,7,4,12,18,3,15
113;1033;1033;200;10,8,19,9,12,6,18,13,17,2,4,15,11,7,5,16,3,0,14,1
114;1043;1043;200;6,1,15,19,14,12,10,7,16,13,2,3,9,5,17,0,11,4,18,8
115;1040;1040;200;12,13,7,16,19,17,6,10,11,1,9,18,5,15,2,3,4,8,14,0
116;1058;1058;200;17,8,3,13,15,5,19,4,6,1,10,2,7,16,14,12,11,9,0,18
117;1044;1044;200;11,12,3,7,4,1,10,9,18,2,19,16,15,17,14,0,5,6,8,13
118;1038;1038;200;19,1,5,10,12,9,2,16,0,3,18,4,6,7,17,11,13,15,8,14
119;830;830;200;4,11,6,13,3,19,1,0,14,7,9,5,17,15,16,18,12,10,2,8
120;1029;1029;200;9,17,1,4,0,16,10,14,6,8,2,13,7,12,5,15,11,18,3,19
121;879;879;200;1,6,16,4,12,14,13,5,10,7,8,19,15,0,17,2,9,18,11,3
122;877;877;200;7,0,2,13,6,15,18,9,11,16,12,8,19,4,14,17,3,1,5,10
123;854;854;200;7,8,0,19,13,4,16,5,12,17,2,10,15,11,14,1,3,9,6,18
124;1039;1039;200;13,7,15,14,17,16,0,1,18,19,12,3,6,8,5,2,11,10,4,9
125;1049;1049;200;16,1,17,14,13,9,6,15,18,7,0,5,12,2,4,8,11,19,10,3
126;991;991;200;2,6,5,14,9,1,8,18,0,4,15,19,12,11,3,10,7,16,17,13
127;871;871;200;6,1,19,12,10,11,3,7,2,18,9,4,8,5,17,0,15,13,14,16
128;1031;1031;200;9,10,11,14,6,4,13,3,7,1,12,18,5,19,16,15,0,2,8,17
129;1046;1046;200;7,5,19,14,12,8,18,10,16,0,15,6,11,17,1,4,13,2,9,3
130;1033;1033;200;3,19,17,4,18,12,11,14,8,13,1,9,5,15,6,10,7,0,2,16
131;1498;1498;200;9,13,12,4,5,8,10,7,3,19,17,15,6,14,0,18,11,1,16,2
132;1089;1089;200;12,5,15,18,11,8,16,9,13,7,4,6,3,1,0,10,19,14,2,17
133;1486;1486;200;4,8,11,2,1,3,9,12,18,10,15,16,0,13,6,14,5,7,19,17
134;1533;1533;200;6,15,10,14,18,2,4,7,12,0,8,5,19,13,17,1,3,9,11,16
135;1531;1531;200;15,2,8,11,19,4,14,6,18,7,16,12,0,1,5,17,3,13,9,10
136;1532;1532;200;4,3,17,7,5,15,6,18,14,11,13,0,16,19,12,9,2,8,10,1
137;1519;1519;200;12,3,4,11,1,14,10,19,18,6,16,13,0,2,7,8,9,15,17,5
138;1526;1526;200;6,14,15,5,13,17,8,12,11,9,18,4,3,1,2,7,19,10,16,0
139;1532;1532;200;2,6,18,11,12,4,8,14,17,13,19,15,0,3,5,9,10,1,7,16
140;1528;1528;200;15,13,17,11,6,18,9,5,7,2,1,3,19,12,10,14,4,0,16,8
141;1526;1526;200;11,17,18,12,6,5,1,3,10,16,19,8,7,15,2,0,14,4,9,13
142;1531;1531;200;17,18,16,6,0,14,10,1,7,9,19,15,2,12,13,11,8,5,3,4
143;1528;1528;200;16,8,0,2,12,13,1,4,5,14,6,19,15,17,11,3,9,10,18,7
144;1397;1397;200;8,3,1,15,7,11,5,10,12,0,19,9,18,2,6,13,4,16,14,17
145;1524;1524;200;1,19,4,16,13,6,0,14,15,7,12,18,17,11,5,2,8,3,10,9
146;1422;1422;200;17,12,15,16,19,7,0,10,1,9,13,11,14,2,4,8,6,3,5,18
147;1444;1444;200;17,15,3,9,19,16,2,10,5,1,6,11,14,13,12,7,4,0,18,8
148;1508;1508;200;15,10,3,11,14,16,1,17,2,5,7,8,18,12,9,13,19,4,0,6
149;1516;1516;200;19,1,14,0,11,5,18,16,17,9,2,15,6,10,4,3,13,7,8,12
150;1515;1515;200;11,0,12,7,18,10,1,17,16,2,6,3,15,19,5,14,9,8,4,13
151;1503;1503;200;3,18,4,11,8,9,2,15,19,7,0,12,13,17,6,1,16,5,10,14
152;1507;1507;200;13,17,4,1,16,5,2,10,9,3,8,6,15,7,12,0,18,19,14,11
153;1352;1352;200;12,7,19,18,13,14,0,4,10,1,8,5,3,17,15,2,9,6,16,11
154;1508;1508;200;13,6,7,5,11,3,18,10,0,12,16,8,14,4,17,2,19,15,9,1
155;1522;1522;200;4,11,0,10,15,19,13,2,1,6,18,7,17,12,16,5,9,14,3,8
156;1509;1509;200;17,14,15,3,4,16,9,0,2,10,8,18,19,7,11,6,13,1,5,12
157;1515;1515;200;16,4,2,7,19,17,1,13,5,0,9,11,6,14,8,10,3,15,12,18
158;1509;1509;200;16,4,12,14,18,7,3,9,10,17,1,2,5,6,13,0,15,8,19,11
159;1518;1518;200;6,19,16,17,4,8,0,10,1,3,14,5,15,2,13,7,12,9,18,11
160;1515;1515;200;6,17,0,8,9,19,4,3,18,5,1,2,7,16,13,14,15,12,10,11
161;1508;1508;200;14,6,17,7,1,16,13,15,0,19,8,5,4,10,11,3,18,9,2,12
162;1507;1507;200;0,4,19,17,1,9,15,10,2,8,13,16,5,6,3,7,18,12,14,11
163;1510;1510;200;10,8,14,6,4,19,16,13,0,3,18,17,15,7,11,2,1,9,12,5
164;1519;1519;200;12,15,0,16,1,10,18,5,14,19,8,4,7,6,3,13,2,9,17,11
165;1510;1510;200;8,3,4,9,17,16,11,18,2,10,19,6,13,1,5,0,15,12,14,7
166;1507;1507;200;10,5,11,9,13,1,14,2,12,6,3,19,18,15,4,16,7,0,8,17
167;1504;1504;200;11,13,2,5,17,18,9,3,19,10,16,15,4,12,7,14,0,8,6,1
168;1470;1470;200;4,14,17,3,19,10,9,0,13,8,12,2,7,5,11,16,6,18,1,15
169;1508;1508;200;3,18,5,6,13,14,12,16,2,9,10,4,7,0,11,15,19,17,1,8
170;1523;1523;200;6,12,16,17,4,7,14,10,9,1,3,19,15,13,2,11,8,5,18,0
171;1519;1519;200;9,6,15,7,16,12,18,17,19,2,5,1,14,0,13,4,3,10,8,11
172;1516;1516;200;17,5,11,1,16,8,9,6,4,0,19,12,3,7,13,15,10,18,2,14
173;1515;1515;200;0,16,17,6,13,14,7,1,19,9,18,11,5,2,12,15,8,3,4,10
174;1500;1500;200;11,15,7,1,4,2,19,6,10,9,18,17,3,16,0,13,12,5,8,14
175;1507;1507;200;5,1,2,12,8,10,13,4,7,9,11,19,3,0,6,17,18,15,16,14
176;1506;1506;200;10,9,16,8,0,4,12,13,5,1,2,19,3,7,11,6,17,18,14,15
177;1504;1504;200;8,19,15,3,2,11,10,4,13,7,6,0,12,16,17,14,5,1,9,18
178;1515;1515;200;17,5,4,14,16,1,2,6,15,10,9,18,13,3,19,11,7,0,12,8
179;1515;1515;200;2,19,16,3,4,1,13,9,0,6,15,11,12,18,10,14,17,8,7,5
180;1514;1514;200;14,11,3,8,7,13,5,2,18,12,1,19,0,15,9,10,17,6,4,16
181;1501;1501;200;13,12,9,10,8,11,4,2,14,0,1,7,19,6,15,5,16,18,3,17
182;1517;1517;200;4,14,10,13,5,7,9,17,0,1,12,18,3,8,2,6,15,19,16,11
183;1512;1512;200;2,5,14,3,0,8,18,11,13,4,9,1,15,6,17,19,12,10,7,16
184;1379;1379;200;12,13,4,1,15,11,2,9,18,17,16,19,8,3,5,0,7,14,6,10
185;1525;1525;200;17,14,9,8,4,15,2,13,12,10,1,0,19,5,11,16,18,6,3,7
186;1530;1530;200;6,8,4,17,0,2,7,3,12,1,14,10,19,15,9,13,18,16,5,11
187;1537;1537;200;7,10,12,1,3,13,2,19,11,0,16,17,6,4,14,8,18,15,5,9
188;1525;1525;200;17,7,16,14,12,5,19,18,10,1,2,9,6,4,0,15,3,8,13,11
189;1536;1536;200;3,6,14,5,9,15,10,1,13,4,7,17,12,18,11,19,16,0,2,8
190;1534;1534;200;17,19,7,14,5,18,10,6,16,9,0,8,11,2,1,13,4,3,12,15
191;1522;1522;200;9,13,4,6,18,16,1,5,12,3,19,8,10,0,14,15,2,17,7,11
192;1526;1526;200;14,18,6,19,13,12,1,17,8,9,7,0,16,5,3,11,2,10,4,15
193;1535;1535;200;12,3,19,16,5,17,2,14,9,1,7,0,6,18,11,15,13,4,10,8
194;1412;1412;200;3,5,12,2,11,7,4,18,17,8,0,15,9,14,19,13,6,10,1,16
195;1527;1527;200;5,0,4,12,14,11,10,18,13,1,7,17,9,8,19,2,3,15,6,16
196;1523;1523;200;8,17,11,4,3,10,13,7,0,14,16,15,18,9,5,6,12,1,2,19
197;1518;1518;200;4,3,5,12,0,14,8,2,7,16,17,10,19,9,15,6,11,18,13,1
198;1525;1525;200;11,19,17,18,7,15,16,14,1,6,0,8,5,9,10,4,3,12,13,2
199;1523;1523;200;12,9,17,16,13,7,10,0,4,8,18,15,11,2,1,14,6,3,5,19
200;1529;1529;200;11,4,17,6,16,19,10,7,2,13,14,5,15,3,12,1,18,8,0,9
201;1140;1140;200;19,14,8,13,10,16,0,2,6,4,11,17,18,15,7,3,1,12,9,5
202;1526;1526;200;4,18,16,7,8,9,6,14,15,13,3,11,19,2,5,17,10,12,1,0
203;1538;1538;200;3,4,5,6,12,11,0,13,18,17,9,2,10,19,8,16,7,15,1,14
204;1523;1523;200;17,8,11,5,3,15,18,19,1,9,10,2,7,12,14,16,0,4,6,13
205;1530;1530;200;4,5,19,16,17,15,11,2,3,14,10,1,13,12,8,6,7,9,0,18
206;1534;1534;200;18,12,1,8,14,9,10,3,17,2,4,13,5,11,19,16,15,0,6,7
207;1539;1539;200;15,9,11,13,16,1,12,18,2,7,14,5,3,6,0,8,19,4,10,17
208;1107;1107;200;10,14,7,15,13,1,9,6,2,16,0,3,19,5,18,17,8,11,12,4
209;1538;1538;200;15,9,13,3,14,10,0,12,17,8,7,5,1,11,6,2,19,4,18,16
210;1522;1522;200;15,0,6,16,17,14,10,18,7,11,3,19,13,8,4,2,12,9,5,1
211;1533;1533;200;2,12,10,17,4,9,16,7,15,14,5,3,8,6,1,18,13,0,19,11
212;1528;1528;200;13,9,6,19,5,7,11,8,4,2,15,14,1,3,16,12,0,10,18,17
213;1531;1531;200;0,5,12,1,18,7,17,9,3,11,14,15,6,19,10,8,16,4,2,13
214;998;998;200;14,16,15,2,10,3,6,19,7,18,4,5,8,11,0,12,1,13,9,17
215;984;984;200;6,0,14,8,2,4,7,9,18,16,10,19,13,5,17,1,12,11,3,15
216;1035;1035;200;12,1,4,6,15,8,3,11,2,9,7,5,10,14,0,13,19,17,16,18
217;1041;1041;200;19,2,8,12,10,5,0,1,7,15,14,11,17,6,9,3,13,18,4,16
218;1039;1039;200;2,4,19,17,13,8,1,10,14,18,16,3,6,9,12,15,5,0,7,11
219;1045;1045;200;16,1,0,18,15,17,10,13,2,4,5,11,7,6,8,3,9,14,12,19
220;1043;1043;200;11,7,19,15,5,18,14,8,12,10,17,16,6,13,0,2,3,4,9,1
221;1035;1035;200;16,2,4,8,0,5,14,13,1,17,10,12,9,11,15,7,19,18,3,6
222;1049;1049;200;9,1,7,11,8,3,10,18,6,15,5,14,2,4,17,16,13,0,12,19
223;1037;1037;200;4,8,15,19,13,14,10,0,18,17,7,1,9,5,2,6,11,12,3,16
224;1047;1047;200;19,0,7,15,6,14,4,1,13,8,10,17,16,11,5,12,2,3,9,18
225;1055;1055;200;19,13,17,2,18,12,7,16,3,14,10,1,8,5,6,0,15,9,4,11
226;1047;1047;200;2,14,15,4,13,6,8,5,10,12,3,17,18,9,7,1,0,19,11,16
227;1034;1034;200;14,6,15,17,8,3,10,5,0,12,9,11,1,4,2,13,7,18,16,19
228;1040;1040;200;17,15,19,0,1,8,7,13,2,6,14,11,3,9,4,10,5,12,18,16
229;875;875;200;19,12,16,14,9,6,1,4,10,13,18,5,3,11,0,8,7,15,2,17
230;1042;1042;200;15,4,10,2,19,11,1,0,17,7,9,12,13,8,6,18,5,3,16,14
231;868;868;200;6,3,11,15,1,12,16,7,5,2,13,0,8,18,17,4,10,19,9,14
232;1038;1038;200;13,7,4,15,6,0,16,10,11,1,5,14,3,8,2,17,19,12,18,9
233;997;997;201;5,6,3,1,13,15,19,9,8,17,14,18,4,7,11,2,0,16,10,12
234;1506;1506;200;11,13,2,15,14,16,9,19,12,10,18,4,5,17,1,6,3,0,8,7
235;1505;1505;200;1,9,12,19,16,10,0,6,4,5,8,14,3,15,7,2,13,17,18,11
236;1506;1506;200;12,15,4,9,13,3,11,19,10,8,14,7,18,17,5,0,1,16,2,6
237;1510;1510;200;12,6,15,9,16,8,0,18,13,19,17,11,10,2,1,3,7,4,5,14
238;1513;1513;200;16,7,0,13,5,10,6,12,9,4,17,15,8,3,11,2,14,18,19,1
239;1511;1511;200;4,3,14,16,2,12,10,18,13,8,5,6,19,17,7,15,9,0,1,11
240;1511;1511;200;12,1,8,6,9,0,4,19,18,14,7,10,5,17,3,16,11,2,13,15
241;1508;1508;200;6,4,11,17,13,7,16,0,8,15,19,3,12,9,14,18,1,5,2,10
242;1520;1520;200;3,13,9,11,14,19,7,4,0,15,6,1,10,5,8,16,17,2,12,18
243;1514;1514;200;6,15,7,4,0,19,5,3,18,1,13,2,8,9,14,16,12,11,17,10
244;1517;1517;200;14,9,6,10,19,15,4,1,0,8,2,13,5,12,7,11,3,18,17,16
245;1507;1507;200;5,9,3,8,17,4,12,15,6,16,11,19,0,2,18,14,1,10,7,13
246;1019;1019;200;17,10,14,6,2,16,3,15,13,8,7,5,9,4,12,0,18,1,11,19
247;1029;1029;200;17,9,14,7,5,3,12,1,13,11,16,15,10,18,19,6,8,0,2,4
248;1044;1044;200;8,5,0,15,17,7,1,12,10,16,3,19,9,13,11,14,2,4,18,6
249;1049;1049;200;7,2,9,5,0,4,8,11,6,18,10,16,14,12,3,17,15,19,13,1
250;1045;1045;200;4,8,18,16,10,19,17,0,1,7,12,3,15,2,5,14,9,11,13,6
251;1036;1036;200;11,7,15,16,12,17,1,8,10,2,9,5,0,4,18,13,19,14,3,6
252;881;881;200;0,7,15,4,13,9,3,2,6,17,16,19,8,11,18,1,5,10,14,12
253;1025;1025;200;12,17,0,4,1,19,13,8,16,2,18,6,15,7,9,3,10,14,11,5
254;1038;1038;200;19,18,17,1,4,6,0,14,15,8,16,13,3,7,11,10,9,2,12,5
255;878;878;200;7,8,6,14,17,15,10,12,4,9,0,11,19,1,3,13,5,18,16,2
256;1036;1036;200;10,19,4,6,5,2,15,1,8,12,16,3,13,14,11,7,18,0,9,17
257;1031;1031;200;9,4,11,19,18,6,7,0,15,17,16,1,2,8,14,13,3,10,5,12
258;1045;1045;200;3,7,14,1,2,18,19,6,0,9,13,5,8,4,15,11,16,12,10,17
259;1036;1036;200;11,8,19,17,6,3,18,4,7,0,5,2,14,1,9,10,15,13,12,16
260;867;867;200;18,0,17,12,14,2,10,7,1,8,9,5,13,19,4,15,6,3,11,16
261;1034;1034;200;6,10,19,13,0,12,1,7,3,18,14,15,2,16,17,8,11,4,9,5
262;1033;1033;200;8,13,7,2,4,16,1,17,5,9,18,3,12,19,11,15,6,14,10,0
263;1045;1045;200;6,0,4,1,18,9,2,13,14,7,16,10,12,15,8,19,17,3,5,11
264;1037;1037;200;5,2,8,19,18,9,13,6,15,16,4,1,11,12,0,10,14,7,17,3
265;1032;1032;200;6,13,15,10,19,1,14,16,12,9,4,7,17,18,8,2,11,0,5,3
266;1043;1043;200;18,6,19,0,2,14,13,7,5,12,10,3,11,4,17,15,9,16,1,8
267;1040;1040;200;18,16,9,15,7,8,4,13,0,5,1,10,2,6,3,11,12,19,14,17
268;1040;1040;200;4,6,17,7,9,11,10,0,3,13,15,2,8,1,19,12,5,18,16,14
269;1038;1038;200;8,15,17,2,12,9,16,0,6,13,18,10,1,4,11,7,19,14,3,5
270;1048;1048;200;14,1,11,15,0,16,3,18,7,12,2,5,9,6,19,8,17,13,10,4
271;1038;1038;200;18,7,13,4,10,8,2,17,5,16,6,11,9,14,19,15,1,0,12,3
272;1032;1032;200;9,3,4,17,1,16,5,15,18,14,19,11,12,0,8,10,6,13,2,7
273;1035;1035;200;14,13,10,15,3,8,6,5,0,1,2,11,17,12,19,9,7,18,4,16
274;1035;1035;200;10,4,2,12,7,6,13,8,0,1,5,17,14,9,15,11,19,3,18,16
275;1045;1045;200;1,0,15,14,5,16,2,19,13,9,18,17,8,4,10,3,11,7,12,6
276;1033;1033;200;10,13,8,18,17,5,9,14,12,4,11,0,16,19,15,6,2,3,1,7
277;1039;1039;200;6,10,2,1,18,0,14,16,17,5,4,7,12,11,13,8,3,9,19,15
278;1042;1042;200;12,2,13,15,6,18,3,8,4,5,7,17,11,10,16,9,19,0,14,1
279;1039;1039;200;19,3,1,18,2,16,0,7,10,5,14,9,15,4,6,17,11,13,12,8
280;877;877;200;17,13,10,2,14,4,18,9,3,5,1,7,16,19,11,8,15,6,0,12
281;1037;1037;200;15,8,1,19,3,5,16,14,0,18,2,12,7,11,9,13,17,4,10,6
282;877;877;200;17,0,15,3,4,7,12,16,9,2,19,14,1,11,8,18,10,5,6,13
283;1038;1038;200;13,16,14,4,11,10,8,2,17,7,18,15,12,3,1,9,5,0,19,6
284;1025;1025;200;3,9,8,6,5,15,7,14,2,18,1,16,4,17,11,19,12,10,0,13
285;1095;1095;200;7,14,17,19,13,10,3,8,6,9,4,11,16,0,15,2,5,1,12,18
286;1023;1023;200;19,5,18,14,16,6,0,15,1,12,7,11,4,2,17,13,8,10,9,3
287;1033;1033;200;11,10,6,9,0,16,8,13,3,14,2,12,1,17,4,5,15,18,7,19
288;1035;1035;200;0,5,19,14,6,15,3,9,13,16,18,17,7,11,2,4,12,10,1,8
289;1034;1034;200;10,13,17,7,3,6,12,2,0,19,16,18,8,11,4,1,5,15,14,9
290;1036;1036;200;3,0,14,13,1,15,5,12,6,9,18,8,4,19,11,17,7,16,10,2
291;1039;1039;200;14,17,6,5,0,10,4,1,13,19,9,2,18,11,16,15,12,7,3,8
292;1042;1042;200;18,15,5,16,6,8,14,13,12,4,10,11,9,17,7,19,2,1,0,3
293;1038;1038;200;14,11,5,6,2,9,1,13,16,3,19,18,10,12,17,15,0,4,7,8
294;1034;1034;200;0,7,3,18,15,14,11,2,10,17,4,13,12,9,5,6,1,8,19,16
295;1033;1033;200;1,0,12,18,9,6,7,19,13,8,5,14,11,3,15,16,10,4,2,17
296;1034;1034;200;3,9,12,7,14,13,2,17,11,15,16,19,1,0,4,10,5,6,8,18
297;1035;1035;200;15,9,17,10,6,14,5,4,1,18,3,2,19,8,11,16,0,12,13,7
298;875;875;200;2,1,16,7,11,19,18,4,0,3,15,12,6,5,14,8,9,10,13,17
299;1050;1050;200;9,7,8,18,19,2,3,4,14,10,6,17,0,11,5,12,16,1,13,15
300;1078;1078;200;13,11,15,1,7,14,3,5,4,17,0,6,19,8,12,10,9,16,18,2
301;1039;1039;200;11,0,9,6,14,13,10,4,12,2,18,5,19,17,7,8,1,3,16,15
302;1042;1042;200;11,0,14,12,9,6,17,16,7,10,13,8,5,4,15,18,2,19,1,3
303;1038;1038;200;11,19,14,13,10,5,4,1,7,9,3,15,8,12,2,0,18,16,17,6
304;1040;1040;200;11,14,5,6,16,19,7,10,4,2,18,8,15,17,12,13,1,3,0,9
305;1038;1038;200;4,8,1,0,12,15,14,11,7,10,6,16,2,19,9,17,3,13,18,5
306;1036;1036;200;15,9,4,10,19,18,16,2,13,3,5,0,12,11,17,8,7,1,14,6
307;1044;1044;200;11,2,6,19,4,16,1,10,9,0,15,3,14,18,7,13,5,12,8,17
308;1033;1033;200;12,19,17,18,9,8,7,13,5,1,0,15,6,10,14,2,4,11,16,3
309;947;947;200;6,2,0,11,5,12,1,18,7,8,13,17,9,10,19,16,14,3,4,15
310;1048;1048;200;17,12,7,13,4,1,2,0,10,14,18,15,19,9,11,8,16,3,6,5
311;1053;1053;200;17,13,11,5,7,9,10,4,18,2,16,0,14,19,12,8,3,15,1,6
312;1018;1018;200;3,13,7,14,10,2,9,5,18,12,8,16,0,19,1,17,4,6,11,15
313;1050;1050;200;19,18,1,6,13,14,4,16,11,9,2,5,7,3,0,15,17,12,8,10
314;1031;1031;200;11,2,14,19,0,12,9,13,10,7,18,5,16,4,3,8,17,6,15,1
315;1014;1014;200;0,12,6,3,18,19,13,2,17,8,10,1,4,9,5,16,11,7,14,15
316;1041;1041;200;12,14,17,16,19,7,0,1,18,6,4,9,11,2,15,10,13,5,8,3
317;1036;1036;200;0,2,8,17,3,6,9,10,4,16,5,19,7,11,13,14,1,18,12,15
318;935;935;200;11,0,13,18,4,15,9,16,2,10,6,1,19,12,17,5,8,14,3,7
319;1036;1036;200;9,19,8,18,17,0,5,3,16,7,4,6,15,13,12,1,11,10,14,2
320;1029;1029;200;17,7,9,16,14,4,13,0,11,18,19,5,1,10,6,3,12,8,2,15
321;1021;1021;200;10,15,12,6,14,16,13,1,18,2,9,4,11,17,19,7,3,5,0,8
322;1034;1034;200;18,1,6,16,17,11,4,15,0,12,14,3,13,7,8,19,9,5,10,2
323;1028;1028;200;7,16,8,6,9,19,4,0,3,18,11,14,5,13,12,15,10,1,2,17
324;874;874;200;4,12,2,15,19,13,6,8,14,5,7,9,0,1,10,18,11,17,16,3
325;1044;1044;200;19,17,14,11,9,5,15,10,2,3,4,13,8,12,6,1,16,7,0,18
326;1041;1041;200;12,0,8,2,17,1,7,18,6,14,9,11,13,4,19,3,10,16,5,15
327;1026;1026;200;4,12,16,14,5,10,11,7,9,13,18,15,17,3,6,8,19,1,0,2
328;1038;1038;200;10,1,5,16,3,8,6,15,7,19,18,13,2,9,14,17,4,12,11,0
329;1047;1047;200;3,0,4,6,15,18,19,7,17,8,16,13,10,11,5,9,14,2,1,12
330;1051;1051;200;11,5,17,19,12,9,13,0,8,2,4,6,1,14,16,18,15,7,3,10
331;1044;1044;200;14,9,5,19,17,11,1,13,15,2,10,18,4,6,12,3,16,7,0,8
332;1036;1036;200;4,2,5,11,14,3,12,13,18,7,1,0,10,6,17,9,16,19,15,8
333;873;873;200;5,19,2,14,4,9,13,0,8,18,16,12,1,3,7,11,6,10,17,15
334;1041;1041;200;8,7,0,19,18,4,6,2,9,5,1,12,16,17,14,13,10,3,11,15
335;1043;1043;200;11,9,12,13,1,0,3,2,7,19,18,14,15,8,17,16,4,10,6,5
336;1035;1035;200;2,14,8,7,0,11,16,12,3,5,17,18,4,19,1,10,6,9,13,15
337;1047;1047;200;11,7,12,3,16,0,9,8,18,17,1,6,5,15,4,19,13,10,2,14
338;1038;1038;200;19,15,14,5,6,18,1,10,16,17,9,4,8,0,7,11,12,13,2,3
339;1032;1032;200;9,2,5,11,0,10,14,18,13,6,4,17,8,12,19,16,15,7,3,1
340;881;881;200;6,0,4,11,10,7,13,17,18,2,5,9,14,15,12,1,16,19,8,3
341;1036;1036;200;12,15,2,5,17,3,1,0,9,13,16,4,11,6,18,8,19,10,14,7
342;1036;1036;200;6,4,19,7,15,14,9,16,5,11,10,17,0,18,3,2,13,12,8,1
343;1037;1037;200;15,10,11,13,8,18,17,9,5,19,16,3,2,12,14,1,7,6,0,4
344;1034;1034;200;1,4,3,15,19,6,18,16,13,10,7,12,8,17,0,2,11,14,9,5
345;877;877;200;7,2,18,13,19,8,5,9,12,3,0,11,16,1,15,14,10,4,6,17
346;1050;1050;200;11,16,10,3,12,9,1,19,13,0,8,15,14,17,7,18,5,2,4,6
347;1045;1045;200;13,19,2,14,16,9,12,3,10,18,0,15,11,6,17,4,1,8,7,5
348;1034;1034;200;1,0,4,8,2,6,9,15,10,11,19,14,5,16,17,13,18,12,3,7
349;1033;1033;200;4,8,1,17,2,7,10,14,16,5,3,19,9,15,12,11,13,18,0,6
350;913;913;200;14,12,11,9,0,7,10,13,1,5,3,15,18,6,2,8,4,16,17,19
351;1044;1044;200;16,13,6,15,5,12,2,17,8,0,11,14,19,3,7,4,18,10,1,9
352;881;881;200;0,7,19,12,14,11,1,17,3,8,9,15,2,18,10,16,5,4,13,6
353;1012;1012;200;10,8,7,6,13,2,1,4,17,18,12,3,15,11,9,14,16,19,0,5
354;1048;1048;200;11,18,13,4,5,19,6,16,8,14,1,7,17,2,10,0,15,12,9,3
355;1041;1041;200;13,18,11,4,16,19,15,10,1,3,17,12,8,5,14,2,6,7,0,9
356;1022;1022;200;7,1,15,19,4,3,10,12,0,2,5,13,6,8,9,18,17,14,11,16
357;1041;1041;200;17,4,13,9,6,8,10,1,19,16,2,18,3,14,0,15,12,7,5,11
358;1042;1042;200;4,6,9,3,15,5,18,17,8,10,7,13,2,16,19,12,14,0,1,11
359;1040;1040;200;16,7,15,12,0,14,2,8,11,18,9,5,17,13,4,3,19,10,1,6
360;1039;1039;200;16,7,13,5,14,0,9,8,11,19,6,2,1,10,4,17,15,12,18,3
361;1040;1040;200;17,10,4,11,16,8,18,6,15,14,7,3,9,13,5,12,0,1,2,19
362;1035;1035;200;2,1,13,17,10,9,5,18,14,8,19,3,12,11,7,16,4,0,6,15
363;1043;1043;200;18,12,7,9,13,2,5,0,16,10,17,14,3,15,8,6,11,19,4,1
364;1041;1041;200;18,8,11,4,19,13,16,12,9,0,5,10,14,17,7,2,3,1,6,15
365;1039;1039;200;13,17,3,12,1,15,16,8,2,6,4,10,11,7,19,0,5,9,14,18
366;1037;1037;200;0,13,11,15,18,10,9,4,17,7,3,16,8,19,14,6,5,2,1,12
367;1036;1036;200;16,3,10,5,9,11,6,18,14,7,13,8,15,4,17,0,2,12,1,19
368;1004;1004;200;17,9,18,1,16,6,13,7,10,15,0,11,19,4,8,5,12,14,3,2
369;1030;1030;200;11,0,4,15,8,16,10,13,19,9,2,14,18,12,6,3,17,5,7,1
370;879;879;200;7,18,2,16,10,11,13,0,17,5,3,8,15,12,1,4,6,19,9,14
371;977;977;200;13,17,9,16,1,11,4,10,0,7,5,3,15,12,19,14,8,18,2,6
372;1045;1045;200;6,0,14,2,3,7,8,4,12,13,17,1,9,5,19,10,15,18,11,16
373;1041;1041;200;13,6,12,3,18,5,17,11,1,2,7,4,8,14,19,9,10,0,15,16
374;1006;1006;200;16,19,17,5,15,9,13,4,18,3,10,7,2,0,12,6,8,1,11,14
375;1033;1033;200;11,4,10,14,19,2,17,8,15,12,13,18,5,9,7,0,3,6,1,16
376;1036;1036;200;10,17,19,2,6,11,14,8,9,0,7,3,18,15,1,16,4,12,5,13
377;1046;1046;200;3,12,15,13,0,10,18,19,9,5,17,4,7,8,14,11,16,1,6,2
378;1039;1039;200;5,13,6,8,14,16,0,18,11,1,2,19,12,3,15,9,7,17,10,4
379;880;880;200;8,13,19,1,7,16,10,18,0,14,3,4,12,6,2,5,9,15,17,11
380;1046;1046;200;14,18,12,1,11,10,2,9,13,7,17,16,3,19,8,15,5,4,0,6
381;1036;1036;200;3,12,10,2,16,11,9,1,15,18,5,4,6,17,13,14,8,0,7,19
382;1049;1049;200;11,6,18,10,2,5,7,13,1,14,16,3,15,12,17,9,8,0,4,19
383;1490;1490;200;16,3,7,8,9,5,1,12,19,10,2,6,18,15,17,0,14,13,11,4
384;1529;1529;200;14,3,17,9,16,12,10,18,2,11,4,0,7,6,19,8,1,5,13,15
385;1520;1520;200;8,2,14,1,3,12,7,13,5,18,17,10,16,6,4,19,0,9,11,15
386;1527;1527;200;2,11,17,9,18,13,7,4,0,16,12,3,5,19,14,6,8,1,15,10
387;1528;1528;200;15,6,14,1,18,4,11,2,13,3,10,17,5,8,19,12,16,9,0,7
388;1522;1522;200;14,7,15,19,11,1,10,5,13,6,2,17,18,12,3,4,9,16,0,8
389;1539;1539;200;7,17,5,4,3,19,18,0,1,15,9,11,10,12,8,16,14,13,2,6
390;1542;1542;200;2,12,4,11,13,1,10,7,6,8,5,19,17,0,14,3,9,18,15,16
391;1535;1535;200;9,5,13,0,4,2,6,8,7,18,3,16,11,17,15,19,12,14,10,1
392;1530;1530;200;1,5,2,8,10,18,0,7,3,19,12,11,15,14,9,17,6,13,4,16
393;1499;1499;200;7,5,6,16,3,1,0,10,9,8,12,13,11,17,4,2,18,14,19,15
394;1534;1534;200;5,19,8,17,9,1,4,18,12,10,0,14,16,3,15,6,2,11,13,7
395;1525;1525;200;17,18,11,6,10,12,16,7,13,8,2,1,3,19,0,9,14,5,15,4
396;1533;1533;200;7,17,16,8,9,10,18,0,13,3,12,14,15,1,19,4,6,11,5,2
397;1526;1526;200;16,14,3,8,12,9,17,4,5,10,7,15,6,13,11,2,0,1,18,19
398;1531;1531;200;10,8,17,0,14,15,18,16,3,4,2,12,5,19,9,1,13,7,11,6
399;1539;1539;200;18,9,19,11,5,4,2,15,10,13,8,17,7,14,6,16,12,0,3,1
400;1524;1524;200;14,3,11,12,5,17,4,19,18,9,16,10,13,2,1,0,6,8,7,15
401;1533;1533;200;6,17,1,12,2,8,0,7,18,13,16,4,3,15,9,5,11,10,14,19
402;1536;1536;200;1,15,10,17,7,16,12,9,8,2,18,19,11,6,4,3,0,14,13,5
403;1530;1530;200;9,8,14,7,10,19,4,17,12,3,15,16,18,0,11,1,13,2,6,5
404;1533;1533;200;3,18,11,2,5,17,12,19,15,0,8,6,7,13,16,1,14,4,10,9
405;1524;1524;200;13,10,2,14,8,7,18,1,17,5,6,4,16,15,12,0,9,11,3,19
406;1531;1531;200;6,4,9,14,12,8,10,17,7,2,18,15,11,3,13,5,0,19,16,1
407;1349;1349;200;11,4,3,13,18,6,8,10,0,14,7,15,16,17,5,2,19,1,12,9
408;1528;1528;200;16,0,14,17,1,5,10,11,9,7,6,4,8,15,18,12,2,13,3,19
409;1530;1530;200;11,1,18,15,2,6,8,16,4,5,7,17,0,14,3,10,9,12,19,13
410;1533;1533;200;3,9,15,17,0,10,18,7,5,16,19,2,12,1,6,14,11,4,13,8
411;1528;1528;200;8,13,7,3,10,14,18,16,11,9,15,17,12,5,1,4,19,6,2,0
412;1525;1525;200;15,17,10,19,11,8,0,4,5,9,13,16,12,3,6,14,7,2,18,1
413;1527;1527;200;7,17,3,6,0,19,1,12,10,18,13,9,11,4,15,2,16,8,14,5
414;1511;1511;200;19,12,3,7,18,0,9,1,14,5,10,13,17,11,2,8,6,16,4,15
415;1534;1534;200;18,16,15,7,12,0,5,4,3,10,9,1,17,2,8,6,19,11,13,14
416;1525;1525;200;14,7,15,3,13,4,5,9,17,16,10,0,1,19,2,11,18,6,8,12
417;1533;1533;200;14,3,17,10,8,12,0,16,13,19,1,5,6,7,18,2,11,15,9,4
418;1536;1536;200;0,8,6,15,9,13,1,14,5,18,19,12,3,10,16,11,7,17,2,4
419;1524;1524;200;7,9,12,10,6,8,17,2,18,15,5,14,11,1,16,19,4,0,13,3
420;1519;1519;200;15,14,13,5,9,11,2,3,7,16,18,4,19,17,12,8,10,0,1,6
421;1437;1437;200;11,5,16,3,0,8,19,14,13,1,4,9,18,10,2,15,12,7,17,6
422;1527;1527;200;7,17,15,14,6,12,8,18,4,0,16,11,10,9,2,3,13,1,5,19
423;1521;1521;200;10,15,13,4,11,18,16,17,3,0,9,5,8,14,19,7,2,12,6,1
424;1516;1516;200;0,11,19,13,5,15,16,12,18,6,3,4,17,9,7,8,2,14,10,1
425;1523;1523;200;7,4,16,14,6,9,2,8,10,11,13,12,3,17,18,0,15,19,5,1
426;1521;1521;200;14,15,19,16,7,13,18,4,9,11,2,0,1,6,17,8,10,12,5,3
427;1533;1533;200;10,6,13,2,9,19,7,16,15,0,11,3,12,17,8,18,1,14,5,4
428;1490;1490;200;14,5,17,0,19,4,7,9,1,8,12,6,13,2,10,15,11,3,16,18
429;1535;1535;200;5,13,7,16,15,4,2,0,19,18,14,3,6,11,17,12,8,9,10,1
430;1535;1535;200;13,10,2,19,18,17,5,7,1,4,9,8,15,0,12,6,14,3,11,16
431;1493;1493;200;18,16,5,13,1,8,9,19,4,12,0,11,6,2,7,3,17,14,10,15
432;1526;1526;200;18,16,5,15,8,2,10,9,12,13,0,19,14,11,4,3,17,1,6,7
433;1531;1531;200;19,16,11,1,14,17,9,18,8,4,10,5,6,13,15,12,3,2,7,0
434;1527;1527;200;1,5,9,15,16,12,2,3,7,0,13,6,4,11,19,14,8,17,10,18
435;1454;1454;200;4,0,3,19,10,14,18,1,7,15,8,17,12,11,9,6,5,13,16,2
436;1539;1539;200;12,1,3,16,17,8,19,15,18,9,4,13,6,11,5,7,14,10,0,2
437;1465;1465;200;7,19,12,14,9,17,6,18,13,1,0,15,4,8,3,5,11,16,10,2
438;1526;1526;200;5,17,2,16,1,6,10,0,15,4,7,14,18,12,11,19,9,8,13,3
439;1522;1522;200;8,15,13,6,11,5,16,9,18,10,2,17,12,4,3,7,19,14,1,0
440;1529;1529;200;6,5,11,15,18,1,10,7,19,13,2,12,17,8,4,16,0,3,9,14
441;1535;1535;200;9,15,4,16,1,11,13,10,19,5,17,0,8,14,6,7,12,18,3,2
442;1532;1532;200;10,5,7,1,18,3,4,0,9,15,11,6,12,13,8,16,2,19,14,17
443;1530;1530;200;13,12,8,14,16,15,0,19,6,2,18,7,17,3,4,5,1,10,9,11
444;1531;1531;200;18,6,17,1,5,19,7,15,14,2,8,0,16,10,11,9,3,13,4,12
445;1533;1533;200;15,9,12,7,14,8,18,5,2,19,10,0,1,4,3,11,16,6,13,17
446;1539;1539;200;3,6,9,17,19,16,1,4,0,10,13,7,12,11,14,8,5,18,2,15
447;1532;1532;200;11,0,17,13,10,15,14,9,8,7,4,18,6,5,19,2,1,16,3,12
448;1539;1539;200;5,16,12,4,9,8,14,2,17,1,13,15,3,18,19,6,10,0,7,11
449;1533;1533;200;1,5,12,4,13,11,10,2,14,17,9,16,15,6,7,0,3,18,8,19
450;1536;1536;200;3,19,12,8,11,14,7,0,1,9,10,13,16,5,17,6,2,18,4,15
451;1530;1530;200;17,14,9,15,16,7,10,18,1,2,19,11,0,6,5,12,3,8,4,13
452;1537;1537;200;8,19,15,18,10,4,2,17,6,7,9,1,11,13,12,5,14,0,3,16
453;1536;1536;200;7,13,1,11,19,12,9,15,14,10,2,17,16,18,5,6,3,8,4,0
454;1535;1535;200;14,10,7,17,5,16,4,11,0,18,2,13,12,8,19,15,3,1,6,9
455;1530;1530;200;4,9,11,8,12,17,14,7,1,2,5,10,18,13,19,6,3,0,16,15
456;1530;1530;200;4,5,13,14,12,16,8,10,15,9,2,19,1,3,11,7,6,18,0,17
457;1109;1109;200;1,7,19,6,4,18,0,2,3,5,10,11,17,12,8,15,9,13,16,14
458;1513;1513;200;19,0,3,9,4,11,18,1,7,2,12,5,13,17,6,14,16,8,10,15
459;1510;1510;200;5,4,17,9,12,19,18,3,0,2,14,16,15,13,7,1,8,6,10,11
460;1509;1509;200;14,4,12,6,17,8,3,13,5,18,16,2,15,7,0,1,11,10,9,19
461;1505;1505;200;17,10,12,19,0,8,14,7,13,4,5,2,1,16,18,3,15,9,6,11
462;1431;1431;200;19,17,8,12,9,2,18,4,11,0,16,14,13,3,15,6,5,10,7,1
463;1512;1512;200;16,3,0,7,1,18,8,6,9,13,2,14,4,19,12,10,15,17,5,11
464;1502;1502;200;13,17,5,6,19,12,4,10,18,3,9,0,1,11,14,2,15,7,8,16
465;1508;1508;200;17,7,16,14,11,6,10,4,8,0,1,15,3,9,2,12,13,5,18,19
466;1504;1504;200;10,0,15,16,2,18,13,6,1,9,8,3,5,19,4,7,11,12,14,17
467;1508;1508;200;4,5,6,11,7,10,12,17,1,0,8,19,14,2,16,9,13,18,3,15
468;1501;1501;200;11,9,15,10,14,0,17,13,8,4,6,1,18,19,12,16,7,2,3,5
469;1480;1480;200;13,19,14,2,9,16,10,1,17,18,0,4,15,12,3,6,11,8,5,7
470;1507;1507;200;3,0,18,14,2,7,1,4,17,10,9,15,19,12,6,11,8,13,5,16
471;1509;1509;200;11,18,17,3,10,0,7,2,9,6,13,14,19,5,4,12,1,16,8,15
472;1517;1517;200;2,16,15,11,17,6,13,8,10,1,4,14,19,7,18,5,12,3,0,9
473;1512;1512;200;4,10,8,12,0,2,5,9,19,18,13,17,3,11,7,1,6,16,14,15
474;1503;1503;200;11,14,15,6,2,18,16,8,9,1,19,0,3,13,10,7,12,5,17,4
475;1506;1506;200;9,10,1,18,15,6,3,2,8,17,16,11,19,0,5,13,12,4,14,7
476;1507;1507;200;2,4,6,5,9,14,10,3,0,13,7,16,8,11,15,12,18,17,19,1
477;1500;1500;200;4,9,8,11,5,13,2,16,19,1,15,6,18,0,7,10,3,17,12,14
478;1511;1511;200;4,14,17,11,16,10,9,5,1,0,8,12,19,2,13,6,15,3,18,7
479;1477;1477;200;3,18,19,9,10,13,6,17,16,15,8,2,7,14,11,12,4,5,0,1
480;1507;1507;200;9,7,11,12,4,6,13,1,8,17,0,14,16,5,10,19,2,15,3,18
481;1511;1511;200;1,0,13,10,3,5,19,9,11,12,8,2,15,16,14,7,6,4,18,17
482;1509;1509;200;11,9,6,7,14,16,10,17,18,2,13,4,8,5,19,12,15,0,3,1
483;1509;1509;200;16,0,14,2,15,18,3,1,9,8,19,4,5,6,7,10,13,17,11,12
484;1510;1510;200;10,17,11,14,2,19,9,13,4,1,0,8,15,7,12,6,5,16,3,18
485;1425;1425;200;3,18,11,1,19,13,5,10,17,14,8,15,9,12,4,16,7,6,2,0
486;1472;1472;200;6,1,4,18,8,5,9,3,2,13,14,0,11,16,7,19,15,17,10,12
487;1516;1516;200;6,11,1,16,10,9,17,0,7,4,14,19,3,12,5,8,2,15,18,13
488;1501;1501;200;12,4,3,14,18,9,10,0,15,1,7,11,5,6,16,17,2,8,13,19
489;1514;1514;200;2,5,4,0,19,18,13,9,3,8,12,14,6,1,7,15,11,10,17,16
490;1509;1509;200;6,13,17,11,1,18,10,16,19,7,8,15,4,0,5,3,9,2,12,14
491;1512;1512;200;4,6,14,12,13,10,5,11,15,9,18,19,1,8,0,2,7,16,17,3
492;1516;1516;200;15,1,6,2,8,9,0,10,16,4,11,13,12,5,7,3,17,19,18,14
493;1477;1477;200;7,18,19,15,8,12,5,3,16,0,13,4,2,17,1,11,9,6,10,14
494;1508;1508;200;4,13,14,19,16,5,3,2,11,17,12,7,18,8,15,10,0,9,1,6
495;1515;1515;200;19,1,18,17,10,2,3,9,13,5,0,15,6,11,16,8,14,4,7,12
496;1517;1517;200;8,17,0,10,9,16,2,7,13,11,18,19,5,4,6,14,1,3,12,15
497;1517;1517;200;9,7,18,14,2,0,3,1,17,16,13,11,8,4,19,10,12,6,5,15
498;1511;1511;200;7,9,12,13,19,1,8,11,2,0,10,6,17,4,5,16,14,3,15,18
499;1518;1518;200;18,15,0,9,1,10,2,6,5,19,14,4,8,17,12,16,7,3,13,11
