0;4696;4696;700;21,3,13,10,4,18,2,23,14,20,11,16,17,15,0,24,7,22,1,19,6,5,12,8,9
1;4746;4746;700;11,8,22,4,12,21,13,23,15,16,6,7,2,0,17,5,1,10,19,3,9,20,18,24,14
2;4798;4798;700;14,24,15,10,4,11,3,2,23,17,9,16,20,0,13,8,18,12,21,22,19,6,1,5,7
3;4827;4827;700;12,20,23,10,8,16,0,9,2,17,11,13,5,4,24,7,15,18,19,14,3,21,22,6,1
4;4816;4816;700;15,22,5,0,18,21,4,11,14,23,2,13,16,10,17,8,12,6,20,3,19,7,1,24,9
5;4834;4834;700;9,10,7,21,14,16,4,24,18,3,1,5,19,20,22,12,6,8,2,17,11,23,0,13,15
6;4842;4842;700;12,14,2,5,4,13,15,3,19,0,6,17,16,9,8,7,10,22,1,23,24,21,18,20,11
7;4823;4823;700;9,0,16,8,24,10,13,11,23,6,20,3,5,12,14,22,2,1,21,7,4,18,15,19,17
8;4832;4832;700;17,9,2,24,11,15,14,16,10,20,3,0,4,19,23,1,22,7,8,13,18,5,6,12,21
9;4804;4804;700;21,18,16,11,23,8,6,7,14,19,3,10,1,0,12,15,20,22,2,17,13,24,5,4,9
10;4809;4809;700;18,23,0,20,7,22,14,10,19,13,11,5,1,21,3,24,8,2,12,17,6,16,4,15,9
11;4809;4809;700;14,8,3,16,24,4,12,15,9,2,19,17,5,23,18,22,0,10,11,6,1,13,20,7,21
12;4810;4810;700;21,4,9,2,17,0,14,11,13,24,22,23,3,15,7,1,5,19,18,10,16,20,12,6,8
13;3873;3873;700;16,18,11,10,23,0,14,2,20,7,4,13,21,22,17,1,6,19,3,8,15,9,5,24,12
14;4438;4438;700;2,24,13,15,10,6,11,17,20,4,9,8,5,12,0,1,18,7,23,22,3,16,21,14,19
15;3199;3199;700;10,11,8,16,18,13,3,21,23,1,6,22,0,14,12,5,4,15,7,2,17,24,9,20,19
16;2853;2853;700;1,8,17,2,9,10,15,12,23,4,16,11,24,0,6,3,18,14,19,22,5,20,21,7,13
17;2893;2893;700;9,17,5,6,14,7,18,4,19,21,3,12,2,16,8,1,13,22,20,10,24,11,23,15,0
18;2816;2816;700;4,5,6,19,2,17,16,9,8,18,22,14,3,12,21,10,13,1,0,23,15,20,24,7,11
19;2864;2864;700;14,1,23,6,8,2,16,0,11,4,20,13,17,12,10,9,5,7,3,24,19,21,22,18,15
20;2908;2908;700;4,9,17,6,19,8,12,10,23,20,13,24,11,2,1,18,16,14,5,22,7,3,15,21,0
21;2898;2898;700;15,2,17,12,8,9,4,10,3,24,14,6,7,18,16,19,0,5,1,23,21,22,13,20,11
22;2874;2874;700;4,15,6,10,3,19,9,12,14,11,5,24,16,8,23,2,20,18,1,7,22,17,13,21,0
23;2907;2907;700;6,0,11,2,8,7,14,12,13,16,1,17,19,4,23,24,5,22,20,18,3,15,10,21,9
24;2887;2887;700;10,20,15,16,8,23,9,24,2,3,11,14,4,0,17,12,5,7,1,18,19,22,6,21,13
25;2866;2866;700;12,23,10,22,14,3,19,16,8,11,13,0,21,18,6,15,9,5,1,24,2,7,20,4,17
26;4815;4815;700;15,6,16,8,11,13,3,14,23,12,2,10,0,18,21,1,9,19,5,20,7,17,22,24,4
27;4707;4707;700;13,18,3,4,8,17,6,5,19,16,24,9,14,1,2,20,10,22,12,11,21,0,15,7,23
28;4840;4840;700;17,0,24,9,23,7,19,16,1,20,4,22,13,11,10,15,18,2,5,8,6,3,14,21,12
29;4779;4779;700;16,20,7,6,14,13,10,2,0,3,8,12,11,23,15,24,18,9,5,4,21,19,1,22,17
30;4847;4847;700;5,0,18,20,17,4,13,9,10,23,21,16,14,11,22,15,6,2,7,24,1,3,8,19,12
31;4851;4851;700;13,23,1,17,7,11,20,5,9,4,3,0,10,24,19,18,8,21,22,14,12,16,6,2,15
32;4839;4839;700;12,13,17,8,4,19,2,23,20,15,0,9,6,11,24,21,18,1,22,16,3,14,7,5,10
33;4848;4848;700;4,16,5,3,22,14,21,12,2,8,15,6,18,17,23,20,24,13,0,1,10,7,19,9,11
34;4844;4844;700;8,11,7,6,23,19,0,20,10,14,3,12,13,16,18,2,5,24,15,21,1,4,9,22,17
35;4823;4823;700;22,11,9,13,19,4,18,2,17,7,0,24,21,23,1,16,12,8,20,10,5,15,14,6,3
36;4795;4795;700;18,19,0,3,22,8,23,15,11,2,13,21,14,12,6,7,1,5,9,24,16,17,10,20,4
37;4835;4835;700;19,17,14,2,1,18,6,16,3,15,5,12,4,8,23,0,11,21,22,20,13,7,9,24,10
38;4739;4739;700;14,13,19,22,12,3,24,17,4,8,16,9,6,2,21,0,5,15,20,1,7,18,10,23,11
39;4823;4823;700;0,16,21,11,14,4,2,12,23,10,15,13,20,17,22,7,19,18,1,24,6,3,5,8,9
40;4834;4834;700;24,4,5,7,11,14,9,17,13,10,20,16,23,3,0,2,6,18,1,19,22,12,15,8,21
41;4833;4833;700;7,23,2,10,6,20,1,17,8,12,4,15,14,18,16,9,13,5,24,19,22,0,11,21,3
42;4828;4828;700;8,12,14,18,4,9,15,20,2,17,21,5,16,3,6,22,13,19,7,1,24,23,0,11,10
43;4822;4822;700;11,3,0,16,10,12,13,23,24,21,8,20,22,14,6,18,19,2,1,5,4,17,15,9,7
44;4830;4830;700;12,8,16,17,4,14,6,18,19,1,9,2,24,23,3,7,21,5,15,22,0,20,13,10,11
45;4795;4795;700;16,2,12,17,4,1,10,5,9,24,8,19,3,14,6,22,0,7,20,21,13,11,23,18,15
46;4818;4818;700;0,24,10,4,16,5,23,1,13,11,19,14,3,15,9,22,20,7,2,6,8,12,17,18,21
47;4821;4821;700;16,8,17,7,23,1,6,12,11,10,14,2,4,0,13,20,3,19,22,9,18,15,21,5,24
48;4833;4833;700;24,12,6,16,11,2,9,15,4,8,23,18,17,14,13,5,1,7,21,19,10,0,3,22,20
49;4829;4829;700;3,6,4,11,10,12,14,8,5,16,2,15,23,19,17,22,0,13,21,1,18,20,7,24,9
50;4836;4836;700;14,4,9,22,12,16,23,17,24,3,5,15,6,8,2,21,11,1,0,13,20,10,18,7,19
51;4851;4851;700;23,17,11,8,24,9,2,3,5,10,14,4,16,12,20,7,19,15,0,18,6,13,22,21,1
52;4801;4801;700;14,3,23,2,5,4,19,12,8,16,15,24,9,17,6,21,11,7,0,13,1,20,10,18,22
53;4812;4812;700;22,21,6,19,8,12,15,18,1,2,17,14,16,7,3,9,5,0,4,13,10,24,11,23,20
54;4795;4795;700;5,17,2,11,3,4,13,23,6,10,14,18,12,16,8,7,19,0,22,20,15,24,21,9,1
55;4836;4836;700;4,2,22,3,17,13,7,9,6,8,12,14,16,24,5,10,20,1,23,18,21,19,15,11,0
56;4837;4837;700;1,15,9,14,2,4,3,16,17,8,5,20,6,24,12,19,7,10,0,13,11,23,22,21,18
57;4830;4830;700;23,2,12,24,13,6,9,4,8,17,0,10,11,20,1,15,19,22,5,16,18,21,3,14,7
58;4810;4810;700;18,21,23,13,10,14,7,12,6,20,11,19,8,3,0,17,4,2,22,5,24,1,16,15,9
59;4819;4819;700;1,17,9,11,13,5,23,0,4,15,7,2,10,24,20,8,16,21,12,22,18,14,3,6,19
60;4815;4815;700;4,20,15,16,17,10,9,23,2,5,13,24,19,14,11,18,22,21,8,7,0,3,6,1,12
61;4797;4797;700;10,17,11,22,0,5,20,13,21,9,3,24,7,4,23,6,12,8,1,19,16,2,14,15,18
62;4816;4816;700;6,24,23,17,13,14,2,8,4,16,11,3,5,10,9,20,15,19,12,21,0,7,22,18,1
63;4814;4814;700;15,9,14,12,18,17,19,3,24,6,23,2,4,8,16,13,0,5,11,21,20,10,7,1,22
64;4834;4834;700;2,22,19,14,17,15,9,24,21,18,16,3,0,23,4,1,13,10,20,12,7,5,11,8,6
65;4831;4831;700;1,20,4,16,3,18,12,10,6,8,17,14,21,22,2,7,5,15,24,0,23,9,13,11,19
66;4834;4834;700;13,16,3,1,24,2,17,7,14,21,5,19,15,4,9,20,11,0,22,8,18,12,23,10,6
67;4815;4815;700;5,12,9,23,10,2,13,17,11,8,0,4,15,19,24,20,7,21,18,3,6,16,14,22,1
68;4812;4812;700;4,3,17,19,16,2,15,14,8,24,12,13,6,9,0,20,23,18,5,7,11,1,22,10,21
69;4831;4831;700;13,9,10,20,18,23,14,22,24,21,16,4,0,17,11,6,2,15,5,1,8,7,3,12,19
70;4760;4760;700;17,0,13,4,24,9,15,5,2,1,11,23,14,16,18,10,8,12,19,20,3,7,21,22,6
71;4840;4840;700;3,24,19,10,9,11,23,22,21,13,7,0,18,14,20,1,2,17,4,5,6,8,12,16,15
72;4819;4819;700;16,0,6,21,11,10,14,12,18,3,13,20,8,24,23,1,17,2,7,15,5,19,4,22,9
73;4818;4818;700;8,6,19,23,11,16,0,3,17,13,9,1,4,7,24,22,5,21,18,10,12,20,2,15,14
74;4803;4803;700;3,9,14,17,21,19,11,23,16,24,0,18,5,13,4,2,20,12,8,6,7,15,22,10,1
75;4838;4838;700;20,10,8,2,4,24,11,9,12,13,16,14,23,6,17,19,22,0,18,7,1,3,15,5,21
76;4814;4814;700;14,17,24,3,1,9,4,0,13,15,22,21,7,16,2,8,5,6,12,18,10,20,19,23,11
77;4787;4787;700;24,4,2,18,9,5,15,17,19,21,23,16,14,11,10,0,7,6,1,12,3,8,13,20,22
78;4821;4821;700;10,9,2,8,12,24,23,1,13,6,20,16,17,11,4,5,0,18,15,3,7,19,22,14,21
79;4837;4837;700;11,23,17,15,8,12,0,6,20,16,18,4,14,10,2,24,7,19,21,9,3,13,5,22,1
80;4822;4822;700;16,8,6,1,3,14,19,17,10,15,9,4,5,2,12,20,21,0,22,7,18,23,24,13,11
81;4816;4816;700;9,7,23,6,4,3,24,21,14,12,17,2,8,22,16,0,1,20,10,11,19,5,15,18,13
82;4811;4811;700;2,9,17,15,16,14,4,18,22,10,5,21,23,24,20,7,0,1,19,13,6,8,12,3,11
83;4142;4142;700;3,2,0,8,22,21,17,12,16,13,14,6,10,23,20,9,7,5,24,4,15,18,1,19,11
84;3527;3527;700;20,9,3,17,18,10,19,24,23,5,14,15,2,4,16,12,1,8,7,22,21,11,13,6,0
85;4418;4418;700;4,14,7,24,8,6,5,3,9,16,2,20,17,12,19,22,18,21,13,0,23,1,10,11,15
86;4741;4741;700;12,18,9,23,24,5,16,6,4,3,19,14,2,8,17,11,0,13,1,15,20,10,21,22,7
87;4814;4814;700;14,19,5,7,23,3,0,18,1,13,11,9,21,24,15,22,8,16,12,10,20,4,2,17,6
88;4743;4743;700;5,7,9,16,12,1,13,18,14,17,4,6,8,2,3,11,15,10,22,24,23,0,20,19,21
89;4850;4850;700;5,17,21,16,22,20,14,4,10,9,24,23,2,15,7,19,11,0,1,13,6,18,3,8,12
90;4857;4857;700;22,15,18,11,0,21,7,14,19,3,10,16,13,20,1,5,9,17,2,6,12,23,4,24,8
91;4292;4292;700;23,18,11,17,4,1,2,0,13,14,21,16,7,15,10,24,12,5,9,8,6,20,19,3,22
92;3888;3888;700;24,17,13,20,2,4,8,12,10,15,6,9,16,11,0,1,7,23,5,22,19,18,14,3,21
93;4847;4847;700;24,16,4,3,2,8,14,1,5,9,12,15,6,18,17,20,7,21,10,19,13,22,11,23,0
94;4854;4854;700;0,16,13,14,3,9,19,24,21,4,5,18,17,23,22,20,10,11,15,7,8,2,6,12,1
95;4765;4765;700;13,4,15,24,3,8,23,17,9,14,2,11,1,16,6,5,22,10,7,21,0,19,20,18,12
96;4850;4850;700;11,9,24,14,12,3,21,6,10,16,0,22,8,23,20,7,5,15,2,18,19,4,17,13,1
97;4781;4781;700;1,4,24,16,19,8,3,6,9,13,0,11,23,17,2,10,15,22,20,5,21,14,12,18,7
98;4849;4849;700;14,22,0,10,2,20,21,11,15,13,18,17,23,7,3,19,5,24,9,4,8,6,1,16,12
99;4847;4847;700;12,17,16,5,20,10,4,2,3,6,24,13,8,9,14,18,0,7,19,11,22,1,23,21,15
100;4201;4201;700;18,11,0,23,12,22,13,6,16,20,10,14,21,7,3,19,9,24,15,2,5,17,4,8,1
101;3723;3723;700;1,19,0,14,6,10,23,16,3,21,8,12,11,18,20,17,5,15,24,7,13,22,9,4,2
102;3461;3461;701;15,16,14,6,4,9,10,12,24,20,2,17,3,5,19,7,13,1,22,11,21,18,23,0,8
103;3332;3332;702;15,3,12,9,0,8,23,17,4,22,6,5,16,2,24,10,7,20,1,18,13,14,11,19,21
104;4609;4609;700;15,5,19,7,4,13,1,18,16,17,3,2,24,9,14,22,20,21,0,10,11,23,6,12,8
105;4824;4824;700;2,15,22,16,17,3,4,24,6,12,8,21,14,18,5,0,20,13,7,9,19,23,10,11,1
106;4144;4144;700;18,12,4,14,2,15,24,9,13,23,16,3,17,6,8,20,11,0,7,1,19,10,5,21,22
107;3287;3287;700;24,17,11,9,14,8,6,3,5,23,16,2,13,4,0,1,12,18,15,7,20,19,21,22,10
108;4030;4030;700;23,0,13,20,24,10,9,5,19,17,11,7,3,1,4,21,2,18,22,14,12,16,6,8,15
109;4387;4387;700;4,12,17,22,24,21,9,2,16,8,14,6,3,20,5,13,19,7,1,11,18,10,15,23,0
110;4383;4383;700;4,24,12,9,19,6,14,2,16,8,11,3,0,13,17,21,15,1,18,7,22,5,20,10,23
111;3898;3898;701;22,14,18,9,5,23,4,3,0,20,21,16,10,7,11,17,15,6,2,8,24,19,12,13,1
112;4388;4388;700;13,14,15,22,8,18,2,21,11,12,17,0,23,6,16,7,1,5,9,24,10,4,20,19,3
113;4380;4380;700;4,5,20,10,21,24,0,13,17,9,2,15,18,22,11,12,7,16,1,23,14,19,6,8,3
114;4372;4372;700;22,9,11,1,10,21,0,7,4,5,24,17,2,13,20,18,16,14,12,3,23,15,8,19,6
115;4198;4198;700;24,10,6,5,17,12,7,19,2,9,8,15,16,23,4,0,1,21,22,3,11,14,18,13,20
116;4177;4177;700;14,24,4,13,3,9,5,11,18,23,0,16,2,17,19,8,10,12,20,7,21,22,6,15,1
117;4349;4349;700;11,23,22,8,4,21,3,18,14,15,0,16,13,2,17,7,6,20,1,24,9,12,10,5,19
118;4266;4266;700;17,11,4,16,8,24,0,9,2,23,14,15,10,3,20,1,22,18,5,7,19,12,13,6,21
119;4342;4342;700;0,4,9,11,5,14,23,24,13,8,16,2,15,3,17,20,18,21,1,22,6,19,7,12,10
120;4344;4344;700;19,18,11,6,8,16,3,12,10,22,23,21,14,4,7,24,9,5,1,0,20,17,13,15,2
121;4346;4346;700;24,9,5,22,1,4,6,21,8,15,12,2,3,17,18,19,0,7,11,13,10,16,20,14,23
122;3041;3041;700;3,18,4,15,2,17,6,20,16,8,10,0,12,23,14,13,24,1,7,9,21,22,11,5,19
123;4755;4755;700;21,19,10,24,14,18,5,0,20,9,3,6,13,11,23,1,8,15,7,22,17,16,12,2,4
124;4800;4800;700;0,8,17,4,13,24,9,2,23,6,15,16,14,5,18,12,7,3,1,20,10,11,19,22,21
125;4803;4803;700;13,18,20,23,24,11,14,10,9,16,19,4,2,5,17,22,8,7,6,1,12,15,21,0,3
126;4796;4796;700;21,17,9,24,2,10,15,0,23,11,14,5,4,18,13,1,22,3,19,12,7,20,16,8,6
127;4812;4812;700;23,8,16,15,17,4,7,14,19,5,12,3,9,6,2,10,22,11,20,1,18,24,13,21,0
128;4822;4822;700;9,18,11,10,0,24,4,16,19,3,15,13,17,14,23,5,22,21,1,6,12,20,8,2,7
129;4791;4791;700;9,0,19,10,20,24,11,2,5,17,23,21,18,13,4,8,3,1,6,12,15,22,16,7,14
130;4807;4807;700;13,22,16,6,11,21,23,8,3,18,0,7,14,20,10,4,19,9,12,15,2,1,5,24,17
131;4817;4817;700;23,6,14,12,21,8,2,15,22,16,20,10,19,3,18,9,24,7,0,4,17,5,1,13,11
132;4792;4792;700;7,1,21,3,5,22,4,13,11,19,24,14,18,9,0,23,12,20,6,10,16,17,15,8,2
133;4753;4753;700;2,1,7,12,18,14,15,6,16,4,19,22,8,3,17,11,23,20,0,24,21,10,13,5,9
134;4381;4381;700;21,0,2,13,11,22,17,18,15,16,23,20,14,4,10,3,9,5,12,7,6,19,1,8,24
135;4389;4389;700;2,9,23,14,13,17,12,5,4,16,11,15,19,8,24,20,6,1,7,3,0,10,18,22,21
136;4394;4394;700;14,9,12,17,5,6,15,4,13,24,18,16,3,8,21,20,7,22,10,11,23,19,1,2,0
137;4238;4238;700;24,19,4,2,9,8,5,12,20,6,16,3,22,15,17,13,18,1,7,14,10,23,11,0,21
138;4475;4475;700;24,11,3,19,23,1,13,18,10,20,0,7,22,9,21,16,15,17,2,12,8,14,5,6,4
139;4829;4829;700;8,11,0,20,15,3,6,9,24,23,10,12,14,19,16,18,1,22,21,5,4,13,2,7,17
140;4829;4829;700;20,17,8,2,15,16,5,14,19,11,23,9,10,4,24,21,0,18,22,1,7,13,6,12,3
141;4833;4833;700;21,12,3,15,22,17,16,14,19,7,4,9,18,5,2,1,0,13,11,8,6,24,10,23,20
142;4785;4785;700;1,20,16,11,24,10,14,17,13,3,9,0,4,5,23,7,2,6,21,18,15,22,19,12,8
143;4826;4826;700;23,6,8,7,2,24,9,17,15,19,12,16,20,4,5,18,14,11,1,13,0,10,3,22,21
144;4832;4832;700;4,15,20,8,0,6,10,13,16,2,24,11,17,12,23,5,3,19,21,1,14,18,22,7,9
145;4837;4837;700;1,8,6,19,3,9,21,4,17,2,12,14,15,16,24,22,13,18,10,20,7,0,11,5,23
146;4839;4839;700;9,24,13,4,19,18,14,6,2,16,12,8,3,15,17,1,5,22,23,0,10,21,7,11,20
147;4834;4834;700;10,23,5,6,24,0,8,17,11,16,13,9,4,7,20,18,15,19,1,14,3,12,21,22,2
148;4827;4827;700;14,3,21,15,8,23,6,16,2,20,12,10,17,4,0,1,22,19,5,7,11,13,24,9,18
149;4777;4777;700;0,23,24,5,15,4,16,2,14,20,9,17,11,18,10,22,1,12,19,6,7,21,13,8,3
150;4830;4830;700;9,13,24,14,12,4,0,18,5,8,3,6,16,11,23,7,22,20,19,17,10,15,21,2,1
151;4827;4827;700;13,23,24,2,16,1,17,18,15,11,4,9,19,5,0,6,22,8,12,14,3,7,10,21,20
152;4833;4833;700;24,13,4,0,19,9,17,20,3,14,21,10,23,11,18,15,8,6,1,22,2,5,16,7,12
153;4831;4831;700;17,6,8,5,21,14,18,12,9,16,3,2,0,13,4,7,23,20,15,22,1,11,24,10,19
154;4836;4836;700;15,4,12,3,16,10,14,18,8,13,6,22,17,21,2,5,7,0,1,9,23,11,19,20,24
155;4838;4838;700;19,23,0,13,11,4,22,8,24,9,21,17,2,5,16,7,6,1,15,10,18,3,14,12,20
156;4708;4708;700;2,20,24,3,10,19,9,0,14,15,4,23,11,17,16,8,22,7,6,13,5,21,18,12,1
157;4794;4794;700;9,7,15,16,14,13,0,17,11,10,4,23,20,2,24,1,22,19,8,18,6,3,21,5,12
158;4842;4842;700;0,3,14,20,10,12,7,18,21,22,1,8,6,11,23,5,9,15,19,24,13,4,16,2,17
159;4827;4827;700;9,21,1,8,2,19,17,22,24,3,16,4,6,12,15,7,5,23,20,11,18,10,0,13,14
160;4817;4817;700;23,7,3,17,4,13,24,0,15,16,18,9,2,11,14,5,21,22,20,8,12,6,1,19,10
161;4824;4824;700;12,10,20,17,14,5,7,8,9,23,24,4,18,2,16,15,21,22,19,3,6,11,13,0,1
162;4837;4837;700;1,10,22,13,7,0,23,11,16,18,3,14,21,20,19,8,15,2,6,4,12,9,5,17,24
163;4840;4840;700;22,24,23,14,8,12,6,5,9,15,21,4,16,3,19,1,7,0,20,13,17,11,10,2,18
164;4834;4834;700;13,11,8,6,24,16,23,2,3,15,17,0,4,12,14,20,18,21,1,10,7,22,5,19,9
165;4792;4792;700;8,15,9,6,3,21,4,14,12,2,19,16,23,17,24,0,7,11,22,1,20,13,5,10,18
166;4829;4829;701;2,8,6,3,13,24,0,14,9,4,16,18,12,15,17,7,5,23,1,21,20,19,11,10,22
167;4836;4836;700;0,19,3,20,11,13,9,10,22,24,14,5,21,23,7,1,8,16,4,12,18,15,6,17,2
168;4830;4830;700;14,8,5,1,3,15,6,20,17,2,16,9,12,4,19,0,21,24,22,18,7,13,11,23,10
169;4846;4846;700;3,16,5,15,18,14,11,4,21,22,0,23,24,9,19,1,10,20,7,17,13,12,2,6,8
170;4764;4764;700;10,14,0,11,16,4,17,9,18,13,15,1,23,24,5,20,8,6,22,19,7,3,12,21,2
171;4826;4826;700;5,0,4,21,17,20,13,18,9,24,16,23,10,11,2,1,15,7,22,19,6,3,14,12,8
172;4812;4812;700;4,16,18,8,23,12,17,2,5,24,14,6,13,9,3,21,11,19,22,20,15,1,10,0,7
173;4791;4791;700;5,20,9,18,1,24,15,2,0,17,11,4,21,7,13,6,12,3,8,22,16,23,14,10,19
174;4842;4842;700;8,12,9,6,0,16,11,23,14,18,3,24,22,5,21,7,20,17,1,19,10,2,15,4,13
175;4839;4839;700;13,0,6,14,4,17,7,16,10,20,8,12,11,3,23,15,9,22,5,2,1,18,21,24,19
176;4842;4842;700;16,24,13,9,8,17,10,15,6,23,12,4,0,11,2,7,3,18,19,21,20,22,14,1,5
177;4837;4837;700;8,3,16,12,24,14,9,10,19,2,23,11,15,17,6,1,18,5,7,21,22,4,0,13,20
178;4774;4774;700;3,2,21,12,9,4,13,8,17,7,14,16,6,18,5,10,19,1,11,20,15,24,23,0,22
179;4797;4797;700;12,4,6,16,2,21,14,22,0,17,3,5,9,8,24,1,20,23,7,18,10,19,11,13,15
180;4838;4838;700;6,4,12,3,17,10,15,20,19,8,9,2,16,24,14,5,23,0,1,11,21,7,22,18,13
181;4845;4845;700;21,14,3,0,4,11,23,10,16,13,17,22,18,7,20,6,9,8,24,19,2,15,1,5,12
182;4750;4750;700;8,23,15,21,17,12,2,14,18,4,16,6,10,20,22,13,11,5,24,7,0,3,19,9,1
183;4835;4835;700;15,5,0,17,23,16,3,14,24,9,8,12,13,4,2,20,18,10,7,11,22,1,21,6,19
184;4829;4829;700;19,4,21,23,24,3,14,5,9,13,0,7,11,18,10,6,12,20,1,17,16,22,2,15,8
185;4769;4769;700;8,12,23,2,15,17,14,6,16,10,5,9,11,4,13,22,7,21,1,3,18,24,19,0,20
186;4807;4807;700;0,10,7,6,23,13,20,1,16,17,4,8,11,2,12,24,19,9,5,21,3,22,14,18,15
187;4833;4833;700;7,13,1,15,10,20,0,23,17,4,5,2,9,11,24,8,3,21,6,12,14,19,18,22,16
188;4836;4836;700;24,3,6,19,12,4,14,13,5,17,8,2,16,22,9,23,10,0,11,20,7,15,21,18,1
189;4837;4837;700;18,12,17,16,6,0,8,2,21,14,15,11,23,10,22,5,19,1,7,13,20,24,4,9,3
190;4842;4842;700;23,10,6,8,17,13,16,12,2,11,0,4,24,7,9,20,18,15,22,14,5,19,1,3,21
191;4745;4745;700;12,16,23,9,11,1,0,14,10,8,6,24,4,13,20,15,19,7,22,3,17,18,2,21,5
192;4803;4803;700;6,17,3,9,4,23,13,7,19,2,8,16,24,14,1,18,15,20,10,22,12,11,21,0,5
193;4785;4785;700;13,18,9,4,14,11,5,24,12,0,16,3,22,23,21,7,1,20,10,2,19,17,8,15,6
194;4817;4817;700;0,3,11,8,7,24,17,16,2,9,1,6,4,13,12,21,22,15,5,10,20,14,18,19,23
195;4800;4800;700;21,17,7,12,19,9,2,4,24,8,13,15,22,6,3,20,10,1,18,11,5,14,0,16,23
196;4804;4804;700;14,2,5,17,15,6,20,23,3,4,24,9,8,10,12,7,1,21,19,18,22,13,16,0,11
197;4805;4805;700;8,6,9,16,10,2,19,12,17,4,24,20,15,5,1,7,0,22,3,13,23,11,14,21,18
198;4822;4822;700;15,17,23,10,5,11,13,1,9,0,20,7,24,2,4,14,19,12,21,16,22,3,18,6,8
199;4808;4808;700;15,12,6,9,2,13,24,4,16,18,14,21,17,3,8,0,23,22,11,20,1,5,10,19,7
200;4817;4817;700;8,13,0,23,11,17,24,6,16,9,12,20,19,10,4,18,14,21,22,7,2,1,5,3,15
201;4788;4788;700;24,17,23,10,22,12,21,16,2,11,0,8,6,4,9,1,19,18,5,20,14,15,13,7,3
202;4802;4802;700;9,12,20,3,6,16,14,22,4,2,8,18,17,21,10,1,15,5,19,13,11,7,0,24,23
203;4802;4802;700;2,15,16,19,3,14,12,6,7,1,17,8,23,18,4,5,10,22,20,24,13,11,0,21,9
204;4809;4809;700;17,11,13,2,21,12,6,0,16,10,8,15,22,23,4,3,5,18,7,14,1,20,19,9,24
205;4807;4807;700;7,24,16,0,17,20,9,6,11,13,12,8,4,2,10,22,3,21,1,23,19,14,18,15,5
206;4790;4790;700;17,20,3,23,14,18,9,8,6,16,12,4,5,2,10,21,22,15,19,1,13,11,7,24,0
207;4804;4804;700;6,2,8,10,13,4,17,24,5,11,16,18,23,14,9,22,0,7,21,15,1,12,3,19,20
208;4804;4804;700;21,19,18,22,12,14,4,13,17,16,6,3,2,5,8,24,7,20,1,10,9,0,23,11,15
209;4817;4817;700;12,17,14,5,21,15,3,6,2,7,16,4,8,22,18,23,0,19,20,11,10,9,13,1,24
210;4774;4774;700;11,23,17,3,15,7,16,24,2,13,9,14,0,4,1,20,22,19,5,6,8,18,12,10,21
211;4755;4755;700;3,13,2,16,6,15,12,0,23,8,20,11,17,4,14,5,7,22,1,24,19,9,10,21,18
212;4809;4809;700;21,9,8,5,18,17,6,24,14,2,3,0,4,12,13,7,22,15,1,23,11,19,10,16,20
213;4789;4789;700;12,4,14,6,8,16,15,3,5,9,2,17,7,19,24,22,1,21,13,20,0,23,10,11,18
214;4815;4815;700;2,9,18,24,4,23,10,8,12,20,14,17,6,5,16,21,0,22,3,19,13,7,1,11,15
215;4817;4817;700;24,16,20,18,8,19,3,10,4,9,6,2,12,17,14,0,21,15,7,23,11,1,22,13,5
216;4786;4786;700;23,10,9,20,24,12,2,5,8,17,11,14,16,15,4,7,19,13,0,18,1,21,22,6,3
217;4804;4804;700;2,21,24,4,23,13,0,9,5,17,11,19,20,22,15,10,7,16,1,12,18,3,14,8,6
218;4800;4800;700;4,15,12,5,24,3,2,14,13,8,17,9,16,0,6,20,19,1,10,21,11,18,23,22,7
219;4782;4782;700;2,6,3,4,22,14,10,16,15,12,17,8,24,9,23,7,20,18,19,1,21,11,13,5,0
220;4797;4797;700;8,24,4,3,12,5,14,15,21,17,2,6,9,23,19,22,20,1,7,16,18,13,0,11,10
221;4815;4815;700;11,8,10,17,9,4,16,24,20,2,15,14,12,23,5,21,19,6,1,0,22,3,13,7,18
222;4820;4820;700;20,23,9,10,12,8,15,5,6,4,24,14,3,18,16,11,7,0,22,21,13,2,17,1,19
223;4813;4813;700;18,6,23,4,21,14,12,22,11,0,10,3,7,8,16,20,5,1,24,13,19,17,2,15,9
224;4831;4831;700;6,9,21,7,2,12,3,4,14,16,19,22,24,17,8,18,11,5,20,0,1,15,13,23,10
225;4819;4819;700;17,20,15,3,9,4,2,24,1,5,8,6,14,16,12,23,11,7,10,19,0,21,18,22,13
226;4822;4822;700;14,2,12,21,3,8,17,4,9,6,16,18,24,5,22,11,10,23,19,7,13,20,0,1,15
227;4703;4703;700;9,11,17,2,12,23,10,24,8,1,5,6,4,20,16,21,22,7,18,15,13,3,0,19,14
228;4766;4766;700;0,21,22,17,13,24,18,23,10,5,16,4,9,14,11,12,7,19,20,8,6,15,1,3,2
229;4819;4819;700;21,24,23,3,4,17,14,22,12,6,2,9,19,16,8,1,11,15,18,10,5,0,7,20,13
230;4775;4775;700;17,2,8,15,4,24,5,12,23,16,3,18,6,14,19,20,0,11,10,9,21,1,13,7,22
231;4802;4802;700;6,18,16,17,8,19,24,13,2,5,3,15,4,7,9,20,22,21,1,14,0,23,10,11,12
232;4808;4808;700;22,8,20,3,6,19,4,21,23,10,18,14,12,17,16,2,7,15,1,0,5,11,24,9,13
233;4803;4803;700;4,5,8,19,12,17,6,3,7,15,2,20,9,1,24,16,11,23,10,22,13,18,21,0,14
234;4804;4804;700;2,24,18,8,19,9,21,3,16,23,12,14,4,17,15,0,11,1,7,13,5,22,10,6,20
235;4812;4812;700;10,8,23,11,14,24,5,6,17,4,12,9,2,15,16,20,18,0,19,22,13,1,21,3,7
236;4793;4793;700;3,5,11,13,15,4,9,14,23,2,17,16,24,10,20,7,1,19,22,12,6,21,18,0,8
237;4801;4801;700;12,17,22,8,11,3,20,10,0,23,13,16,6,21,14,7,1,5,18,15,9,2,19,4,24
238;4807;4807;700;9,5,22,18,20,12,17,4,8,6,21,16,3,2,14,11,15,23,19,24,1,13,10,0,7
239;4834;4834;700;17,6,4,10,24,2,3,15,13,12,16,14,8,9,20,7,19,22,18,0,23,1,5,11,21
240;4838;4838;700;15,4,17,5,19,22,24,21,6,8,12,9,3,18,2,13,1,14,10,16,0,7,23,20,11
241;4846;4846;700;18,8,19,6,9,12,2,17,22,21,4,16,3,14,5,23,13,24,0,1,15,10,20,7,11
242;4842;4842;700;21,5,3,16,4,9,23,14,10,20,2,19,15,18,17,8,12,6,7,0,24,1,11,22,13
243;4838;4838;700;11,21,24,5,4,0,16,13,15,17,23,9,18,2,22,12,19,3,6,10,14,8,1,20,7
244;4833;4833;700;17,9,5,10,14,4,3,8,16,11,24,0,12,23,2,19,13,1,22,7,21,15,20,6,18
245;4784;4784;700;18,14,4,0,5,21,11,10,13,20,22,9,24,2,17,6,12,15,8,23,16,1,3,7,19
246;4824;4824;700;8,14,13,11,2,6,23,0,4,18,17,16,3,12,10,1,24,22,7,19,9,21,5,20,15
247;4828;4828;700;24,9,5,15,4,20,23,8,18,16,17,14,2,10,3,12,0,22,7,11,21,1,19,13,6
248;4835;4835;700;7,14,4,24,3,5,2,12,9,8,15,16,13,19,17,11,20,0,10,22,1,21,23,18,6
249;4844;4844;700;13,20,24,19,0,10,22,16,15,18,14,11,23,21,7,12,8,6,5,1,17,4,3,2,9
250;4828;4828;700;12,2,4,23,19,16,24,9,3,8,18,14,15,6,5,11,17,20,13,1,0,21,7,10,22
251;4839;4839;700;18,22,2,6,21,17,4,16,20,3,8,0,14,23,12,5,9,1,19,24,11,10,15,13,7
252;4833;4833;700;24,10,14,4,23,16,12,21,22,8,6,0,11,3,9,18,15,1,7,5,17,19,20,2,13
253;4819;4819;700;9,0,6,3,24,23,13,12,19,4,17,2,8,16,11,7,1,18,21,14,22,5,20,10,15
254;4300;4300;700;16,1,4,8,6,24,15,10,17,9,2,3,14,12,19,22,13,5,0,18,11,20,23,7,21
255;4090;4090;700;23,24,18,9,0,15,21,20,19,10,14,2,11,3,5,7,4,1,22,8,6,12,16,17,13
256;4397;4397;700;24,10,23,8,3,19,20,9,6,13,14,1,11,4,16,18,22,21,15,7,2,12,5,17,0
257;4162;4162;703;5,16,2,17,18,0,11,4,14,23,3,19,9,24,13,7,8,12,6,20,21,15,22,10,1
258;4392;4392;700;3,16,14,19,20,15,8,2,17,22,4,12,21,6,10,18,5,7,23,24,9,13,1,0,11
259;4405;4405;700;0,4,5,19,2,16,1,11,17,15,24,9,14,23,13,6,8,18,22,20,7,10,21,12,3
260;4388;4388;700;1,14,15,17,2,13,18,5,16,8,4,12,6,19,3,24,22,7,23,20,0,21,11,9,10
261;4232;4232;700;23,4,9,24,14,15,5,10,0,13,21,7,11,18,3,12,6,1,19,8,20,16,17,2,22
262;4391;4391;700;5,6,8,13,11,17,4,9,23,10,24,16,2,0,12,20,1,7,19,3,15,22,14,21,18
263;4414;4414;700;2,6,7,1,18,17,3,21,19,9,8,12,4,22,24,20,10,11,0,13,15,5,14,16,23
264;4399;4399;700;15,8,22,4,24,2,16,23,3,9,6,17,21,14,12,18,20,19,13,5,11,1,0,10,7
265;4405;4405;700;7,22,10,14,11,3,8,23,18,6,12,16,21,19,5,20,17,2,15,24,13,1,4,0,9
266;4389;4389;700;10,5,3,17,15,4,20,24,2,19,9,7,14,1,16,18,23,11,0,8,13,6,21,12,22
267;4395;4395;700;16,0,6,8,12,13,24,9,23,17,2,4,3,7,14,22,19,21,18,11,10,20,5,1,15
268;4238;4238;700;4,5,20,2,23,15,13,3,14,18,17,10,24,9,19,6,16,12,7,21,0,11,1,22,8
269;4411;4411;700;9,5,14,24,17,20,15,4,22,13,0,11,23,21,10,7,12,19,18,6,1,16,2,8,3
270;4391;4391;700;5,9,10,20,13,24,2,7,15,17,11,4,23,18,0,16,12,3,14,19,21,1,6,8,22
271;4382;4382;700;21,4,19,13,3,22,11,24,17,20,1,0,10,5,9,12,7,6,15,23,18,14,8,16,2
272;4365;4365;700;15,2,14,6,12,16,8,3,17,4,13,9,21,24,7,18,1,19,20,23,11,22,0,5,10
273;4182;4182;700;9,14,11,16,10,15,17,24,13,5,23,0,18,21,4,1,22,6,7,20,3,12,8,2,19
274;4379;4379;700;15,0,10,23,4,13,16,2,12,22,21,11,17,8,6,19,5,18,7,3,24,9,20,1,14
275;4365;4365;700;11,24,15,17,3,5,20,4,9,18,23,10,14,2,16,22,0,13,7,6,19,21,8,1,12
276;4359;4359;700;1,16,9,4,24,15,14,18,12,3,8,2,17,6,5,23,22,10,21,19,13,7,11,0,20
277;4370;4370;700;6,4,16,9,21,12,0,14,11,2,23,8,17,3,22,19,13,1,7,10,15,24,18,5,20
278;4313;4313;700;12,9,3,22,16,24,13,14,8,2,17,4,0,6,15,18,7,20,19,23,21,5,11,10,1
279;4409;4409;700;2,11,24,3,6,9,12,23,13,4,0,22,17,8,16,1,10,20,14,7,5,18,21,19,15
280;4233;4233;700;7,1,24,3,6,2,12,13,17,4,14,15,8,19,9,18,11,10,20,22,0,16,5,23,21
281;4265;4265;700;2,13,14,11,17,21,4,23,0,24,18,16,5,3,9,15,1,20,22,8,7,6,10,12,19
282;4411;4411;700;2,3,13,16,8,9,19,1,6,4,17,24,12,7,5,21,22,23,10,15,11,0,20,14,18
283;4385;4385;700;13,4,23,2,8,15,5,22,17,24,16,9,6,1,12,18,7,20,0,11,19,10,21,14,3
284;4394;4394;700;5,11,8,19,23,7,16,0,13,24,17,2,9,4,1,20,6,12,3,21,18,10,14,15,22
285;4390;4390;700;6,3,12,4,15,23,2,20,16,8,13,17,14,9,24,22,19,11,21,0,7,5,1,10,18
286;4391;4391;700;11,24,22,16,20,14,6,0,9,21,8,12,23,3,10,2,7,13,1,4,5,15,17,18,19
287;4156;4156;700;0,21,9,16,4,5,22,17,7,23,11,18,13,14,24,12,3,1,6,15,20,2,8,19,10
288;4349;4349;700;10,6,3,11,8,1,23,4,12,16,14,9,13,0,24,22,7,21,19,5,15,20,18,17,2
289;4383;4383;700;14,11,4,0,24,16,21,18,3,15,13,23,5,9,22,7,19,6,12,1,17,8,20,2,10
290;4378;4378;700;17,8,19,20,14,6,24,16,7,3,12,2,10,4,9,1,5,22,15,13,21,18,0,11,23
291;4388;4388;700;20,11,21,16,17,23,15,14,22,7,13,0,2,10,4,1,9,12,24,8,3,5,18,19,6
292;4208;4208;700;17,23,4,10,1,16,15,24,3,9,8,2,13,14,5,0,7,21,22,19,12,18,11,20,6
293;4402;4402;700;1,13,4,0,18,23,9,10,19,16,11,14,24,2,17,15,12,8,6,22,3,7,5,20,21
294;4389;4389;700;9,15,14,2,24,11,8,4,10,17,12,3,13,23,16,7,22,21,1,5,20,18,19,0,6
295;4391;4391;700;21,17,16,3,11,14,20,22,23,10,4,6,15,8,2,19,5,18,1,9,0,13,7,24,12
296;4404;4404;700;15,11,4,3,9,17,10,5,7,14,23,13,24,20,2,1,19,22,0,18,12,16,8,6,21
297;4399;4399;700;1,20,13,10,8,17,0,4,14,6,16,2,3,12,7,22,21,24,18,11,19,15,23,5,9
298;4391;4391;700;3,9,16,8,6,4,21,5,1,17,12,2,19,18,22,11,23,10,15,13,7,14,20,24,0
299;4375;4375;700;17,14,8,10,4,23,2,3,7,15,24,9,6,20,16,5,1,12,18,22,19,13,21,0,11
300;4375;4375;700;2,8,22,6,9,21,13,0,18,4,16,14,3,24,17,10,20,19,5,12,1,23,7,11,15
301;4359;4359;700;3,16,13,5,1,9,17,11,10,20,19,4,23,24,14,8,7,6,15,18,22,0,12,2,21
302;4227;4227;700;13,0,16,2,17,20,10,11,23,7,9,4,24,19,5,22,21,15,14,1,12,8,18,3,6
303;4395;4395;700;10,8,23,18,20,14,21,16,15,6,3,12,17,2,4,9,7,11,5,24,13,22,1,0,19
304;4403;4403;700;6,16,2,24,8,11,5,12,23,9,4,13,17,3,14,10,20,19,15,0,7,21,22,18,1
305;4402;4402;700;3,12,8,21,22,15,6,4,13,14,23,0,16,17,2,7,18,5,20,11,10,19,9,1,24
306;4409;4409;700;19,14,2,10,5,20,24,3,1,17,7,15,9,4,16,22,8,0,11,6,21,18,13,23,12
307;4400;4400;700;12,20,4,11,0,8,9,23,2,17,13,15,6,16,24,1,5,7,22,14,3,19,10,21,18
308;4405;4405;700;5,21,13,23,15,10,14,24,2,9,18,4,17,16,20,7,12,8,6,19,11,3,1,0,22
309;4394;4394;700;17,3,19,6,2,18,9,14,8,12,21,23,24,16,4,10,7,15,1,5,13,11,22,20,0
310;4381;4381;700;3,16,22,23,21,6,9,14,2,17,24,8,12,4,1,7,5,20,18,13,19,0,15,11,10
311;4392;4392;700;9,21,13,2,23,4,0,20,10,16,11,17,22,14,24,7,6,1,12,15,5,3,18,8,19
312;4396;4396;700;8,4,3,12,22,1,19,6,17,7,2,15,14,21,16,11,9,5,0,13,10,23,18,24,20
313;4385;4385;700;5,21,3,8,9,19,12,16,4,23,24,6,13,22,14,20,10,1,7,11,17,2,0,18,15
314;4358;4358;700;12,15,8,24,22,3,4,6,17,9,5,23,2,19,16,7,0,20,13,11,1,14,21,18,10
315;4180;4180;700;11,13,22,5,16,6,0,14,23,3,21,10,20,18,12,1,19,15,7,4,2,17,8,9,24
316;4385;4385;700;6,9,4,2,14,8,5,21,18,24,15,17,3,19,16,11,10,7,0,22,13,1,12,20,23
317;4375;4375;700;14,12,4,7,19,8,17,21,18,3,1,9,16,2,6,10,24,11,13,23,15,20,0,22,5
318;4226;4226;700;2,6,12,8,15,17,22,21,20,5,24,18,4,3,9,11,23,13,7,16,14,10,19,0,1
319;4399;4399;700;4,7,17,2,11,14,13,24,10,3,9,19,23,16,15,20,5,6,12,22,1,0,8,18,21
320;4407;4407;700;1,24,4,13,17,16,9,14,2,10,20,15,11,23,5,22,12,18,7,8,6,0,21,3,19
321;4414;4414;700;21,0,8,23,20,16,10,14,17,2,11,12,4,18,6,1,15,13,7,3,24,22,9,19,5
322;4406;4406;700;4,15,19,6,5,17,13,0,2,12,8,22,9,16,24,7,21,18,1,14,11,20,23,10,3
323;4388;4388;700;13,2,19,22,21,3,24,16,1,5,4,9,18,14,17,20,12,10,0,15,7,23,6,11,8
324;4388;4388;700;4,17,1,15,7,13,3,12,9,8,2,6,16,19,5,0,21,18,22,14,11,24,23,10,20
325;4338;4338;700;16,12,2,15,8,24,19,13,20,6,9,17,10,4,1,5,22,11,7,0,14,23,3,18,21
326;4386;4386;700;24,10,5,23,0,17,11,16,15,2,13,14,3,4,9,1,21,8,12,7,20,18,22,6,19
327;4400;4400;700;14,0,16,17,9,21,13,11,2,15,24,4,3,18,23,1,7,12,10,8,22,19,5,6,20
328;4374;4374;700;3,4,16,12,15,5,1,18,6,17,8,14,24,9,2,21,23,7,11,0,10,13,20,22,19
329;4375;4375;700;2,10,18,4,24,14,19,9,16,3,15,0,11,13,17,22,12,6,1,20,23,7,21,8,5
330;4404;4404;700;9,2,24,17,13,1,4,10,15,0,11,5,20,3,19,8,23,12,6,21,16,18,14,22,7
331;4416;4416;700;8,18,17,2,6,16,14,24,4,19,11,12,3,9,23,7,22,21,5,20,0,1,13,15,10
332;4397;4397;700;18,5,14,21,24,4,6,12,15,8,2,22,9,3,17,11,10,23,20,13,19,0,16,1,7
333;4395;4395;700;4,5,21,3,18,24,16,17,14,12,23,11,0,9,13,7,10,22,20,19,6,1,15,8,2
334;4228;4228;700;24,15,14,20,2,6,4,16,19,12,9,3,8,17,10,5,7,1,0,22,18,11,13,21,23
335;4406;4406;700;23,6,24,20,3,12,4,10,14,9,16,0,8,1,11,22,7,5,21,18,15,19,13,17,2
336;4391;4391;700;5,12,4,22,24,6,9,16,21,2,8,1,17,3,15,7,10,13,20,0,14,18,11,19,23
337;4391;4391;700;7,16,23,2,6,4,17,3,13,15,14,8,9,24,11,5,19,21,22,20,1,12,0,10,18
338;4394;4394;700;6,16,23,8,10,21,11,0,18,12,22,13,14,20,3,19,17,4,2,5,7,15,24,9,1
339;4412;4412;700;15,4,23,8,11,10,22,21,12,14,17,6,2,16,20,7,13,9,5,19,1,0,3,18,24
340;4403;4403;700;6,17,3,13,21,18,2,23,11,1,7,22,0,8,12,15,10,5,20,14,16,19,24,9,4
341;4266;4266;700;1,14,9,19,24,13,6,5,23,11,3,0,4,17,16,22,12,21,18,15,10,8,2,7,20
342;4356;4356;700;10,4,24,8,12,15,9,6,2,14,1,17,13,3,16,23,7,22,19,21,5,11,18,20,0
343;4331;4331;700;14,6,1,7,8,22,23,5,13,3,18,12,21,19,0,10,2,15,20,16,4,11,17,9,24
344;4354;4354;700;14,15,5,6,3,19,17,7,8,23,2,4,9,24,16,11,20,18,0,10,1,12,22,21,13
345;4367;4367;700;6,10,17,21,12,18,15,2,4,22,3,8,16,20,14,5,7,1,9,19,0,23,13,24,11
346;4404;4404;700;2,16,4,24,13,15,23,18,17,9,14,3,11,5,19,7,10,1,20,8,0,12,22,21,6
347;4389;4389;700;23,20,12,18,2,14,6,16,17,24,8,15,3,4,10,7,21,11,22,5,1,19,13,0,9
348;4377;4377;700;23,13,2,3,24,0,4,9,11,8,1,17,12,6,15,22,18,5,21,14,19,16,7,10,20
349;4392;4392;700;24,17,11,0,9,2,14,5,20,23,10,13,16,8,4,7,3,21,22,12,19,6,18,15,1
350;4402;4402;700;7,23,16,22,3,1,8,12,4,6,17,14,19,15,2,10,20,11,18,13,21,24,5,0,9
351;4391;4391;700;0,17,15,5,9,23,4,18,10,24,20,2,11,13,16,22,7,6,1,14,8,21,19,12,3
352;4386;4386;700;24,9,5,14,18,17,21,12,23,16,8,15,3,4,6,1,7,0,11,2,10,22,20,19,13
353;4419;4419;700;12,3,16,23,1,18,11,21,22,20,10,0,14,13,6,24,2,7,9,4,8,19,15,17,5
354;4238;4238;700;4,19,14,17,2,8,16,9,15,20,6,24,12,10,5,11,1,0,18,13,21,7,3,22,23
355;4402;4402;700;8,10,16,1,6,0,11,3,12,7,23,14,13,21,22,2,17,4,20,18,24,9,15,19,5
356;4389;4389;700;9,2,0,16,20,4,24,10,12,17,13,14,23,3,11,1,22,5,15,7,19,6,8,21,18
357;4409;4409;700;9,0,10,23,5,4,3,20,24,7,21,22,19,11,13,15,2,17,12,6,16,14,8,1,18
358;4391;4391;700;4,15,11,2,24,0,1,9,20,23,5,17,13,7,10,3,21,14,19,16,18,8,22,12,6
359;4369;4369;700;3,14,6,12,23,18,2,21,7,15,4,8,10,17,16,22,11,1,0,13,9,24,5,20,19
360;4364;4364;700;7,4,16,15,18,23,5,6,8,12,3,17,14,21,2,1,19,9,20,11,13,24,0,10,22
361;4386;4386;700;23,3,10,9,5,4,8,17,24,15,12,2,6,20,14,18,1,22,19,16,0,7,13,21,11
362;4402;4402;700;5,11,9,13,17,14,20,0,24,15,10,4,23,2,18,12,3,8,19,21,16,6,22,7,1
363;4392;4392;700;8,12,19,21,4,17,2,18,15,0,6,13,3,14,16,5,20,7,22,1,9,10,24,23,11
364;4406;4406;700;10,16,19,20,17,2,15,5,8,9,24,6,12,22,4,21,3,14,18,1,13,7,11,0,23
365;4402;4402;700;14,18,9,8,4,12,1,24,3,17,2,19,6,15,21,7,0,10,20,11,13,23,16,5,22
366;4411;4411;700;10,4,14,11,17,9,20,16,23,15,2,18,0,13,24,6,22,3,7,8,21,1,5,12,19
367;4399;4399;700;4,2,18,5,14,12,16,15,22,3,13,8,21,6,17,0,7,10,20,24,11,23,9,1,19
368;4389;4389;700;20,15,12,17,0,13,10,23,2,21,8,11,6,22,7,24,9,5,1,18,4,14,3,16,19
369;4401;4401;700;15,2,17,3,24,4,20,23,6,8,14,16,9,12,21,11,7,19,1,0,22,5,10,18,13
370;4406;4406;700;17,23,11,9,5,24,18,0,15,3,12,16,4,14,13,10,20,1,7,2,19,21,8,22,6
371;4386;4386;700;23,11,19,8,17,15,12,4,2,24,9,10,6,20,16,1,21,22,7,14,13,3,0,18,5
372;4384;4384;700;15,12,17,24,1,8,0,5,13,9,4,6,7,2,19,21,18,23,11,16,3,20,22,10,14
373;4404;4404;700;14,9,6,16,17,5,24,8,19,0,13,11,4,23,3,7,12,15,20,2,22,18,10,1,21
374;4397;4397;700;0,17,19,7,11,2,16,10,5,24,1,15,13,4,9,22,20,12,18,14,8,23,21,3,6
375;4221;4221;700;5,6,14,0,11,20,3,22,9,12,24,23,8,13,10,17,19,2,7,18,1,16,21,15,4
376;4384;4384;700;8,12,5,9,19,4,1,23,2,14,7,17,6,16,3,24,10,11,20,22,21,18,0,13,15
377;4347;4347;700;13,11,18,0,20,16,21,15,14,17,3,2,10,4,8,19,12,1,7,9,22,5,24,23,6
378;4404;4404;700;9,16,1,11,13,2,14,0,24,19,20,15,10,4,17,7,22,18,5,6,8,3,21,12,23
379;4357;4357;700;13,5,10,20,23,12,4,2,17,15,9,11,0,8,6,7,22,21,18,3,24,19,16,1,14
380;4232;4232;700;17,6,12,10,4,23,19,16,15,8,20,9,3,24,2,11,0,22,7,5,21,18,1,14,13
381;4399;4399;700;4,2,22,9,13,8,12,16,17,15,21,24,14,18,3,20,19,5,1,6,11,23,0,7,10
382;4396;4396;700;16,14,7,22,13,15,8,3,2,17,12,19,6,18,21,23,10,5,20,24,4,0,1,9,11
383;4401;4401;700;22,24,11,23,17,4,19,0,2,5,9,20,21,13,10,18,1,12,15,6,14,8,16,3,7
384;4398;4398;700;17,23,12,6,5,16,9,8,15,4,11,19,0,24,2,1,10,7,20,18,14,3,22,13,21
385;4386;4386;700;3,2,17,8,4,24,9,22,16,6,23,21,15,12,14,7,11,19,10,13,0,5,1,20,18
386;4398;4398;700;23,6,2,24,19,11,3,15,9,4,16,8,17,0,12,5,18,14,7,10,20,22,13,21,1
387;4399;4399;700;9,17,23,6,24,8,2,16,14,13,10,4,15,0,11,7,19,3,1,18,22,20,5,21,12
388;4392;4392;700;2,13,23,5,7,24,9,4,11,15,16,14,22,0,17,19,18,12,1,6,21,8,10,20,3
389;4403;4403;700;8,22,12,3,14,17,19,2,21,15,16,4,7,1,6,20,13,23,5,18,0,24,10,11,9
390;4400;4400;700;4,9,13,16,22,1,17,21,14,15,5,24,18,23,2,10,11,19,20,7,6,8,12,0,3
391;4397;4397;700;13,19,24,17,0,9,15,18,21,22,1,4,5,2,7,8,12,3,6,20,10,14,16,23,11
392;4391;4391;700;9,0,21,3,23,1,18,24,13,14,22,19,11,4,16,5,7,6,20,12,17,10,15,8,2
393;4405;4405;700;13,23,8,22,11,10,12,0,14,6,16,15,18,3,21,19,17,7,1,4,5,24,2,9,20
394;4384;4384;700;9,4,11,5,20,18,0,2,10,21,22,13,7,17,1,12,15,14,6,8,24,23,3,16,19
395;4411;4411;700;15,10,2,9,16,11,6,4,24,12,14,5,17,13,8,21,1,7,0,3,23,18,20,22,19
396;4197;4197;700;14,10,11,22,19,4,24,0,3,18,16,23,9,13,21,5,2,1,15,17,20,6,7,12,8
397;4397;4397;700;21,16,15,10,9,20,24,3,14,4,22,2,18,13,17,12,1,7,19,23,0,11,5,6,8
398;4363;4363;700;9,17,7,22,19,18,15,3,4,8,2,14,21,16,6,11,10,23,0,13,12,24,20,5,1
399;4374;4374;700;15,0,24,23,16,2,12,11,4,14,17,5,9,10,13,6,8,22,21,19,20,18,3,1,7
400;4370;4370;700;18,10,16,6,2,17,20,8,11,12,15,4,23,3,14,5,21,19,13,9,7,24,1,0,22
401;4401;4401;700;13,10,1,16,23,0,17,15,24,5,11,4,9,2,19,21,22,6,12,3,14,7,18,8,20
402;4400;4400;700;5,24,19,21,13,14,3,4,2,22,7,1,15,17,9,10,20,11,6,8,0,23,18,12,16
403;4393;4393;700;10,15,2,11,7,17,20,18,16,9,5,24,4,23,13,22,1,19,21,8,14,6,3,0,12
404;4397;4397;700;17,24,3,8,12,6,16,14,10,18,4,9,15,19,2,11,1,0,7,13,5,22,21,23,20
405;4405;4405;700;6,11,23,17,9,2,8,1,12,13,15,4,16,5,24,22,20,7,0,10,14,19,21,18,3
406;4422;4422;700;14,11,23,3,21,12,6,18,22,8,0,20,10,19,16,24,9,13,5,17,4,1,7,15,2
407;4407;4407;700;14,24,16,20,5,6,12,23,22,10,11,9,3,8,19,15,21,2,18,4,13,0,17,7,1
408;4406;4406;700;24,11,0,17,2,4,19,16,14,23,13,6,9,8,12,5,1,22,21,15,10,20,3,7,18
409;4401;4401;700;17,18,5,2,8,14,12,22,15,6,19,4,9,21,3,10,7,11,0,20,24,13,1,16,23
410;4387;4387;700;6,5,4,3,23,24,16,18,22,12,9,2,17,15,8,10,14,7,20,0,11,19,13,1,21
411;4394;4394;700;11,19,2,13,24,14,23,5,18,4,17,10,3,9,20,6,12,1,15,21,0,22,16,7,8
412;4407;4407;700;4,16,3,13,18,21,8,14,19,6,2,22,17,12,15,24,9,7,0,11,23,5,1,10,20
413;4383;4383;700;17,6,19,18,14,16,8,3,2,12,24,1,4,7,9,22,5,23,11,13,20,10,15,0,21
414;4371;4371;700;24,16,2,9,17,12,15,8,5,3,18,4,21,20,14,11,23,22,1,0,7,6,10,19,13
415;4191;4191;700;13,18,14,11,9,7,24,1,17,15,0,5,4,23,2,20,6,3,19,12,16,10,21,22,8
416;4370;4370;700;10,4,20,16,14,15,8,2,6,23,11,12,3,17,18,0,1,22,5,19,7,24,13,9,21
417;4391;4391;700;6,9,8,2,15,5,0,12,23,14,3,11,10,24,13,20,7,19,1,17,16,4,18,22,21
418;4237;4237;700;11,19,12,14,4,9,13,0,24,16,8,1,3,23,6,18,20,15,7,2,10,17,21,5,22
419;4399;4399;700;0,10,13,19,16,9,7,1,5,23,14,11,24,3,20,17,4,2,22,21,18,15,12,6,8
420;4407;4407;700;17,4,0,15,24,16,23,14,8,9,7,13,6,11,2,22,21,1,20,3,5,19,10,18,12
421;4399;4399;700;4,17,24,0,21,13,16,15,20,18,11,2,10,23,14,1,8,19,7,3,22,5,6,9,12
422;4397;4397;700;14,9,1,17,3,4,13,6,15,2,5,18,19,16,8,0,22,11,23,7,21,24,10,20,12
423;4392;4392;700;24,2,19,16,5,23,3,9,14,17,13,18,4,11,15,8,12,7,10,1,6,20,0,22,21
424;4407;4407;700;15,14,18,5,0,20,2,4,10,11,23,13,16,17,1,19,7,22,12,21,9,24,8,3,6
425;4396;4396;700;6,20,10,17,2,4,15,14,13,8,3,12,11,16,23,9,22,18,5,7,0,21,1,24,19
426;4392;4392;700;22,6,16,18,12,3,17,8,21,23,13,0,4,11,14,5,9,19,1,20,15,2,10,24,7
427;4410;4410;700;19,5,17,21,13,4,16,14,24,1,18,3,9,23,22,20,7,6,15,2,8,10,11,12,0
428;4406;4406;700;6,24,5,3,12,4,21,16,14,17,8,2,9,10,19,18,1,7,13,11,22,15,20,0,23
429;4400;4400;700;2,13,14,15,24,10,0,21,9,16,17,20,11,23,4,5,7,18,19,8,6,22,12,3,1
430;4400;4400;700;12,15,4,8,6,9,17,2,5,24,21,7,14,16,3,22,1,11,20,18,19,10,0,23,13
431;4401;4401;700;0,4,12,17,10,11,20,8,13,19,14,2,16,15,23,5,22,1,7,24,9,6,18,21,3
432;4385;4385;700;16,12,17,24,8,22,2,4,14,9,6,19,10,3,15,1,0,7,18,23,21,11,5,20,13
433;4200;4200;700;14,4,3,19,17,23,24,13,5,9,16,11,10,1,18,6,22,7,12,20,8,21,2,0,15
434;4397;4397;700;18,11,2,4,3,23,15,5,6,24,14,16,17,9,8,10,1,19,20,22,12,21,7,0,13
435;4394;4394;700;18,10,21,9,19,0,16,7,23,4,20,24,14,11,3,15,5,17,2,6,22,8,1,13,12
436;4400;4400;700;21,12,13,3,8,6,18,1,5,14,17,4,16,2,23,20,7,19,15,10,9,22,11,0,24
437;4243;4243;700;6,11,13,3,18,15,0,22,12,8,7,23,21,1,14,2,10,20,17,19,16,24,5,9,4
438;4402;4402;700;13,10,17,0,11,23,4,9,14,8,3,16,6,12,24,5,20,19,15,21,7,2,22,1,18
439;4402;4402;700;13,14,9,11,18,19,21,24,22,20,10,5,3,23,1,2,16,4,17,7,12,15,8,0,6
440;4409;4409;700;3,17,2,6,16,5,4,12,9,23,11,14,15,24,8,13,7,21,1,18,0,20,22,10,19
441;4402;4402;700;1,9,2,5,3,17,24,12,19,8,4,6,10,16,23,7,22,20,15,0,11,13,14,18,21
442;4402;4402;700;0,24,6,8,10,17,16,3,19,20,11,23,9,14,4,22,21,1,7,18,13,5,15,12,2
443;4389;4389;700;5,9,11,16,0,3,19,4,17,13,24,2,10,23,14,8,6,18,12,20,7,21,15,1,22
444;4399;4399;700;19,3,13,11,0,21,18,7,9,22,14,23,10,20,1,15,17,24,2,12,8,6,16,5,4
445;4413;4413;700;16,8,2,23,24,3,14,15,18,10,4,5,6,9,17,13,21,7,0,11,1,12,22,19,20
446;4414;4414;700;24,6,16,3,9,14,5,12,11,10,23,15,19,2,8,21,18,13,22,4,7,20,0,1,17
447;4390;4390;700;3,10,2,8,16,24,15,4,17,12,20,11,9,14,13,22,21,1,18,19,7,23,5,0,6
448;4424;4424;700;3,14,9,17,5,24,0,4,2,23,13,11,10,16,19,8,6,7,1,21,20,15,18,12,22
449;4398;4398;700;17,1,2,9,23,8,3,16,12,4,19,6,13,5,24,11,20,10,22,0,14,18,15,21,7
450;4805;4805;700;9,12,16,5,11,24,8,4,0,23,17,22,6,13,2,1,3,18,20,19,15,10,21,14,7
451;4808;4808;700;13,9,18,19,22,12,2,17,6,4,24,21,8,0,3,7,11,23,10,16,5,14,1,20,15
452;4820;4820;700;16,24,23,17,5,4,6,3,13,9,8,7,19,14,2,22,20,1,15,12,0,18,11,10,21
453;4745;4745;700;22,20,0,23,5,4,24,13,21,7,18,11,1,10,9,14,3,15,12,17,16,8,6,2,19
454;4807;4807;700;16,23,7,3,2,24,15,1,8,14,19,17,12,4,6,10,0,20,5,9,21,22,13,18,11
455;4801;4801;700;4,2,12,24,3,22,9,8,17,19,0,14,6,15,16,10,11,5,20,18,13,21,23,7,1
456;4817;4817;700;2,9,23,4,16,8,10,14,0,12,24,17,6,11,5,20,18,3,19,15,22,21,13,7,1
457;4808;4808;700;20,9,11,16,3,23,10,18,17,14,0,24,4,2,13,15,22,19,5,1,12,8,7,21,6
458;4800;4800;700;4,17,24,23,16,15,20,10,9,14,7,19,3,2,5,1,0,21,18,22,13,12,11,8,6
459;4813;4813;700;14,17,20,23,15,2,6,16,10,4,5,24,3,8,9,11,1,19,0,18,22,21,7,13,12
460;4786;4786;700;17,9,5,0,13,19,12,2,24,11,4,3,6,8,23,21,22,18,7,1,20,10,14,16,15
461;4815;4815;700;9,12,3,5,10,8,6,16,4,0,14,11,24,23,13,17,2,15,18,1,22,20,7,21,19
462;4769;4769;700;24,17,16,8,11,13,2,23,6,10,15,12,14,20,4,19,0,21,3,18,7,9,5,1,22
463;4784;4784;700;3,16,2,15,8,5,17,14,24,9,4,13,12,6,0,22,10,7,19,20,18,11,21,23,1
464;4787;4787;700;1,24,20,6,4,2,10,9,14,15,23,16,8,17,5,22,18,12,21,13,3,0,19,11,7
465;4808;4808;700;6,17,8,9,4,10,24,16,13,23,0,2,11,5,20,18,21,3,22,15,1,14,7,12,19
466;4720;4720;700;2,9,11,17,8,4,24,13,10,15,23,0,16,14,6,7,18,20,1,3,12,19,22,5,21
467;4831;4831;700;22,8,3,20,6,14,4,21,12,15,11,2,17,10,16,0,7,1,24,18,9,23,13,5,19
468;4190;4190;700;7,24,3,11,23,4,9,0,18,14,22,19,16,13,21,2,20,15,17,1,5,6,10,12,8
469;4143;4143;700;17,12,8,4,3,13,2,20,10,9,6,24,15,16,14,19,1,5,22,23,0,11,18,7,21
470;4354;4354;700;4,13,8,19,2,15,6,1,17,18,3,12,9,16,5,23,20,11,10,14,22,21,24,0,7
471;4376;4376;700;4,13,19,8,14,3,12,16,21,18,24,22,5,6,9,1,7,0,23,10,2,20,17,15,11
472;4368;4368;700;12,11,4,14,10,23,17,9,3,5,2,20,0,13,16,19,7,22,1,15,24,18,6,8,21
473;4318;4318;700;2,20,10,4,17,9,5,16,6,8,22,12,23,3,24,0,1,11,19,15,14,7,13,21,18
474;4347;4347;700;10,7,23,21,18,19,14,24,5,13,9,11,0,3,22,2,1,12,20,16,17,15,6,8,4
475;4348;4348;700;18,24,9,21,11,22,14,23,7,5,10,0,13,16,20,19,1,8,6,12,2,4,17,3,15
476;4372;4372;700;5,6,16,11,0,2,14,4,17,23,12,13,15,10,8,22,1,18,7,20,9,3,21,19,24
477;4347;4347;700;2,3,17,9,18,13,23,0,21,11,20,24,22,4,5,19,8,1,7,16,10,15,14,6,12
478;4377;4377;700;2,8,4,22,16,24,9,14,21,15,17,18,5,3,19,23,0,11,7,1,13,10,20,12,6
479;4398;4398;700;21,13,5,16,9,18,15,14,4,17,8,12,2,3,24,11,20,0,1,22,10,6,7,23,19
480;4407;4407;700;2,18,11,4,5,9,13,0,22,20,15,10,17,24,21,1,12,23,7,3,16,8,19,6,14
481;4269;4269;700;6,8,9,23,14,15,4,2,1,17,5,16,12,3,18,10,20,24,19,11,13,21,22,7,0
482;4396;4396;700;12,6,20,4,16,2,8,9,19,17,3,14,1,18,24,7,15,11,23,21,13,5,0,22,10
483;4228;4228;700;16,2,1,19,6,17,12,4,20,14,9,5,3,8,18,22,24,21,0,7,15,23,10,13,11
484;4398;4398;700;22,5,12,17,6,8,18,1,21,16,3,9,2,4,14,10,19,15,23,13,0,24,7,11,20
485;4229;4229;700;8,10,17,2,9,12,11,3,5,20,6,15,16,14,4,7,22,21,1,13,19,23,0,18,24
486;4402;4402;700;21,0,14,5,24,9,3,16,7,19,22,13,18,4,11,15,20,12,2,8,23,6,10,1,17
487;4249;4249;700;14,11,8,13,10,9,23,4,3,5,24,12,2,0,17,1,7,15,22,16,6,20,19,21,18
488;4372;4372;700;9,6,12,16,17,19,15,2,5,10,3,23,8,4,14,0,7,1,22,13,20,21,24,18,11
489;4185;4185;700;23,5,2,0,13,10,4,16,1,7,20,17,11,24,9,19,12,18,15,8,21,14,22,6,3
490;4162;4162;700;21,24,3,23,22,11,5,19,20,13,9,10,0,1,7,4,2,15,17,14,18,16,12,8,6
491;4187;4187;700;10,4,0,16,14,11,18,8,22,23,21,6,3,13,12,7,1,2,20,5,15,19,24,17,9
492;4406;4406;700;1,4,2,12,17,16,3,5,10,6,9,14,19,15,8,18,13,22,0,21,23,24,11,20,7
493;4242;4242;700;14,24,23,21,5,3,18,4,7,22,9,16,1,8,6,11,10,13,0,17,20,19,2,12,15
494;4406;4406;700;15,4,18,14,16,2,3,21,22,5,24,17,9,13,1,12,10,11,6,7,0,8,20,23,19
495;4239;4239;700;10,9,6,4,16,17,12,14,18,19,8,24,23,3,2,7,20,22,5,21,11,15,13,0,1
496;4410;4410;700;5,15,2,12,4,11,16,3,10,17,14,8,6,23,20,24,18,21,22,13,7,0,19,1,9
497;4411;4411;700;21,3,8,16,2,4,6,12,9,22,10,15,24,17,14,7,0,19,5,1,20,18,13,23,11
498;4397;4397;700;5,2,23,24,4,15,8,6,14,9,13,20,17,12,16,0,7,21,22,10,11,1,18,3,19
499;4419;4419;700;5,0,10,12,4,11,23,3,16,8,24,9,6,14,20,13,15,2,22,1,19,18,17,21,7
