0;12083;12083;2600;10,20,30,1,16,25,26,3,13,31,27,23,22,14,9,18,33,28,8,12,29,4,0,5,32,24,34,15,2,7,6,19,11,17,21
1;12927;12927;2600;2,19,32,27,3,16,25,30,10,4,21,34,24,11,18,31,7,9,8,12,1,15,23,13,28,20,6,26,29,33,0,14,17,5,22
2;12745;12745;2600;7,15,22,33,16,26,18,19,34,29,2,17,21,5,13,6,8,27,12,20,32,1,11,4,24,14,9,25,0,3,31,28,23,10,30
3;13157;13157;2600;30,10,21,3,7,23,34,29,2,5,25,17,14,22,6,20,24,32,33,26,0,19,13,15,28,1,18,16,27,31,8,4,11,12,9
4;13125;13125;2600;17,22,20,11,24,29,30,19,27,13,18,9,21,16,10,2,31,34,26,25,15,5,7,6,32,14,8,33,1,28,12,3,0,23,4
5;13162;13162;2600;3,21,32,1,18,26,9,7,17,20,30,2,33,8,4,24,10,12,19,15,34,22,16,14,13,29,11,31,5,28,0,27,6,25,23
6;13155;13155;2600;14,5,18,27,30,25,29,0,26,24,16,11,6,22,34,19,13,28,3,31,15,17,21,10,33,1,32,7,4,23,8,20,9,12,2
7;13222;13222;2600;5,27,23,15,16,8,25,1,0,33,13,14,28,22,11,34,18,6,9,19,10,17,29,2,7,30,3,26,21,24,4,20,31,12,32
8;13160;13160;2600;17,4,14,10,3,31,2,18,23,16,11,27,1,21,13,19,33,30,26,20,24,32,34,12,15,6,0,25,8,29,5,28,9,22,7
9;13152;13152;2600;7,0,17,2,23,31,1,18,21,9,22,10,8,33,20,3,14,15,26,28,6,11,4,12,34,13,27,24,30,5,19,25,29,16,32
10;13207;13207;2600;8,29,22,13,17,31,6,21,34,18,23,10,15,5,19,1,9,2,27,26,14,0,30,24,25,3,16,4,28,32,33,20,12,11,7
11;13184;13184;2600;12,22,17,34,32,5,25,31,2,1,9,21,8,27,14,18,10,6,24,4,0,28,23,15,26,16,30,20,29,13,7,11,33,3,19
12;13209;13209;2600;0,23,19,26,14,7,11,1,30,28,31,15,33,25,21,17,4,10,3,2,29,27,9,22,6,24,18,8,34,5,16,20,32,12,13
13;13160;13160;2600;11,19,18,9,20,16,3,6,21,24,22,5,27,30,25,12,34,1,13,0,8,14,10,17,15,23,2,31,7,26,29,28,32,4,33
14;13220;13220;2600;0,10,30,17,20,29,16,1,31,13,33,11,8,23,3,18,19,28,26,25,9,22,2,14,12,5,32,7,27,21,4,24,6,15,34
15;12298;12298;2600;33,0,19,5,29,16,34,7,18,25,1,20,3,22,8,13,11,6,14,27,9,17,28,10,24,2,21,32,30,23,4,12,26,31,15
16;13168;13168;2600;3,9,32,33,28,24,2,30,8,4,12,14,1,15,20,10,17,7,26,21,25,0,31,13,16,29,18,5,6,19,23,11,34,22,27
17;13211;13211;2600;18,7,15,28,3,8,20,27,1,5,14,6,13,29,22,33,16,34,9,0,21,2,26,12,30,19,24,4,25,31,17,11,32,23,10
18;13224;13224;2600;12,33,27,30,18,17,31,9,22,21,20,25,32,7,10,24,4,1,23,26,5,3,28,34,11,8,14,29,0,19,16,6,2,13,15
19;13229;13229;2600;29,13,20,9,17,33,12,27,22,18,19,1,2,7,16,34,11,4,5,6,30,0,10,24,25,31,32,23,15,3,26,28,21,14,8
20;13205;13205;2600;14,31,20,26,15,11,6,32,21,5,2,29,8,12,17,4,22,34,24,25,13,33,1,30,3,10,16,0,19,23,28,18,7,27,9
21;13208;13208;2600;8,14,32,6,9,22,11,2,0,18,13,5,7,1,15,29,4,16,27,12,21,31,10,19,34,17,26,30,28,25,23,33,24,20,3
22;13219;13219;2600;7,23,5,4,15,29,34,6,3,32,27,22,28,10,12,14,9,0,25,8,33,16,21,13,17,24,30,11,20,19,1,26,18,2,31
23;13206;13206;2600;13,7,4,24,32,33,16,25,29,3,10,2,11,28,12,30,8,17,0,23,21,5,27,22,1,15,6,34,9,26,18,20,14,31,19
24;13194;13194;2600;2,1,0,16,12,18,31,4,27,32,10,28,11,14,8,15,19,23,26,13,6,21,29,22,24,9,34,3,30,5,25,20,17,7,33
25;13223;13223;2600;2,14,12,8,10,7,9,4,32,17,29,33,25,1,31,28,21,0,13,26,18,11,16,20,24,27,30,22,5,19,34,3,6,15,23
26;13235;13235;2600;9,26,31,4,7,34,21,23,25,2,24,15,22,6,10,5,28,30,12,32,20,16,27,3,1,29,13,8,11,19,33,14,18,0,17
27;13230;13230;2600;30,26,34,5,3,6,18,7,20,24,29,22,32,12,27,15,16,13,25,8,11,1,4,0,19,33,14,23,31,17,9,21,2,10,28
28;12912;12912;2600;25,28,7,8,30,26,3,19,15,16,18,1,33,24,11,4,32,13,12,29,21,20,10,9,0,14,17,23,6,27,31,34,5,22,2
29;13212;13212;2600;28,27,4,7,22,30,25,12,0,32,11,18,16,1,8,31,19,24,15,14,34,3,10,23,29,33,2,26,21,6,5,9,17,20,13
30;13241;13241;2600;8,4,13,12,33,29,32,6,9,7,18,17,28,2,11,16,1,31,0,19,15,27,3,23,14,22,5,10,24,30,25,34,26,21,20
31;13215;13215;2600;2,1,20,24,11,26,23,10,19,4,27,25,9,18,32,12,16,30,3,8,33,29,21,22,5,13,6,7,31,17,0,14,34,28,15
32;13166;13166;2600;24,32,13,14,11,18,25,22,4,9,27,30,0,21,10,2,3,17,26,20,15,33,19,5,16,8,34,29,31,6,12,1,7,28,23
33;11782;11782;2600;7,9,3,31,15,21,26,12,2,29,16,10,1,17,23,13,32,18,8,4,5,28,22,27,33,0,20,19,24,34,30,25,14,11,6
34;13201;13201;2600;24,7,16,3,10,20,17,28,21,11,2,29,25,4,22,0,30,32,23,26,9,19,15,14,1,5,13,18,31,6,12,27,33,34,8
35;13232;13232;2600;6,31,20,12,34,30,0,14,27,11,29,13,19,32,5,16,15,18,26,9,8,2,22,28,3,33,7,4,25,10,1,24,23,21,17
36;13239;13239;2600;17,24,29,13,21,8,11,16,23,10,3,2,33,25,30,7,0,1,26,12,32,22,34,20,9,27,18,28,5,19,15,31,14,4,6
37;13193;13193;2600;13,22,20,0,23,16,9,18,11,1,4,24,12,19,31,10,8,27,30,3,25,32,7,14,5,15,2,17,33,21,6,28,29,34,26
38;13215;13215;2600;5,24,20,30,3,21,7,26,33,10,25,17,34,1,6,9,2,28,14,15,22,29,16,8,19,4,18,27,0,31,13,12,32,11,23
39;13205;13205;2600;29,3,15,10,6,31,17,2,22,21,24,30,14,1,26,5,25,34,8,12,11,18,33,13,32,4,16,27,9,7,20,0,23,28,19
40;13224;13224;2600;19,7,12,21,4,13,11,1,23,30,10,33,3,29,17,9,2,32,31,0,16,27,6,15,20,34,18,5,8,28,14,24,25,22,26
41;13210;13210;2600;7,32,15,19,4,31,8,2,17,11,29,1,10,33,22,0,23,28,3,9,5,16,30,14,12,26,27,24,6,20,34,21,13,25,18
42;13216;13216;2600;20,9,30,33,10,29,31,5,23,8,24,1,7,2,17,21,6,22,34,26,27,19,28,15,3,32,12,11,13,14,4,18,0,16,25
43;13245;13245;2600;14,13,4,32,29,10,2,11,9,26,7,17,31,19,15,25,21,0,23,12,27,30,1,18,5,8,34,6,28,24,22,3,16,20,33
44;13221;13221;2600;18,14,1,0,31,29,7,19,16,11,33,8,17,2,4,15,13,9,25,26,34,24,27,12,30,6,32,21,23,22,20,28,5,10,3
45;13217;13217;2600;4,27,33,28,23,9,20,10,19,31,21,0,14,17,15,2,11,7,24,25,12,13,18,30,5,1,32,6,26,29,16,3,34,8,22
46;13228;13228;2600;0,4,31,3,10,30,19,24,25,28,16,1,33,11,23,2,9,20,8,32,12,22,26,34,5,7,15,27,13,21,29,17,14,18,6
47;13229;13229;2600;7,14,1,29,32,4,13,30,33,11,16,0,8,15,18,24,3,19,28,12,31,10,26,34,2,23,22,5,27,9,6,25,21,17,20
48;13224;13224;2600;32,17,23,18,33,30,1,27,22,12,9,10,15,2,21,14,31,7,28,26,8,5,0,25,3,13,19,4,24,29,11,6,20,34,16
49;13201;13201;2600;29,25,3,22,27,14,21,31,10,17,34,6,30,5,15,28,24,2,7,33,8,32,26,20,9,16,4,12,1,13,18,23,0,11,19
50;13237;13237;2600;23,33,7,31,18,10,4,1,28,15,9,17,30,2,32,24,21,29,8,14,25,0,16,3,26,6,27,19,11,20,22,12,5,34,13
51;7611;7611;2600;0,18,22,19,30,4,6,33,11,1,29,34,31,5,13,20,17,16,14,8,23,15,21,7,2,24,25,28,3,12,32,10,9,27,26
52;9383;9383;2600;2,24,11,8,13,4,19,7,23,0,30,16,15,3,25,20,32,10,31,12,5,21,34,28,17,27,29,6,9,33,26,22,1,18,14
53;7731;7731;2600;21,23,9,32,27,12,5,22,29,26,2,17,7,4,8,34,15,10,20,31,3,33,24,30,1,0,11,25,6,28,19,13,18,16,14
54;7595;7595;2600;9,33,31,1,13,26,19,10,3,17,0,28,23,8,2,21,7,15,29,20,14,22,24,16,27,30,6,11,34,5,25,32,18,12,4
55;8272;8272;2600;12,6,13,20,3,4,17,19,0,32,21,29,5,1,11,33,8,16,14,26,28,9,7,2,22,30,34,24,31,18,25,23,27,10,15
56;7033;7033;2600;27,31,21,20,26,5,14,8,6,10,33,25,2,29,22,34,17,9,12,1,15,24,32,30,11,4,3,19,7,0,13,18,16,23,28
57;7013;7013;2600;12,24,31,21,23,17,27,7,34,32,22,4,1,10,25,5,29,2,14,26,15,16,0,18,3,11,9,8,28,20,19,30,6,13,33
58;7044;7044;2600;10,18,1,14,4,19,8,9,23,21,27,24,28,2,15,33,7,16,26,31,22,20,29,5,3,30,11,34,12,13,0,25,6,32,17
59;7031;7031;2600;16,6,4,1,27,5,12,22,3,32,29,34,9,11,18,8,25,28,0,13,2,26,15,14,10,31,19,17,24,20,23,21,30,7,33
60;11062;11062;2600;5,28,34,25,14,21,2,22,24,33,7,20,0,15,30,29,17,6,13,9,8,31,12,18,27,10,23,4,11,3,32,19,1,26,16
61;12220;12220;2600;6,22,23,16,30,11,15,27,5,28,14,18,3,20,4,29,19,34,12,32,1,10,21,9,7,33,25,24,0,2,17,26,13,31,8
62;12424;12424;2600;2,33,18,17,1,0,4,24,31,10,7,23,16,30,11,3,32,19,9,26,20,27,15,21,28,8,29,12,25,13,6,22,14,5,34
63;8466;8466;2600;11,32,17,31,19,9,26,29,23,4,3,12,10,13,21,2,16,33,0,24,25,5,8,28,30,34,27,15,20,1,14,18,7,6,22
64;7977;7977;2601;21,2,9,10,32,20,22,25,17,31,27,24,18,11,19,34,4,16,8,29,13,12,26,3,0,30,1,33,15,7,5,14,6,28,23
65;13070;13070;2600;18,17,1,20,10,32,12,23,33,3,21,2,28,24,30,7,11,25,4,26,29,27,8,31,6,5,14,0,9,22,34,16,19,15,13
66;13197;13197;2600;5,23,1,16,0,18,29,34,14,9,6,31,2,13,10,4,11,17,7,8,3,30,27,33,20,19,22,15,32,26,21,24,28,12,25
67;8274;8274;2600;22,8,18,33,9,15,7,5,16,28,11,34,19,27,0,31,6,12,14,1,21,23,2,3,13,32,17,26,30,25,4,24,20,10,29
68;13203;13203;2600;6,13,16,8,0,2,7,3,5,14,32,18,27,4,17,34,29,22,12,9,11,28,33,25,30,10,26,21,20,1,15,24,23,19,31
69;13220;13220;2600;15,24,0,7,16,19,30,17,18,10,3,21,31,9,27,2,11,23,26,28,29,25,22,8,6,34,14,5,20,33,12,13,4,1,32
70;12274;12274;2600;9,13,16,10,1,14,23,7,27,21,2,25,8,18,0,31,17,19,26,4,28,30,12,33,20,34,11,6,15,32,3,24,22,29,5
71;12645;12645;2600;25,0,2,30,28,24,29,10,13,16,3,9,8,11,22,17,19,21,32,4,7,6,26,15,20,1,34,18,5,31,23,12,14,33,27
72;12794;12794;2600;21,30,11,19,18,31,33,4,3,9,7,0,28,20,17,10,1,23,26,12,6,14,8,32,34,25,22,5,16,15,24,13,2,29,27
73;9451;9451;2601;12,30,32,19,4,31,33,24,25,2,20,15,11,28,10,9,3,21,18,27,13,14,22,23,26,17,5,0,34,16,7,6,8,29,1
74;12578;12578;2600;30,9,21,17,29,24,8,3,26,28,19,23,10,32,4,16,13,11,14,33,1,18,34,25,5,0,6,15,27,31,22,7,20,12,2
75;12827;12827;2600;14,15,34,30,20,7,10,31,9,1,22,3,23,21,27,5,24,2,33,26,11,29,0,16,19,12,32,8,18,25,4,6,13,28,17
76;12077;12077;2600;19,2,8,21,10,12,25,26,17,32,31,1,16,11,4,23,7,14,33,28,18,3,34,20,30,15,29,13,22,5,0,27,24,6,9
77;12494;12494;2600;13,22,28,0,17,15,30,31,23,11,2,4,5,3,7,10,29,6,8,9,1,14,33,24,19,16,34,27,12,18,20,32,25,21,26
78;13201;13201;2600;1,14,33,34,16,31,6,11,5,22,0,7,2,28,21,23,17,15,26,13,18,25,10,12,27,30,3,8,32,29,9,19,24,20,4
79;12085;12085;2600;22,4,15,5,14,31,11,21,6,16,29,13,2,17,18,20,27,19,34,8,12,9,24,26,25,30,32,23,33,10,28,0,7,3,1
80;10769;10769;2600;29,30,10,3,13,8,14,31,24,32,34,17,27,2,20,18,4,21,12,26,23,28,16,22,15,5,11,7,25,33,9,6,1,0,19
81;12888;12888;2600;16,10,3,0,18,19,24,6,23,30,20,4,34,28,5,27,25,11,22,13,2,12,15,29,21,33,31,8,26,9,32,17,1,14,7
82;12063;12063;2600;15,31,25,27,14,17,21,24,2,5,23,20,29,34,13,10,30,6,28,26,22,32,18,16,1,0,19,3,33,11,9,12,4,7,8
83;10979;10979;2600;17,11,2,1,7,31,0,10,32,25,4,18,9,29,24,8,21,27,3,12,33,5,22,26,14,30,16,19,28,23,34,20,13,15,6
84;12906;12906;2600;27,20,13,34,17,6,18,28,1,22,23,14,3,19,8,29,16,5,26,33,0,25,4,7,30,11,10,21,32,9,31,24,12,2,15
85;12786;12786;2600;14,15,11,23,1,5,13,0,4,18,19,7,27,3,16,22,2,34,6,8,32,17,12,21,33,25,29,30,28,31,24,9,20,26,10
86;12918;12918;2600;1,12,10,20,17,24,3,34,9,31,28,21,30,23,32,7,2,4,26,8,18,22,5,6,25,19,15,14,0,27,29,11,33,16,13
87;12892;12892;2600;21,2,23,30,14,9,18,17,15,7,20,19,12,0,3,11,10,16,1,33,24,6,29,27,26,13,28,8,32,22,31,25,5,34,4
88;12793;12793;2600;30,33,24,21,7,9,10,2,28,17,11,25,22,14,32,23,15,4,26,20,29,16,19,6,31,8,12,18,5,0,3,1,13,34,27
89;13162;13162;2600;6,5,2,34,32,15,33,26,7,29,21,30,20,22,9,10,12,17,31,3,14,13,27,18,25,19,0,23,1,28,24,11,8,16,4
90;13194;13194;2600;27,32,17,31,10,12,20,4,5,21,18,22,34,9,3,2,30,23,26,8,14,16,11,24,33,0,1,15,13,6,28,7,29,25,19
91;13213;13213;2600;26,12,27,4,16,20,31,3,8,32,22,13,18,0,28,11,19,7,33,1,14,9,29,34,2,17,6,24,23,5,21,25,15,30,10
92;7469;7469;2600;18,15,24,12,22,27,6,28,32,19,14,16,11,5,34,30,9,29,33,20,23,26,3,8,13,21,31,10,17,25,0,7,2,1,4
93;7409;7409;2600;31,23,22,34,30,24,3,9,10,16,12,28,18,27,2,19,25,5,6,20,29,0,17,15,1,33,8,4,11,21,7,32,26,14,13
94;7397;7397;2600;0,19,32,12,31,10,9,7,6,21,17,13,16,2,23,33,11,29,28,25,20,34,22,30,8,1,27,3,18,5,4,15,26,14,24
95;7455;7455;2600;21,13,19,3,25,6,23,11,15,32,16,29,10,5,2,17,31,0,26,12,27,22,8,20,34,30,33,7,18,28,24,9,14,1,4
96;7556;7556;2600;14,7,9,23,25,20,21,15,22,30,2,34,5,1,24,33,10,3,26,6,12,29,8,0,4,17,28,31,18,13,16,32,19,27,11
97;7387;7387;2600;23,12,32,21,0,17,10,19,9,4,1,28,7,33,2,20,8,31,27,26,15,34,25,29,3,22,30,18,16,13,24,14,11,6,5
98;7368;7368;2600;13,2,1,32,7,20,19,21,16,24,12,30,11,9,17,4,18,31,10,33,34,29,25,27,15,0,5,28,8,22,6,3,14,23,26
99;7386;7386;2600;18,27,32,10,6,15,34,1,5,9,12,4,17,2,26,14,21,29,3,31,28,25,30,0,8,11,20,19,23,7,16,22,33,13,24
100;13112;13112;2600;11,34,10,0,17,2,4,16,9,14,28,23,6,8,21,18,5,3,26,13,1,33,7,30,12,32,20,22,24,29,19,31,25,15,27
101;12992;12992;2600;29,2,25,19,12,26,13,27,17,18,34,10,20,9,14,21,31,22,5,6,4,32,3,11,7,8,30,23,33,1,24,15,16,0,28
102;10125;10125;2600;9,31,29,34,32,12,10,4,27,3,6,15,23,7,5,2,17,33,22,20,25,0,13,16,26,14,28,11,21,18,1,19,8,30,24
103;12859;12859;2600;18,12,20,16,22,11,7,27,0,33,25,24,23,15,1,28,19,26,30,3,2,32,5,34,9,13,4,17,21,29,8,14,31,10,6
104;12849;12849;2600;14,30,28,21,24,16,29,11,19,2,25,18,23,0,20,17,15,13,9,10,27,1,6,12,7,8,34,32,3,22,33,26,31,5,4
105;12808;12808;2600;12,26,18,28,23,4,3,15,2,9,13,32,19,0,11,16,7,29,33,1,10,8,6,20,24,17,30,31,14,25,5,22,34,21,27
106;12873;12873;2600;28,9,25,30,22,18,15,19,0,23,13,20,16,3,27,7,24,11,14,8,12,34,21,32,1,31,5,33,26,10,4,6,29,2,17
107;12895;12895;2600;18,25,19,31,14,17,9,2,15,33,27,20,22,28,26,21,10,4,1,8,23,34,6,7,0,12,30,13,3,24,32,5,16,11,29
108;12746;12746;2600;3,20,10,14,31,34,22,32,2,25,29,5,30,6,12,17,27,21,28,9,15,33,7,16,8,23,1,26,11,18,13,19,0,4,24
109;12858;12858;2600;30,25,6,0,19,28,31,15,11,7,14,23,3,27,22,33,5,20,8,34,12,29,10,9,1,4,2,21,26,32,17,18,24,13,16
110;12860;12860;2600;28,23,26,2,4,25,7,32,10,21,17,20,27,0,31,24,12,11,1,33,30,18,22,29,6,5,19,34,16,15,13,8,3,14,9
111;12862;12862;2600;5,13,22,3,27,29,31,20,33,0,21,7,17,1,6,19,2,34,26,8,25,4,9,14,30,15,32,10,18,23,11,12,16,24,28
112;12745;12745;2600;10,26,21,7,9,28,30,25,23,4,11,17,3,19,15,2,0,8,1,24,14,29,12,20,34,18,5,27,16,32,31,22,6,33,13
113;12858;12858;2600;12,4,17,22,10,26,33,7,9,15,28,32,6,24,5,2,30,23,20,3,0,1,19,27,11,29,13,31,14,34,25,8,21,18,16
114;12852;12852;2600;33,20,7,14,10,27,1,3,4,22,2,8,12,32,18,5,15,34,9,26,30,28,21,17,29,13,31,11,6,16,25,23,24,19,0
115;12892;12892;2600;8,26,5,2,18,20,4,15,22,34,1,29,27,6,19,17,32,9,12,31,13,23,21,16,24,33,10,0,25,11,14,28,3,7,30
116;12849;12849;2600;2,10,32,9,17,31,15,14,24,30,8,7,28,4,12,23,0,25,3,1,20,6,29,13,11,26,34,19,27,18,22,5,33,16,21
117;12867;12867;2600;2,0,23,25,9,21,22,20,33,30,18,1,24,13,17,7,3,10,16,11,12,26,27,8,34,14,31,28,6,4,5,29,19,15,32
118;12886;12886;2600;23,13,25,28,19,24,14,26,15,21,8,30,16,11,29,10,2,17,3,33,1,22,0,12,32,7,4,9,20,6,34,27,31,18,5
119;12888;12888;2600;23,7,11,16,13,0,17,18,2,3,15,29,30,24,14,32,21,19,4,26,6,34,20,33,10,12,5,1,9,22,31,8,25,27,28
120;12887;12887;2600;31,9,19,29,13,21,0,32,3,10,34,25,8,17,4,2,24,12,6,5,30,23,14,20,15,1,27,28,11,7,22,33,26,18,16
121;12861;12861;2600;31,20,7,13,3,28,24,17,32,25,4,22,21,10,2,23,9,30,19,12,1,6,33,0,29,26,11,15,8,16,18,14,5,27,34
122;12900;12900;2600;18,10,31,15,2,28,12,4,21,26,1,23,7,32,17,9,33,8,22,0,25,30,19,27,34,16,5,14,13,6,29,3,20,11,24
123;12853;12853;2600;15,1,7,22,27,34,18,12,28,14,29,31,9,6,16,8,5,32,26,13,25,21,0,2,23,17,20,3,24,33,19,4,10,30,11
124;12883;12883;2600;3,32,24,12,7,25,2,22,10,17,31,27,30,4,0,23,21,9,1,26,19,18,13,14,6,8,16,29,15,5,34,33,11,20,28
125;12867;12867;2600;3,21,15,2,24,17,14,7,12,23,5,10,22,9,34,6,27,32,31,1,33,18,0,19,11,26,16,29,4,30,28,8,20,13,25
126;12878;12878;2600;4,7,24,23,5,9,28,22,25,34,6,11,16,10,2,0,30,3,32,12,19,8,1,17,26,21,18,13,29,20,33,27,31,14,15
127;12867;12867;2600;17,31,12,32,6,4,10,26,21,2,11,7,24,15,23,30,25,19,28,3,13,5,16,29,22,18,0,20,34,1,8,14,33,27,9
128;12853;12853;2600;18,1,9,16,32,20,2,10,13,4,15,23,31,19,7,22,33,12,26,28,30,14,3,34,24,17,5,11,27,8,25,29,6,0,21
129;12904;12904;2600;18,22,7,11,32,23,17,24,2,12,28,10,1,21,25,4,26,9,31,0,33,5,34,20,13,15,8,27,29,16,19,6,3,30,14
130;12593;12593;2600;2,14,34,17,20,16,29,24,13,28,19,6,15,3,5,21,7,30,0,11,25,18,10,8,12,23,1,4,22,26,32,33,9,31,27
131;13148;13148;2600;19,33,30,28,16,15,3,21,11,27,14,12,34,22,25,24,20,5,0,26,18,10,17,6,8,23,2,1,31,29,9,32,4,7,13
132;13182;13182;2600;24,28,4,29,17,11,3,12,16,19,2,22,32,25,14,30,21,13,26,20,1,15,6,33,5,18,10,34,8,9,31,0,7,27,23
133;13167;13167;2600;18,17,28,4,27,10,13,8,1,7,9,2,33,32,23,0,12,31,26,21,30,20,11,29,19,15,14,34,24,22,25,16,5,3,6
134;13179;13179;2600;27,11,23,10,30,25,13,24,34,3,4,31,2,8,15,28,17,21,26,0,33,32,9,22,7,5,20,14,6,29,19,16,18,12,1
135;13160;13160;2600;7,2,8,32,0,12,27,3,1,4,30,24,25,33,31,34,18,10,20,9,17,15,13,26,28,29,23,22,16,11,21,6,5,19,14
136;13166;13166;2600;18,32,1,23,25,8,16,0,7,9,33,21,11,19,28,27,10,4,13,31,12,6,22,3,2,20,5,26,34,15,24,29,17,14,30
137;13176;13176;2600;34,15,0,23,7,11,16,32,6,1,12,14,18,27,20,28,22,5,13,33,8,25,26,31,2,29,10,3,30,24,9,4,17,19,21
138;12142;12142;2600;28,19,23,27,30,14,16,20,22,4,24,32,0,11,15,34,5,7,6,12,31,25,29,3,8,2,9,17,33,13,18,10,26,1,21
139;13136;13136;2600;1,22,32,13,7,5,14,33,8,34,27,18,12,6,0,29,20,9,15,31,4,11,28,2,21,16,26,10,24,3,17,23,30,19,25
140;13089;13089;2600;34,29,21,2,14,31,17,24,4,28,32,25,7,1,10,33,20,23,26,0,30,13,11,22,27,9,6,16,12,8,5,18,15,3,19
141;13090;13090;2600;30,28,15,2,14,17,24,25,22,7,21,29,34,31,33,32,3,10,5,6,9,16,27,11,12,19,18,13,4,20,26,23,8,1,0
142;13146;13146;2600;0,18,21,31,23,25,24,19,2,10,33,7,30,17,4,1,28,11,32,8,16,27,29,5,34,22,14,13,3,20,6,9,15,26,12
143;13176;13176;2600;9,25,21,15,24,26,2,32,23,29,1,18,12,13,17,10,7,4,28,33,0,16,30,27,22,8,6,19,5,31,14,3,20,34,11
144;13171;13171;2600;32,16,14,17,15,23,24,26,11,29,19,25,21,33,9,10,2,7,13,0,34,30,18,1,12,22,5,4,3,27,6,8,20,31,28
145;13108;13108;2600;8,18,29,24,32,6,5,22,33,30,34,4,12,1,25,27,7,16,26,3,2,31,21,19,10,23,17,20,13,28,15,0,9,14,11
146;13160;13160;2600;19,29,9,15,14,6,25,5,18,17,31,2,34,21,22,27,16,24,26,3,28,11,13,8,7,23,4,20,1,0,32,30,12,10,33
147;13158;13158;2600;15,28,16,6,11,27,34,30,18,12,20,25,26,24,22,5,29,14,1,8,13,4,2,19,31,21,0,32,9,17,33,23,10,3,7
148;13168;13168;2600;11,0,14,5,4,22,26,29,34,32,17,27,6,12,13,20,16,7,8,1,30,28,9,31,33,21,24,15,23,2,3,25,19,10,18
149;13162;13162;2600;13,0,27,4,30,20,24,14,15,26,11,19,34,3,16,18,22,32,5,6,25,1,23,28,2,7,8,12,29,33,31,21,9,10,17
150;13133;13133;2600;9,25,20,22,3,6,12,29,21,18,13,10,30,28,27,34,5,16,32,24,17,7,19,33,11,2,23,1,4,14,0,31,26,8,15
151;13166;13166;2600;14,4,20,18,8,15,1,34,27,31,6,11,7,28,22,33,5,12,32,19,26,21,2,3,23,29,30,24,25,13,0,16,17,10,9
152;13145;13145;2600;21,2,33,32,34,7,17,31,4,23,12,22,29,10,15,20,27,9,26,3,1,8,13,0,6,14,30,19,16,28,11,18,25,24,5
153;13152;13152;2600;8,33,7,20,18,12,3,34,30,15,27,29,5,28,22,14,6,1,31,19,13,10,24,4,17,23,9,26,32,21,11,25,16,0,2
154;13173;13173;2600;17,8,28,25,7,0,31,3,1,24,2,23,10,4,22,33,21,11,26,13,34,9,29,5,27,14,32,15,30,12,20,18,6,19,16
155;13155;13155;2600;3,31,23,11,13,0,2,19,15,16,10,18,21,1,8,30,4,7,14,9,32,5,12,26,27,34,22,24,6,33,29,28,17,25,20
156;13163;13163;2600;31,28,27,1,24,6,9,21,33,2,4,25,7,32,10,18,17,29,3,8,15,26,19,34,16,14,30,5,22,11,20,13,0,12,23
157;13156;13156;2600;15,27,1,34,28,13,18,16,5,6,33,0,14,8,19,31,9,12,7,22,32,20,29,2,26,11,21,23,17,4,25,30,24,3,10
158;13027;13027;2600;2,20,10,25,34,9,1,4,27,23,17,22,33,0,31,28,24,7,32,12,18,3,21,14,5,13,29,15,16,26,19,11,8,6,30
159;13180;13180;2600;25,6,4,23,18,16,12,31,14,11,27,22,20,28,34,5,19,15,3,30,24,29,9,21,13,1,26,10,33,2,0,17,8,7,32
160;13137;13137;2600;0,33,15,29,2,16,4,9,8,14,34,19,11,17,7,22,6,5,26,21,30,18,13,27,24,23,3,12,10,32,25,28,1,20,31
161;13169;13169;2600;11,17,30,22,15,19,2,3,20,32,26,4,21,7,16,13,33,24,29,8,27,6,5,18,34,25,28,1,9,12,14,31,10,0,23
162;13138;13138;2600;21,33,28,10,1,32,12,34,2,18,15,27,9,25,31,7,4,14,6,5,23,3,8,11,22,24,13,0,30,16,17,29,19,26,20
163;13113;13113;2600;5,26,16,29,22,7,11,27,13,1,6,18,25,33,34,0,19,14,28,8,24,15,4,32,23,3,30,10,12,31,9,2,21,20,17
164;13147;13147;2600;7,17,29,0,24,18,32,31,16,33,2,4,26,12,19,11,21,9,1,14,20,22,13,27,30,3,34,28,5,8,25,6,23,15,10
165;13113;13113;2600;10,29,2,21,24,14,33,1,32,15,28,23,25,4,7,20,17,22,31,26,16,6,34,13,0,27,18,11,12,19,3,30,8,9,5
166;13172;13172;2600;18,0,16,13,24,3,26,29,6,11,32,12,22,5,30,34,20,19,4,14,21,7,31,28,33,8,15,2,25,10,1,17,9,23,27
167;13075;13075;2600;6,17,10,23,14,21,15,29,20,12,7,5,2,9,31,24,22,32,25,26,19,3,16,30,4,27,8,11,34,28,33,0,1,18,13
168;12699;12699;2600;11,16,3,2,18,0,7,15,28,24,29,32,13,23,19,30,1,9,12,26,31,4,22,34,17,10,14,5,21,33,6,20,27,8,25
169;8865;8865;2600;26,17,7,18,8,6,14,9,2,29,13,0,34,5,33,27,1,23,12,32,4,20,16,25,28,11,24,10,21,31,3,30,22,19,15
170;12832;12832;2600;10,1,4,17,18,33,27,28,9,25,32,16,3,24,31,21,7,2,26,23,0,15,22,34,19,6,13,30,11,8,5,14,12,29,20
171;12863;12863;2600;9,11,23,17,16,18,22,13,12,28,7,33,27,29,2,8,0,1,32,4,3,6,34,5,10,24,26,31,20,21,25,15,19,14,30
172;12832;12832;2600;18,26,7,10,25,15,4,9,1,27,30,31,8,32,3,24,33,12,20,28,5,17,23,16,34,19,6,2,0,29,14,21,22,11,13
173;12912;12912;2600;27,13,18,2,4,31,20,24,32,9,19,12,17,10,16,11,3,30,22,25,34,6,21,0,26,5,15,28,29,8,1,23,7,14,33
174;12887;12887;2600;11,26,13,10,2,22,31,3,8,24,19,4,21,29,32,17,30,25,12,0,20,33,27,23,7,9,18,34,1,16,28,6,5,14,15
175;12693;12693;2600;19,20,32,12,10,16,33,30,31,27,4,9,11,8,18,2,7,1,23,22,17,0,34,6,13,21,24,26,14,5,3,28,29,15,25
176;12892;12892;2600;4,31,3,16,33,10,2,7,9,21,11,23,30,17,14,20,1,19,12,32,34,24,8,18,13,0,22,5,25,6,15,29,27,26,28
177;12879;12879;2600;18,17,15,7,26,31,32,11,19,21,23,30,4,9,12,16,1,2,10,3,24,5,29,25,8,27,28,34,0,6,13,14,33,22,20
178;12868;12868;2600;27,12,2,32,18,1,33,7,30,4,11,9,24,16,28,25,31,20,10,3,29,8,13,22,6,0,26,5,34,17,19,23,21,15,14
179;12861;12861;2600;5,32,14,11,33,24,34,6,21,2,28,15,0,4,17,25,30,7,3,8,26,13,31,18,20,1,10,29,23,16,9,12,27,22,19
180;12758;12758;2600;10,34,0,27,23,2,31,29,13,22,5,6,8,4,17,20,21,32,14,26,3,15,25,33,30,11,19,7,12,9,18,16,24,1,28
181;12725;12725;2600;16,18,34,19,27,30,6,10,13,5,31,20,25,23,3,22,14,29,8,26,7,2,0,9,17,11,33,28,32,1,12,4,15,21,24
182;12837;12837;2600;22,6,0,21,2,25,20,5,26,17,29,34,10,23,27,24,30,13,28,14,11,16,15,7,32,4,1,3,19,31,12,18,33,9,8
183;12867;12867;2600;10,3,33,24,27,17,2,19,31,21,25,11,30,28,23,20,12,7,26,34,32,1,4,29,16,8,0,13,15,9,22,14,18,6,5
184;12859;12859;2600;16,10,17,22,15,21,13,23,3,7,2,11,25,31,14,4,20,19,26,1,33,9,18,34,8,5,28,0,12,6,27,32,29,24,30
185;12891;12891;2600;29,19,28,32,33,7,17,20,13,11,15,12,6,30,22,0,4,5,16,8,21,18,10,25,9,2,34,1,27,26,31,24,3,23,14
186;12859;12859;2600;27,8,23,31,24,20,30,10,7,1,15,18,9,4,28,16,25,33,12,32,29,2,0,21,34,17,6,26,13,11,5,3,14,19,22
187;12870;12870;2600;17,19,9,10,12,13,4,2,29,21,26,16,5,11,3,6,32,31,7,33,0,25,22,15,20,34,27,24,1,23,14,8,30,18,28
188;12871;12871;2600;27,22,34,33,18,9,5,7,1,8,12,30,29,23,6,14,31,3,26,20,32,10,19,4,0,15,17,24,16,25,21,13,28,11,2
189;12904;12904;2600;18,28,8,9,14,10,16,2,27,26,17,13,23,25,21,34,24,0,29,6,3,4,19,33,20,7,12,11,32,1,31,22,5,15,30
190;12894;12894;2600;19,9,17,10,18,21,1,2,23,7,16,31,34,14,27,11,13,33,25,4,8,20,30,12,29,24,22,28,6,32,26,5,0,15,3
191;12721;12721;2600;29,4,22,18,33,8,16,10,1,3,7,9,17,23,31,2,11,27,19,26,13,5,12,28,32,6,15,0,20,21,34,30,14,25,24
192;12733;12733;2600;9,3,31,30,28,24,11,17,4,32,0,7,25,10,12,23,1,13,26,2,16,34,27,8,18,19,6,20,15,29,5,14,33,21,22
193;12839;12839;2600;14,26,10,19,3,7,15,21,11,33,23,4,30,25,8,28,16,0,1,31,34,24,32,12,18,27,5,9,13,29,17,6,22,2,20
194;12812;12812;2600;24,7,25,17,10,32,34,4,21,9,2,18,11,33,14,27,30,3,26,31,13,19,29,0,16,12,28,8,23,15,5,20,22,6,1
195;12840;12840;2600;3,29,5,6,21,12,15,23,17,13,14,34,22,20,30,10,19,27,16,26,2,8,33,24,4,0,32,25,9,7,31,11,28,18,1
196;12761;12761;2600;24,30,28,10,17,11,34,5,8,3,32,4,2,12,25,21,23,6,20,14,13,22,33,1,29,31,16,7,18,26,15,0,27,9,19
197;12760;12760;2600;24,14,6,10,29,7,23,2,5,30,21,22,8,15,17,32,34,33,20,26,13,11,28,19,16,4,18,27,12,3,25,0,9,1,31
198;13164;13164;2600;10,32,34,21,4,7,22,23,6,2,3,5,9,25,17,24,31,20,14,15,8,1,18,28,19,33,30,29,12,13,16,11,26,0,27
199;12890;12890;2600;9,29,19,20,13,34,15,31,6,5,22,30,16,18,33,7,28,27,26,14,2,4,0,10,21,23,24,32,3,17,1,8,11,12,25
200;13156;13156;2600;14,29,25,7,24,15,28,3,30,4,2,17,33,10,26,18,9,21,1,8,23,32,11,0,12,13,5,27,16,31,34,20,19,6,22
201;13183;13183;2600;14,31,29,9,16,18,1,13,23,7,28,11,2,19,17,10,15,33,22,26,3,27,0,34,6,32,25,12,5,24,21,20,30,4,8
202;13159;13159;2600;0,21,13,30,19,20,33,3,25,8,16,2,7,4,11,14,17,15,24,28,26,34,32,29,27,22,12,10,1,6,9,23,31,5,18
203;13188;13188;2600;24,16,5,27,6,19,18,9,23,11,22,13,31,34,26,10,30,25,3,20,7,33,15,14,8,12,21,32,1,2,28,29,0,17,4
204;13159;13159;2600;7,17,13,24,21,1,23,4,8,12,32,33,2,19,28,11,26,16,0,30,22,5,14,9,31,25,20,29,27,10,15,3,18,6,34
205;13145;13145;2600;25,29,12,21,2,8,11,7,32,31,19,18,17,23,24,4,10,1,14,9,22,5,28,3,16,27,13,0,15,34,33,6,20,26,30
206;13155;13155;2600;23,21,34,12,9,29,18,27,10,31,24,25,22,17,3,28,6,5,1,8,19,7,14,11,0,33,4,30,32,2,26,13,20,16,15
207;13137;13137;2600;30,17,4,8,28,24,21,7,13,10,0,32,9,23,2,18,11,31,26,12,27,20,19,25,5,15,16,3,33,22,14,1,29,6,34
208;13189;13189;2600;29,31,2,17,33,34,27,26,32,15,21,22,9,20,18,10,23,7,12,14,30,25,24,6,0,28,11,13,19,16,3,5,1,8,4
209;13114;13114;2600;12,5,21,14,17,8,7,31,23,33,34,15,29,19,32,6,1,10,9,2,20,0,26,11,24,22,18,27,16,30,4,25,3,28,13
210;13144;13144;2600;27,2,1,14,7,22,17,21,26,4,8,12,29,5,18,34,32,6,31,33,10,13,15,16,9,0,25,19,3,11,23,24,28,20,30
211;13161;13161;2600;31,2,20,23,12,14,15,28,22,3,21,27,18,34,6,9,10,5,25,24,26,17,19,13,29,1,30,33,8,16,0,11,4,32,7
212;13141;13141;2600;1,27,20,4,13,18,26,15,11,14,8,19,7,23,33,16,31,0,30,28,32,25,29,21,5,10,34,17,2,3,12,6,24,22,9
213;13159;13159;2600;29,19,30,11,2,1,24,23,31,3,8,25,21,17,10,18,0,28,9,16,5,15,33,26,27,7,12,34,14,4,6,32,13,20,22
214;13127;13127;2600;32,12,10,30,17,9,18,5,31,27,34,3,23,2,6,20,14,24,26,21,8,29,11,25,0,16,13,28,33,22,4,19,1,7,15
215;13187;13187;2600;12,4,25,10,24,17,21,14,29,11,20,23,22,3,2,33,30,28,32,26,27,5,16,7,1,34,6,18,15,31,8,0,19,13,9
216;13152;13152;2600;19,15,7,28,13,18,20,1,27,31,11,25,10,0,9,22,16,23,33,24,34,12,17,26,14,4,29,30,8,32,21,3,5,2,6
217;12973;12973;2600;16,33,1,34,7,22,18,15,13,14,26,5,11,19,31,29,20,27,12,6,10,28,3,17,21,25,8,2,23,9,4,32,0,30,24
218;13136;13136;2600;23,16,25,4,12,24,6,30,27,20,5,26,22,11,34,8,32,28,14,15,3,2,31,29,7,17,21,10,9,1,0,19,18,33,13
219;13126;13126;2600;17,25,9,22,2,21,30,27,7,20,10,31,23,18,1,33,3,14,8,26,4,0,12,11,34,29,24,6,16,13,5,28,32,15,19
220;13191;13191;2600;3,29,0,15,21,2,32,10,7,17,16,23,31,24,13,11,9,19,30,20,22,26,5,27,18,6,12,34,28,8,4,14,33,25,1
221;13179;13179;2600;10,18,31,29,7,25,4,9,2,17,21,33,24,8,13,1,23,16,32,12,19,22,26,30,28,15,0,11,14,20,34,27,5,6,3
222;13171;13171;2600;11,7,32,17,31,16,29,13,12,4,25,19,2,30,1,8,0,33,22,20,9,24,23,15,26,28,14,3,5,18,6,34,27,10,21
223;13167;13167;2600;16,23,3,31,11,14,4,6,7,34,2,15,21,33,22,5,17,10,19,26,32,20,8,24,29,13,9,30,12,1,0,27,28,25,18
224;13095;13095;2600;16,2,23,11,21,31,22,27,1,10,18,33,29,19,17,20,9,8,0,13,15,14,4,24,6,7,30,28,25,12,5,32,3,26,34
225;13123;13123;2600;15,31,4,25,24,2,17,10,23,14,20,1,7,8,21,30,9,19,28,3,13,18,26,34,32,16,29,33,11,12,0,27,6,22,5
226;13138;13138;2600;7,2,23,31,26,22,25,28,24,33,10,6,21,9,34,5,0,17,1,14,16,30,27,3,11,8,19,32,18,29,4,12,20,13,15
227;13122;13122;2600;14,33,8,1,17,7,10,23,28,21,18,25,0,26,15,9,4,2,31,19,16,30,6,5,34,20,11,22,13,27,3,12,32,24,29
228;13148;13148;2600;2,21,32,6,4,25,12,5,30,29,17,26,34,24,28,3,8,13,20,33,7,14,23,22,19,16,15,31,0,11,27,1,18,9,10
229;13135;13135;2600;7,9,11,32,19,4,0,31,34,27,23,18,13,5,16,12,6,15,14,26,30,8,17,20,10,22,33,29,21,24,2,25,1,28,3
230;13153;13153;2600;17,28,2,4,1,8,24,3,25,14,7,30,11,33,31,29,10,32,26,21,19,22,13,27,6,0,34,16,15,12,9,5,20,23,18
231;13154;13154;2600;20,3,22,31,5,33,14,6,28,23,16,30,13,18,15,7,19,34,12,27,2,4,11,10,17,21,26,1,9,29,32,0,25,24,8
232;13159;13159;2600;30,25,4,21,23,33,19,16,11,10,9,13,26,24,32,2,17,28,29,8,5,27,20,34,12,31,0,3,18,22,15,1,7,14,6
233;13149;13149;2600;23,9,15,8,16,0,6,5,2,11,29,7,1,13,17,22,4,10,34,26,25,19,21,18,3,28,24,32,31,33,27,20,14,12,30
234;13130;13130;2600;24,13,10,18,15,4,28,7,31,32,0,3,9,19,8,23,11,16,2,1,5,21,30,6,14,22,34,29,17,12,25,20,26,27,33
235;13147;13147;2600;25,30,20,4,24,3,10,32,21,19,9,11,0,12,13,15,16,29,31,26,23,14,22,33,2,18,28,7,8,17,27,1,6,5,34
236;13160;13160;2600;28,32,26,23,24,2,25,21,8,19,17,10,33,7,22,1,4,9,12,15,18,20,27,29,5,11,16,3,0,34,14,31,13,30,6
237;13161;13161;2600;33,28,5,1,18,16,34,3,20,7,6,24,30,9,25,15,14,27,8,31,26,21,22,17,23,13,32,10,4,11,29,0,19,12,2
238;13162;13162;2600;33,11,25,27,24,20,16,30,23,13,31,17,7,21,22,2,15,19,0,28,5,18,3,32,8,12,6,10,9,34,29,14,26,4,1
239;13169;13169;2600;28,23,5,15,34,6,0,31,9,2,27,21,18,25,10,17,13,16,26,12,14,24,3,32,4,8,33,7,22,11,1,19,29,30,20
240;13146;13146;2600;30,27,18,9,29,23,24,4,8,2,17,25,6,10,32,34,5,31,12,28,22,11,13,1,15,7,16,20,19,0,26,33,14,3,21
241;13139;13139;2600;30,25,11,17,31,23,18,12,16,3,7,26,2,13,10,21,4,0,19,9,8,22,32,6,1,24,5,33,28,15,34,14,27,20,29
242;13165;13165;2600;2,4,0,10,3,16,21,12,24,17,32,25,34,11,29,6,9,30,8,13,28,26,1,33,5,18,14,20,31,15,27,19,7,22,23
243;13151;13151;2600;5,6,0,17,2,12,22,15,7,8,21,32,27,29,20,34,14,4,26,25,9,28,19,23,16,24,3,18,10,13,33,30,1,31,11
244;13119;13119;2600;33,7,11,16,28,34,13,19,17,0,15,23,10,8,14,21,2,31,1,26,27,9,5,29,32,12,25,30,6,20,18,3,4,22,24
245;13170;13170;2600;25,24,22,15,23,9,10,18,14,34,5,31,33,28,6,21,27,3,8,26,29,2,1,32,4,16,19,11,12,7,20,30,17,13,0
246;13155;13155;2600;11,22,5,20,16,29,0,7,15,6,27,30,14,24,19,23,33,34,13,25,3,10,18,12,28,9,17,4,26,2,21,32,1,8,31
247;13167;13167;2600;21,22,7,30,2,20,19,33,3,15,18,1,28,10,27,25,31,24,14,23,26,6,4,5,13,8,12,34,17,16,29,32,0,9,11
248;13165;13165;2600;26,1,31,18,33,11,7,10,25,4,0,32,24,9,30,12,8,16,13,3,2,20,17,15,34,28,21,29,5,23,22,14,6,19,27
249;13166;13166;2600;7,0,11,23,1,30,32,17,25,13,18,27,21,24,12,4,16,19,26,20,3,10,2,8,34,33,5,6,31,9,29,22,15,14,28
250;13162;13162;2600;24,19,7,16,10,33,28,14,21,0,17,2,25,3,30,26,23,11,9,20,4,22,8,27,5,34,12,13,6,18,31,15,32,29,1
251;13170;13170;2600;25,11,10,9,21,31,24,2,15,4,34,5,12,28,23,26,6,32,14,33,3,1,30,22,18,8,27,13,20,16,19,7,17,29,0
252;13127;13127;2600;10,16,24,12,23,0,18,33,28,3,26,19,31,30,25,9,32,13,11,4,27,1,2,34,17,21,7,29,5,22,8,6,15,14,20
253;13176;13176;2600;28,2,7,15,17,11,10,31,9,21,8,23,1,29,25,4,14,0,22,33,6,18,5,30,26,19,27,13,3,12,20,16,32,24,34
254;13178;13178;2600;24,5,10,28,17,2,20,16,14,21,34,33,6,23,31,3,30,15,25,22,4,13,8,0,29,18,11,32,26,19,7,12,1,27,9
255;13181;13181;2600;32,22,14,20,13,5,6,34,19,30,27,4,15,29,0,16,18,11,26,7,25,3,8,23,9,2,24,33,31,28,17,1,12,10,21
256;13146;13146;2600;20,17,5,25,27,8,34,16,14,18,6,13,15,19,2,21,26,29,12,22,0,4,7,24,31,3,32,33,1,30,28,11,9,10,23
257;13145;13145;2600;19,20,7,15,16,0,21,22,34,13,10,27,2,17,14,31,5,23,6,26,24,12,29,4,25,3,8,28,9,32,11,30,18,1,33
258;12888;12888;2600;22,31,4,27,17,32,0,13,2,23,7,29,19,16,14,21,11,18,9,10,25,5,12,26,20,34,3,8,30,28,33,24,1,15,6
259;13154;13154;2600;18,11,24,27,5,6,22,12,7,16,19,13,3,20,4,30,32,34,14,9,26,10,28,25,15,17,0,33,8,31,2,23,29,21,1
260;13135;13135;2600;23,27,2,0,24,10,21,20,7,30,17,25,14,1,13,18,33,28,9,31,32,6,34,3,4,5,12,16,22,26,15,29,11,19,8
261;13115;13115;2600;34,9,18,27,2,5,3,8,17,21,6,30,29,22,10,15,20,13,33,1,25,4,14,7,11,19,32,24,31,26,23,16,0,12,28
262;13151;13151;2600;23,0,8,6,17,5,13,16,10,27,29,19,2,34,18,31,21,12,9,26,14,25,11,1,30,15,33,32,20,7,24,3,22,28,4
263;13084;13084;2600;2,12,21,31,32,28,29,4,7,23,24,14,33,25,10,34,15,17,6,5,19,13,0,20,16,18,22,8,26,1,27,11,30,9,3
264;13034;13034;2600;7,16,30,2,11,1,18,33,20,23,9,25,12,32,19,21,24,10,28,0,17,3,4,34,26,31,6,14,15,5,22,8,27,29,13
265;13092;13092;2600;4,10,1,3,11,7,32,9,31,23,21,30,13,24,25,18,17,2,20,26,8,14,28,12,29,0,27,15,22,6,33,16,19,34,5
266;13148;13148;2600;28,3,6,13,24,7,25,23,21,1,32,29,10,2,4,12,33,17,9,26,5,27,22,16,8,34,14,0,11,20,15,18,31,19,30
267;13128;13128;2600;6,20,19,22,16,34,0,26,15,5,4,27,9,18,32,7,11,2,12,33,23,14,30,8,28,10,13,24,29,25,3,17,31,21,1
268;13121;13121;2600;19,16,14,12,20,31,3,27,25,13,11,28,10,18,9,4,30,0,15,26,23,7,1,33,22,8,17,29,21,6,34,5,32,2,24
269;13112;13112;2600;10,11,17,2,16,9,15,8,22,23,7,4,3,13,21,19,26,28,14,0,29,31,18,24,32,34,6,1,12,27,25,5,33,20,30
270;12754;12754;2600;22,15,6,23,2,31,24,5,9,7,28,17,10,33,19,25,0,21,27,34,8,13,1,14,11,32,30,20,18,4,26,12,29,3,16
271;12850;12850;2600;9,7,0,10,28,20,25,30,33,24,32,23,12,27,4,1,18,22,31,8,13,3,17,19,11,29,5,2,16,21,15,14,26,6,34
272;12909;12909;2600;22,34,5,18,27,8,29,16,33,3,28,30,1,13,20,23,26,19,6,14,7,10,11,24,25,17,4,2,9,31,21,12,0,15,32
273;12885;12885;2600;24,25,11,2,8,32,33,28,4,21,26,18,10,17,20,7,23,30,3,12,34,16,13,0,6,31,14,15,22,9,5,1,27,19,29
274;12833;12833;2600;33,4,30,16,32,3,22,28,19,12,20,11,24,9,34,18,13,27,26,25,10,2,23,29,21,0,17,15,14,31,5,6,1,7,8
275;12847;12847;2600;0,32,2,22,15,30,33,7,25,16,4,9,28,19,23,24,14,11,26,20,27,3,17,13,34,5,29,6,31,21,18,1,12,10,8
276;12865;12865;2600;19,4,7,13,24,32,12,29,16,25,18,30,10,21,11,31,9,8,17,2,20,3,1,15,6,33,22,5,14,28,27,34,26,23,0
277;12879;12879;2600;28,25,7,0,10,13,27,4,23,31,19,24,11,32,9,12,1,18,3,33,21,22,14,5,6,34,30,2,29,17,20,15,16,26,8
278;12881;12881;2600;31,29,21,15,10,11,17,34,33,5,22,13,2,27,16,6,18,19,26,14,4,28,25,12,32,8,7,0,20,9,1,3,30,24,23
279;12883;12883;2600;24,32,10,2,27,34,3,17,14,12,29,9,33,18,31,21,20,30,26,15,28,16,7,4,8,19,0,25,22,11,1,23,6,13,5
280;12869;12869;2600;23,31,33,7,9,12,34,15,10,24,2,25,20,14,30,28,17,1,27,18,16,32,13,3,5,29,22,21,19,26,4,6,11,8,0
281;13077;13077;2600;8,0,22,30,23,7,15,5,6,11,3,25,27,34,24,33,28,29,26,13,18,31,10,9,16,17,21,32,14,2,1,19,20,12,4
282;13113;13113;2600;2,4,33,22,14,31,15,32,29,21,7,17,10,23,8,9,1,5,0,26,28,20,24,11,18,25,16,6,3,27,12,13,30,19,34
283;13159;13159;2600;11,4,18,28,19,12,9,0,26,31,32,13,30,1,27,24,25,16,20,33,21,15,23,17,2,10,6,29,7,5,22,34,8,14,3
284;13051;13051;2600;33,16,25,24,2,26,23,28,31,11,12,13,21,0,34,27,17,19,20,30,9,18,10,22,5,15,8,29,3,32,1,6,14,4,7
285;13128;13128;2600;30,16,18,29,13,5,23,28,3,0,34,22,20,6,27,1,19,33,11,12,31,8,2,7,10,24,21,25,15,17,32,9,14,26,4
286;13136;13136;2600;22,29,27,19,14,3,28,16,34,32,0,13,24,18,5,11,6,8,25,12,2,21,1,23,7,4,9,20,10,17,33,26,30,15,31
287;13120;13120;2600;28,7,33,12,32,4,10,19,27,23,11,1,18,30,9,22,20,16,3,0,14,5,29,21,31,24,25,13,6,17,15,8,2,34,26
288;13101;13101;2600;13,10,20,31,12,2,21,24,33,3,17,32,15,1,4,7,29,9,0,26,34,28,18,23,22,11,25,27,5,6,16,30,8,14,19
289;13134;13134;2600;3,5,23,12,6,27,31,29,22,28,24,34,14,30,21,26,10,25,8,20,0,4,18,13,17,11,19,7,1,15,9,33,32,2,16
290;13122;13122;2600;17,21,16,29,3,6,18,31,26,2,13,27,5,4,19,34,25,8,12,32,0,9,7,28,23,14,20,30,33,15,22,11,1,24,10
291;12886;12886;2600;21,6,9,19,31,14,0,2,10,5,29,18,11,17,16,13,1,33,15,8,34,7,20,22,4,3,24,28,30,32,27,23,25,26,12
292;12779;12779;2600;13,2,18,29,9,25,1,17,21,16,28,3,10,14,8,31,15,27,0,26,19,6,34,7,12,23,20,4,30,22,33,32,5,24,11
293;12873;12873;2600;34,30,24,33,26,29,20,14,5,27,19,22,6,7,11,25,0,15,23,28,10,3,1,31,12,8,16,4,13,21,32,2,9,18,17
294;12871;12871;2600;25,28,32,34,24,10,22,17,29,31,26,14,23,21,0,5,6,30,13,12,20,19,11,7,1,3,4,33,16,27,2,8,15,9,18
295;12696;12696;2600;9,1,21,10,34,17,29,32,22,0,5,31,7,2,4,6,11,19,15,14,33,25,18,30,12,13,23,20,28,8,26,24,27,16,3
296;12629;12629;2600;23,10,24,26,17,32,2,34,16,4,25,29,31,21,27,0,11,9,13,12,3,22,7,15,18,20,19,6,30,5,33,8,28,1,14
297;12821;12821;2600;28,34,2,18,0,32,4,10,24,11,9,20,16,27,19,12,31,23,30,25,3,1,8,6,14,15,21,5,29,22,13,17,7,33,26
298;12754;12754;2600;13,14,32,31,0,4,1,9,3,11,7,16,17,23,10,19,25,2,26,21,12,22,24,28,18,5,34,30,6,20,33,27,8,29,15
299;12877;12877;2600;31,2,0,23,19,21,11,3,29,10,18,22,13,7,9,16,15,17,28,30,4,26,33,1,8,34,27,25,24,20,32,14,5,6,12
300;12872;12872;2600;32,12,9,11,27,17,2,28,29,10,25,16,21,18,23,33,19,31,20,26,14,34,1,0,8,4,6,13,3,7,15,5,22,24,30
301;12868;12868;2600;7,9,8,10,4,0,17,13,24,11,22,1,29,3,30,32,2,21,33,26,19,15,34,23,6,14,31,25,16,5,12,27,18,28,20
302;12832;12832;2600;22,0,20,30,6,29,15,23,11,13,5,34,19,28,18,16,12,24,33,14,10,27,9,1,26,7,21,3,31,32,4,8,17,25,2
303;12693;12693;2600;33,6,20,19,7,29,18,31,13,1,4,5,27,0,11,15,8,22,12,26,23,10,16,28,2,21,24,14,9,3,25,30,17,32,34
304;12817;12817;2600;12,6,32,34,21,31,24,5,14,4,25,19,10,22,9,20,11,27,33,26,30,28,16,1,15,18,3,29,17,13,0,8,2,23,7
305;12805;12805;2600;19,11,21,1,6,13,33,16,17,28,18,5,27,31,22,15,34,14,9,26,12,30,0,23,4,25,8,2,20,29,32,3,10,7,24
306;12867;12867;2600;11,25,0,31,24,1,9,2,7,19,17,8,10,27,21,4,18,33,23,16,13,30,34,22,32,26,6,3,15,20,5,14,28,12,29
307;12872;12872;2600;3,0,30,19,20,15,32,4,14,5,24,11,22,25,27,34,12,16,26,28,6,7,29,1,13,17,31,18,2,21,9,8,33,10,23
308;12692;12692;2600;30,31,12,1,28,23,11,19,24,9,3,7,4,32,10,25,27,22,26,0,33,2,5,21,17,8,6,29,18,34,13,20,16,14,15
309;12842;12842;2600;9,14,1,3,8,10,18,21,33,26,34,4,31,25,2,27,17,22,6,5,0,23,30,28,32,29,7,24,11,15,12,16,19,20,13
310;12839;12839;2600;18,14,33,1,30,17,10,9,20,21,15,31,12,22,2,7,32,4,0,26,28,23,13,24,11,19,5,25,29,3,16,27,6,34,8
311;12871;12871;2600;30,0,28,13,19,6,3,29,16,34,33,11,15,5,23,25,17,24,26,8,4,21,14,1,12,18,7,20,22,31,2,27,10,9,32
312;12852;12852;2600;13,22,2,8,25,0,29,32,33,18,20,27,7,11,4,16,19,26,1,12,6,15,34,14,28,9,23,21,5,3,17,10,31,30,24
313;12860;12860;2600;16,19,1,30,6,3,5,33,12,8,13,34,7,17,11,31,29,22,26,0,14,24,21,28,9,4,2,23,10,15,32,25,20,27,18
314;12882;12882;2600;3,30,14,33,10,2,21,25,15,19,4,7,28,0,20,11,17,24,31,8,29,32,16,12,27,26,13,9,34,23,22,6,1,5,18
315;12825;12825;2600;30,24,23,11,10,32,19,20,17,13,2,33,21,29,4,31,7,3,26,12,34,1,0,28,8,25,6,5,22,15,16,18,14,9,27
316;12890;12890;2600;8,20,15,5,14,34,3,9,29,1,30,25,24,33,2,21,17,22,26,6,7,13,18,16,31,28,32,27,4,10,11,23,12,0,19
317;13117;13117;2600;6,23,22,30,27,21,34,28,2,5,3,1,20,13,17,25,31,10,8,26,0,24,9,14,29,4,15,18,16,19,33,32,7,11,12
318;13144;13144;2600;10,2,1,19,18,9,4,20,22,32,31,33,27,0,8,7,23,25,12,26,30,29,11,6,3,34,16,5,15,24,21,17,28,14,13
319;13148;13148;2600;5,16,14,22,27,4,26,34,29,6,20,33,32,30,11,19,18,3,31,1,23,8,12,21,25,15,28,2,17,24,0,7,10,9,13
320;13157;13157;2600;19,14,1,21,31,10,29,4,27,25,33,8,15,17,23,7,2,34,9,26,22,30,16,20,28,12,6,13,0,5,18,11,3,32,24
321;13072;13072;2600;15,13,17,27,23,20,21,6,34,5,11,14,8,19,22,2,16,29,26,0,18,10,31,30,4,12,33,7,28,24,32,3,25,1,9
322;13174;13174;2600;4,13,21,25,8,17,10,0,24,9,23,32,1,18,11,14,2,16,31,12,26,22,28,6,19,27,34,5,30,15,3,7,33,20,29
323;13123;13123;2600;25,19,22,7,31,33,2,23,34,24,1,18,5,15,6,10,27,28,8,9,13,0,32,16,11,14,29,4,3,26,21,12,20,30,17
324;13159;13159;2600;9,33,17,10,3,31,16,13,21,11,2,7,19,29,23,0,32,25,8,26,4,34,24,22,6,12,1,27,15,14,20,5,30,28,18
325;13102;13102;2600;23,21,27,32,28,29,4,16,9,24,17,10,30,34,2,18,19,25,26,31,3,12,14,22,1,7,20,0,5,33,13,15,6,11,8
326;13159;13159;2600;18,23,25,10,28,8,4,17,2,24,16,1,13,21,0,33,7,32,12,26,30,31,15,20,5,9,11,3,29,14,6,19,22,27,34
327;13157;13157;2600;7,29,3,8,4,21,2,12,11,6,13,17,1,33,32,16,22,20,0,26,27,31,23,34,24,14,9,10,28,25,18,30,5,15,19
328;12849;12849;2600;10,13,32,16,9,11,30,31,12,23,17,28,14,0,2,19,4,21,25,20,18,6,33,3,5,29,1,27,34,7,22,24,8,26,15
329;12872;12872;2600;17,5,34,14,22,12,31,27,21,29,24,25,15,19,32,6,13,2,26,3,20,4,10,11,33,9,8,7,1,23,16,28,0,18,30
330;11560;11560;2600;5,6,29,11,19,34,12,7,26,16,18,30,20,27,22,13,1,8,3,0,28,17,9,32,23,4,21,14,10,2,15,33,25,24,31
331;13102;13102;2600;29,27,3,30,13,6,10,17,5,23,32,24,21,31,4,20,2,12,8,25,1,15,34,18,19,22,16,11,7,28,0,14,26,9,33
332;13138;13138;2600;18,17,4,32,2,34,19,27,5,12,22,7,13,15,6,0,21,29,14,11,8,3,16,28,1,30,23,25,24,9,10,31,26,20,33
333;12860;12860;2600;0,13,30,9,24,10,21,8,33,2,4,31,29,1,17,11,25,26,19,16,3,14,34,32,5,20,15,23,6,7,28,12,27,22,18
334;12827;12827;2600;34,5,7,17,25,6,22,2,20,10,24,14,28,0,21,29,23,15,19,26,9,33,18,8,30,32,3,31,27,11,12,1,13,4,16
335;13084;13084;2600;17,34,0,23,2,11,33,30,20,15,32,21,28,13,24,4,19,14,16,26,9,29,12,27,3,7,8,1,6,22,18,5,31,25,10
336;13115;13115;2600;23,17,29,26,10,15,4,25,21,7,12,32,9,0,2,28,24,31,33,19,11,20,16,18,1,14,6,22,5,30,27,8,3,13,34
337;13099;13099;2600;21,32,29,14,4,6,16,2,23,1,8,17,33,7,18,22,9,13,10,26,15,11,20,24,28,27,5,0,30,34,3,25,31,12,19
338;13033;13033;2600;7,2,4,32,11,28,10,15,21,9,17,24,23,19,25,0,1,14,31,29,20,13,27,26,30,34,5,22,33,6,3,16,12,18,8
339;13143;13143;2600;24,27,25,31,17,2,19,30,11,9,16,23,29,3,20,18,13,10,8,1,15,22,32,7,28,14,0,4,6,33,34,26,12,21,5
340;13166;13166;2600;33,30,6,22,5,1,12,28,7,23,3,32,10,25,27,18,24,4,20,9,31,16,13,21,19,29,14,0,26,17,2,15,34,11,8
341;13130;13130;2600;22,32,33,31,4,28,12,17,1,29,34,5,7,20,6,27,3,8,13,0,25,11,23,24,21,26,30,10,9,18,2,15,16,14,19
342;13156;13156;2600;14,25,17,8,21,2,29,31,1,3,32,15,7,23,30,26,24,10,12,4,16,33,34,18,20,28,27,13,11,0,19,22,5,9,6
343;13181;13181;2600;24,11,21,14,4,22,32,9,1,19,2,10,33,31,17,8,25,18,12,26,16,7,5,28,20,23,30,27,15,29,6,3,0,34,13
344;13160;13160;2600;3,23,11,24,9,17,28,1,4,30,31,14,7,33,2,32,10,8,20,12,22,15,16,6,13,21,0,26,34,18,29,27,19,5,25
345;13156;13156;2600;27,2,31,33,6,34,30,14,5,21,28,22,19,18,15,20,7,23,9,26,0,16,12,1,8,4,13,29,25,17,10,24,32,11,3
346;13154;13154;2600;1,22,16,11,4,18,10,32,9,14,12,7,31,19,2,8,23,3,15,26,29,33,0,21,24,34,28,27,13,30,25,17,20,6,5
347;13141;13141;2600;19,31,11,18,13,9,29,4,26,22,2,16,1,10,7,8,17,21,0,25,23,30,33,6,20,5,12,32,28,24,14,27,3,34,15
348;13127;13127;2600;18,15,6,1,28,33,27,10,14,29,32,22,34,20,4,12,31,5,8,26,17,9,2,25,23,19,21,3,0,24,30,13,11,16,7
349;13121;13121;2600;29,2,28,34,17,14,16,13,25,21,24,5,27,26,11,0,19,6,8,1,15,4,18,30,7,10,33,22,12,23,20,9,3,32,31
350;13168;13168;2602;17,21,22,24,1,4,19,32,33,14,12,20,16,7,15,26,11,2,13,0,25,27,9,28,34,30,3,6,10,5,29,18,31,23,8
351;13159;13159;2600;25,20,0,1,29,4,8,13,24,18,11,27,30,33,9,16,19,22,12,3,15,10,31,23,5,32,26,21,2,28,7,6,14,34,17
352;13161;13161;2600;16,2,18,10,20,4,8,9,13,17,30,33,22,29,11,7,1,21,0,26,23,34,28,32,19,15,12,5,14,24,25,6,27,31,3
353;13156;13156;2600;12,10,18,7,19,2,16,24,21,9,32,0,11,17,4,31,27,3,14,13,33,22,29,23,1,15,28,30,26,20,25,8,6,5,34
354;13170;13170;2600;13,30,34,17,7,5,0,23,29,33,15,6,14,2,24,3,22,28,31,26,10,18,21,25,8,16,11,4,19,9,12,20,32,27,1
355;13184;13184;2600;28,2,14,11,9,4,24,17,23,21,32,25,15,31,7,18,27,10,20,26,3,29,6,34,0,16,30,22,8,1,33,5,12,19,13
356;13179;13179;2600;11,29,28,30,15,13,8,24,22,16,5,17,6,4,19,3,0,32,14,12,18,31,20,9,1,23,34,25,2,7,27,10,33,26,21
357;13155;13155;2600;32,31,4,28,16,0,18,19,34,27,13,25,11,8,26,29,24,12,3,30,17,1,5,14,6,23,33,22,7,15,21,10,20,9,2
358;13169;13169;2600;14,13,22,3,30,28,10,34,27,31,24,17,23,20,0,25,2,21,15,33,1,11,8,16,4,12,29,19,5,32,26,18,7,6,9
359;13152;13152;2600;9,17,0,4,2,33,23,11,24,21,13,19,16,28,25,7,5,10,3,26,8,31,30,34,12,29,20,32,1,6,14,18,15,22,27
360;13167;13167;2600;28,13,18,1,24,10,25,7,2,29,17,20,32,8,31,21,33,9,26,12,22,0,16,15,23,3,30,19,6,11,27,4,34,5,14
361;13152;13152;2600;9,16,24,18,10,31,30,19,21,32,8,13,1,2,17,33,25,3,29,26,15,14,0,20,6,27,22,7,12,28,23,11,5,4,34
362;13170;13170;2600;21,33,10,22,7,3,32,24,17,15,28,2,29,31,4,30,23,9,26,0,11,13,16,27,18,6,25,5,12,19,34,20,14,8,1
363;13141;13141;2600;19,13,32,30,3,16,18,26,8,7,17,4,9,29,14,1,21,11,0,12,22,24,33,5,27,2,23,6,15,25,34,28,20,10,31
364;13173;13173;2600;18,24,12,29,22,16,15,14,13,3,5,11,20,34,30,0,27,6,32,19,31,9,25,28,10,4,1,33,26,17,8,21,2,7,23
365;13126;13126;2600;6,5,1,32,16,20,14,34,22,18,15,17,23,27,8,31,28,29,12,26,3,2,25,30,19,10,4,0,11,7,13,21,33,9,24
366;13152;13152;2600;2,7,21,3,10,11,31,25,15,17,24,16,9,1,30,18,32,19,33,4,0,6,22,14,23,34,13,28,5,26,12,27,20,8,29
367;13077;13077;2600;21,22,28,7,1,24,32,25,10,15,33,12,23,2,14,31,17,0,30,20,4,34,5,9,8,3,16,13,29,6,26,18,11,27,19
368;13123;13123;2600;29,18,24,4,27,17,28,25,10,15,14,11,12,21,9,2,32,7,26,31,6,30,0,34,5,1,22,8,20,13,19,3,23,16,33
369;13159;13159;2600;26,8,2,14,18,25,24,17,32,31,7,1,16,21,4,33,29,19,12,9,20,13,11,22,3,23,30,28,6,0,10,15,34,27,5
370;13149;13149;2600;5,0,6,3,34,11,18,28,29,15,13,22,19,9,14,30,16,20,8,4,1,24,26,21,31,2,12,32,25,33,10,23,7,17,27
371;13164;13164;2600;11,16,29,7,32,8,4,17,18,19,14,31,2,24,9,21,1,10,22,12,20,23,30,15,33,0,27,13,34,3,26,28,5,25,6
372;13184;13184;2600;24,28,1,31,8,25,14,33,5,6,34,15,19,20,21,30,27,3,32,12,13,29,10,16,2,7,18,4,0,17,9,22,23,11,26
373;13167;13167;2600;15,17,13,10,16,11,4,19,21,2,1,29,18,27,22,14,8,9,32,12,26,33,6,3,28,34,30,31,5,24,20,23,7,0,25
374;13163;13163;2600;7,4,27,29,21,6,9,32,5,34,14,2,3,10,15,22,12,8,26,33,19,30,13,31,28,17,16,24,20,11,0,25,23,18,1
375;13179;13179;2600;0,27,4,34,33,29,17,9,7,18,32,6,11,5,1,8,22,25,13,16,31,10,3,28,2,23,19,15,14,30,20,12,26,24,21
376;13121;13121;2600;0,28,19,32,15,30,25,26,10,21,7,23,11,4,24,2,9,17,14,8,29,1,13,34,6,5,16,3,20,12,18,27,22,33,31
377;13110;13110;2600;21,26,5,17,14,25,34,23,31,32,24,29,22,4,6,2,10,9,27,8,15,19,33,0,11,3,30,28,16,1,13,20,18,12,7
378;12987;12987;2600;28,4,21,9,14,15,5,27,6,8,10,25,2,23,22,24,34,3,26,31,13,30,0,7,33,29,12,18,11,1,17,20,16,32,19
379;13151;13151;2600;2,16,22,27,21,20,6,19,13,18,8,14,17,7,29,15,34,5,28,30,24,0,31,23,32,26,10,33,9,12,3,4,25,11,1
380;11508;11508;2600;22,24,9,17,15,27,5,33,21,1,28,23,14,34,10,18,2,31,12,26,32,29,6,30,0,3,19,25,20,4,7,11,16,8,13
381;13151;13151;2600;25,24,26,4,10,18,14,31,21,17,16,2,8,28,30,20,3,9,11,19,27,34,22,29,5,7,6,15,32,1,33,13,12,0,23
382;13139;13139;2600;8,23,16,21,18,4,13,31,9,3,29,2,34,19,17,6,5,10,26,12,20,7,22,0,24,28,32,30,33,25,27,15,1,11,14
383;13158;13158;2600;8,10,23,18,2,12,32,9,11,13,29,21,16,28,25,17,31,4,19,3,34,6,30,5,0,22,15,7,1,14,20,33,24,27,26
384;13130;13130;2600;30,2,20,14,34,15,1,26,29,5,23,17,21,33,4,6,7,28,8,22,10,19,25,27,32,3,31,9,13,12,24,16,0,18,11
385;13156;13156;2600;10,31,6,29,15,2,30,32,20,17,5,14,4,21,22,34,3,28,23,8,9,24,16,12,7,26,11,0,19,18,13,1,33,27,25
386;13140;13140;2600;26,17,14,13,0,29,16,21,8,12,32,34,4,7,2,15,18,11,9,33,20,28,25,27,19,24,22,6,31,3,30,5,10,23,1
387;13133;13133;2600;8,4,20,29,6,5,11,15,24,25,22,14,21,12,2,7,17,32,26,0,33,34,31,13,3,23,16,9,27,10,30,28,19,1,18
388;13156;13156;2600;13,19,9,8,27,2,17,32,16,18,10,4,3,29,7,11,25,31,0,23,34,15,1,24,28,21,20,12,14,30,26,33,5,22,6
389;12824;12824;2600;18,4,13,31,3,0,2,9,19,20,10,17,30,11,33,21,7,15,12,32,25,26,1,6,5,28,27,14,23,22,8,34,24,16,29
390;13140;13140;2600;30,27,3,32,6,2,29,21,12,10,31,34,17,28,14,5,23,4,33,26,18,16,8,13,22,20,15,1,24,19,9,25,11,0,7
391;13157;13157;2600;1,28,18,34,27,31,12,26,20,25,23,14,21,8,10,22,29,17,6,5,19,2,16,4,0,24,7,13,30,32,11,3,33,9,15
392;13150;13150;2600;25,10,19,20,23,21,32,16,17,24,7,28,4,30,9,22,2,12,26,31,0,18,34,6,15,5,8,11,3,14,29,13,33,27,1
393;13088;13088;2600;20,2,31,32,29,24,9,19,18,23,4,30,21,17,27,10,8,3,26,12,5,15,7,25,6,13,34,1,22,28,16,0,14,11,33
394;13070;13070;2600;14,27,22,9,23,34,7,4,8,5,28,20,33,32,24,25,1,6,15,26,12,0,29,3,13,16,17,11,31,18,19,21,2,30,10
395;13133;13133;2600;25,0,18,11,22,9,19,34,13,20,14,23,28,27,7,29,10,16,3,30,5,1,17,4,6,12,32,2,8,26,15,33,21,31,24
396;13153;13153;2600;10,21,19,24,0,2,13,33,29,30,31,7,9,4,32,12,17,1,26,11,5,34,14,23,22,6,15,25,28,16,18,27,8,20,3
397;13139;13139;2600;10,11,12,3,30,8,18,4,22,7,32,20,31,27,24,19,9,2,0,26,33,6,13,1,21,28,14,23,5,34,29,15,17,16,25
398;12933;12933;2600;21,2,27,16,19,7,15,9,11,17,31,20,0,18,10,14,13,25,3,26,28,6,34,8,5,23,22,29,33,30,12,24,4,32,1
399;13146;13146;2600;20,16,14,5,27,19,22,18,24,32,6,0,11,25,29,7,34,15,12,31,33,26,4,28,3,30,23,1,17,9,2,10,8,13,21
400;13165;13165;2600;18,0,16,8,2,23,19,9,33,12,7,3,1,4,15,10,13,11,26,14,34,28,21,32,20,5,22,30,31,6,17,27,29,25,24
401;13114;13114;2600;8,2,4,22,1,6,34,15,14,5,11,0,12,32,17,7,29,27,19,16,23,3,9,26,31,28,20,13,30,21,25,10,33,18,24
402;13163;13163;2600;7,8,16,26,11,1,18,32,0,13,17,10,22,4,9,2,19,12,31,33,34,23,29,27,3,24,21,5,6,30,25,14,15,20,28
403;13057;13057;2600;2,25,30,3,24,1,21,6,34,14,33,22,27,10,17,5,29,8,20,26,4,28,19,12,9,11,13,0,15,31,23,18,32,16,7
404;13064;13064;2600;26,15,2,10,24,9,6,17,14,5,13,21,7,25,28,3,34,0,27,31,22,4,33,19,1,8,20,32,16,29,30,11,23,18,12
405;13163;13163;2600;5,24,3,10,34,25,14,31,22,18,27,33,8,9,20,23,30,21,15,28,2,13,7,32,29,17,6,26,4,16,19,11,1,0,12
406;13135;13135;2600;10,5,22,7,25,34,26,33,23,20,14,9,21,2,28,24,30,15,8,27,19,11,3,16,17,6,4,29,1,32,18,0,12,31,13
407;13144;13144;2600;22,7,12,9,20,0,5,32,6,15,4,27,30,34,13,18,11,16,26,3,33,10,23,21,17,19,24,1,31,28,8,14,29,2,25
408;13174;13174;2600;1,14,2,32,10,21,4,7,18,34,6,17,33,20,29,31,22,27,12,26,24,25,19,15,9,30,3,5,8,0,11,28,13,23,16
409;13135;13135;2600;27,17,2,1,15,20,14,10,18,13,9,4,7,21,8,34,31,29,12,26,28,16,25,0,30,5,19,6,24,23,3,11,32,33,22
410;13148;13148;2600;5,22,18,9,23,26,31,19,10,34,21,15,1,14,3,2,7,20,8,6,16,30,33,11,13,17,0,28,25,4,27,29,12,32,24
411;13175;13175;2600;33,8,27,16,7,19,1,5,21,18,14,2,34,22,26,9,15,6,31,20,30,24,23,17,12,28,0,3,32,4,13,25,29,11,10
412;13127;13127;2600;13,30,11,21,17,4,3,23,10,32,20,16,24,2,26,25,14,19,31,28,27,6,29,15,5,0,18,9,12,1,8,33,22,34,7
413;13133;13133;2600;32,24,10,29,2,23,4,27,18,33,1,28,14,21,9,7,25,31,12,26,15,34,16,19,11,0,6,13,22,5,8,20,3,30,17
414;13159;13159;2600;11,16,17,10,1,31,9,0,23,15,7,18,2,3,30,28,29,13,4,19,27,22,12,8,34,24,20,6,32,21,26,25,14,33,5
415;13143;13143;2600;32,24,3,15,2,26,25,0,9,28,8,30,1,33,21,4,7,10,19,31,14,27,22,20,34,17,5,29,11,16,13,12,18,6,23
416;13136;13136;2600;3,20,28,14,32,5,8,12,25,27,22,24,23,1,6,15,34,18,30,33,19,10,21,16,0,17,13,9,7,26,2,4,29,31,11
417;13167;13167;2600;9,2,29,6,8,17,3,18,34,5,1,10,27,14,23,32,4,11,31,12,13,26,33,0,28,25,24,30,20,16,15,21,7,22,19
418;13147;13147;2600;2,17,33,8,31,19,0,32,26,1,4,7,29,10,12,11,16,15,3,13,23,27,9,18,25,28,14,5,22,21,30,20,6,34,24
419;13158;13158;2600;2,19,5,23,14,10,6,15,0,13,16,29,30,17,7,11,28,21,33,26,24,31,32,25,34,8,18,20,4,3,27,22,12,9,1
420;13164;13164;2600;4,8,0,25,32,15,29,14,1,23,21,12,2,10,28,24,26,17,20,33,3,34,22,11,16,7,18,19,5,27,31,13,30,6,9
421;13156;13156;2600;30,15,33,6,10,28,7,1,32,22,23,34,29,4,5,24,12,27,3,26,0,13,18,21,14,16,2,31,20,9,17,8,19,25,11
422;13143;13143;2600;27,13,25,11,2,16,9,34,10,18,31,21,0,19,17,22,5,7,14,26,1,15,3,33,20,12,28,24,29,30,23,6,8,4,32
423;13162;13162;2600;21,17,1,9,33,10,7,25,19,18,3,31,30,27,24,26,8,2,13,16,4,28,29,22,23,32,6,20,11,15,14,12,5,34,0
424;13193;13193;2600;13,17,2,24,21,0,9,10,30,7,23,16,3,34,4,14,11,18,19,26,5,1,22,8,29,20,6,31,28,27,12,25,32,15,33
425;13138;13138;2600;7,13,3,9,10,21,14,1,2,17,15,8,28,16,23,0,18,33,26,27,12,6,31,30,32,22,20,25,5,19,11,34,4,29,24
426;13157;13157;2601;1,18,10,26,9,23,13,25,4,11,22,27,7,29,16,31,32,19,8,12,24,28,17,21,3,14,2,34,15,30,6,20,5,33,0
427;13155;13155;2600;25,16,2,22,33,17,19,9,23,10,31,1,0,18,7,11,13,27,8,12,21,34,28,20,32,3,4,29,5,15,30,6,24,26,14
428;13150;13150;2600;18,34,23,27,7,6,13,15,16,17,29,1,20,10,9,22,5,2,0,26,25,30,19,11,12,28,4,21,33,31,3,14,32,24,8
429;12751;12751;2600;16,7,17,3,5,25,2,13,28,19,15,21,24,30,14,6,0,34,33,26,20,32,1,8,31,11,27,10,9,18,4,22,29,12,23
430;12874;12874;2600;13,23,26,11,21,32,15,29,12,17,14,10,16,18,8,1,9,19,4,2,30,25,31,20,27,24,28,34,33,7,0,22,3,6,5
431;12841;12841;2600;28,17,31,2,4,9,7,10,25,33,8,15,23,14,21,32,3,19,26,12,29,6,11,22,5,13,20,24,1,30,0,34,27,18,16
432;12885;12885;2600;0,9,4,21,16,2,25,27,33,11,18,17,13,31,10,22,8,1,28,26,23,12,29,5,34,7,19,32,6,20,24,14,30,15,3
433;12888;12888;2600;24,19,3,1,13,33,11,2,23,21,31,29,15,16,7,0,10,17,26,14,8,32,5,28,30,18,34,27,6,12,25,20,22,9,4
434;12666;12666;2600;5,22,32,17,13,19,0,27,16,1,29,34,11,8,12,7,33,4,15,31,9,30,20,26,3,25,21,2,23,24,10,14,28,18,6
435;12755;12755;2600;17,31,26,11,28,9,23,21,4,1,0,24,2,13,18,32,10,29,8,12,15,5,25,14,3,6,22,27,33,20,16,7,19,34,30
436;12861;12861;2600;7,11,18,33,15,22,0,34,8,31,27,19,4,1,14,12,16,5,26,32,30,2,9,6,17,10,28,25,20,13,24,23,29,21,3
437;12734;12734;2600;4,28,5,15,13,0,6,23,8,14,29,34,7,2,22,21,17,33,9,10,19,25,12,26,30,20,11,3,27,16,32,1,18,31,24
438;12833;12833;2600;29,4,22,33,8,17,23,11,32,10,9,2,1,7,14,21,16,31,20,13,12,30,0,5,34,18,15,6,26,19,28,27,24,3,25
439;12876;12876;2600;28,17,29,20,21,32,9,30,4,10,2,6,24,3,7,25,22,12,5,34,14,16,8,26,33,0,1,27,15,23,31,11,13,19,18
440;12900;12900;2600;20,4,9,33,3,2,15,32,17,28,30,29,6,21,7,8,23,10,25,24,12,26,13,18,16,5,0,19,22,31,1,14,27,11,34
441;12884;12884;2600;6,26,22,13,12,17,0,1,29,32,10,5,2,21,31,34,27,4,23,8,30,9,24,3,15,18,7,33,11,28,25,20,14,19,16
442;12895;12895;2600;28,27,6,12,5,31,10,19,18,20,29,16,22,1,23,8,34,3,15,14,32,25,9,11,33,4,17,7,24,2,13,30,26,21,0
443;12857;12857;2600;28,6,18,16,0,5,26,24,14,7,34,13,11,22,19,30,27,23,3,20,15,2,9,21,32,29,25,10,1,17,33,31,12,4,8
444;12878;12878;2600;31,15,33,18,26,11,1,22,0,27,7,34,5,16,20,12,19,13,3,8,32,21,4,23,9,30,10,17,24,28,6,29,2,25,14
445;12736;12736;2600;34,30,4,24,28,5,13,10,3,32,7,25,0,6,15,23,22,20,9,26,11,29,18,19,16,27,14,21,1,12,17,31,33,2,8
446;13162;13162;2600;2,16,13,34,19,17,0,15,30,3,14,24,11,10,1,31,4,21,25,26,12,5,28,32,33,27,23,6,20,18,7,9,8,22,29
447;13150;13150;2600;27,19,10,2,16,25,21,4,9,23,3,30,18,24,34,28,31,15,11,14,1,32,6,7,0,22,5,12,17,13,8,29,20,26,33
448;13165;13165;2600;10,0,28,24,30,31,2,23,8,32,13,19,29,21,11,4,17,12,9,26,6,27,25,22,18,14,34,33,16,1,15,5,20,3,7
449;13170;13170;2600;33,25,32,7,34,15,8,24,30,29,27,22,5,31,4,6,1,12,26,14,0,10,20,9,16,2,23,3,28,18,11,13,17,21,19
450;13150;13150;2600;16,27,11,32,7,25,28,4,5,29,6,19,13,24,18,34,0,9,22,15,3,1,23,31,10,14,12,20,33,17,8,2,30,26,21
451;13151;13151;2600;8,22,4,23,13,7,18,19,28,11,3,30,9,2,16,10,0,1,24,25,17,29,26,31,32,6,5,14,27,21,20,12,33,15,34
452;13115;13115;2600;24,30,25,19,13,10,2,6,12,31,11,9,17,29,5,21,16,3,0,26,20,23,27,28,7,22,14,8,33,15,1,34,4,18,32
453;13167;13167;2600;13,24,12,19,21,30,4,11,17,10,2,16,8,3,1,0,18,28,26,31,27,22,29,6,14,7,33,5,34,23,25,9,20,32,15
454;13167;13167;2600;5,15,21,17,13,14,33,10,25,23,2,26,31,34,7,22,28,27,12,32,4,29,0,8,11,30,6,24,1,16,3,18,9,19,20
455;13114;13114;2600;7,15,2,30,13,17,23,24,32,19,3,21,4,10,31,29,16,28,20,26,25,9,0,8,11,27,34,14,12,6,18,1,5,22,33
456;13173;13173;2600;23,17,2,14,20,24,21,6,22,9,28,30,25,5,34,27,10,32,26,29,11,19,13,1,4,0,31,12,8,33,7,16,3,18,15
457;13161;13161;2600;16,34,0,11,19,27,4,25,18,20,5,28,15,14,13,22,23,7,1,8,32,29,21,30,31,6,26,3,12,9,10,17,33,24,2
458;13178;13178;2600;24,27,21,2,26,25,4,29,9,8,17,22,12,0,10,34,32,18,20,31,30,33,28,6,1,15,5,23,13,19,7,3,11,14,16
459;13170;13170;2600;12,21,5,22,14,10,15,32,6,24,23,34,2,17,27,8,31,29,4,28,9,0,25,18,3,26,1,11,13,33,30,20,16,7,19
460;13153;13153;2600;2,4,23,33,19,17,21,28,11,1,0,7,13,8,31,14,9,18,16,26,20,22,6,24,15,3,25,5,30,27,10,29,32,12,34
461;13177;13177;2600;7,10,26,8,21,14,34,22,29,9,15,17,25,2,1,5,33,23,3,31,28,11,6,18,13,4,27,12,16,19,0,32,30,20,24
462;13161;13161;2600;18,13,15,8,31,27,29,19,33,23,16,22,10,1,5,9,34,3,6,26,17,28,24,4,12,20,32,2,11,21,25,0,7,14,30
463;13157;13157;2600;25,20,11,30,13,2,0,17,32,10,19,28,24,26,16,29,4,23,3,8,27,22,33,31,5,9,12,6,14,21,18,15,7,1,34
464;13177;13177;2600;25,33,28,16,20,10,30,23,7,18,9,3,19,15,11,27,0,2,1,31,34,8,17,4,12,13,26,6,22,29,5,24,21,14,32
465;13099;13099;2600;11,4,32,30,27,8,10,2,12,1,16,31,18,25,19,9,20,0,13,3,21,5,6,34,33,26,22,15,24,7,28,17,29,23,14
466;13138;13138;2600;20,34,14,30,21,17,23,19,11,6,15,28,5,22,18,27,33,7,13,0,16,9,32,8,26,1,4,25,10,29,12,3,2,24,31
467;13140;13140;2600;18,1,14,7,21,23,2,31,8,11,19,4,0,29,16,10,9,17,3,33,24,26,30,20,22,6,12,13,25,34,28,5,15,32,27
468;13092;13092;2600;20,4,24,31,17,3,21,2,29,16,13,30,23,1,32,18,10,22,12,8,27,15,25,6,14,28,26,0,33,5,34,7,19,9,11
469;13167;13167;2600;30,33,28,16,13,24,4,9,21,29,10,11,0,23,25,15,7,19,3,26,14,27,32,31,12,17,18,8,6,2,20,5,1,22,34
470;13182;13182;2600;32,16,3,30,5,13,29,22,28,15,27,18,20,24,34,17,6,2,12,14,21,9,10,33,25,31,11,19,23,7,0,1,26,8,4
471;13155;13155;2600;22,33,28,23,15,27,19,24,31,34,3,20,5,6,14,30,11,12,18,16,13,10,8,0,25,9,21,7,2,4,1,32,29,17,26
472;13173;13173;2600;16,20,15,14,17,25,30,7,24,13,11,33,3,19,0,29,21,28,23,8,26,22,2,27,6,32,9,1,31,34,10,12,18,5,4
473;13090;13090;2600;4,17,5,34,28,29,6,21,16,27,15,14,23,11,22,33,0,19,12,26,8,2,7,32,9,31,10,18,25,1,20,3,30,13,24
474;13147;13147;2600;27,6,26,34,29,17,14,3,31,19,18,12,21,22,13,5,15,8,16,20,0,23,2,33,4,32,1,30,11,10,25,7,28,24,9
475;13145;13145;2600;29,30,24,31,21,10,6,2,26,18,32,27,13,4,34,9,5,17,8,3,23,19,28,20,7,14,33,16,11,25,1,0,22,15,12
476;13149;13149;2600;16,3,30,14,29,27,5,34,12,8,24,22,31,17,25,6,20,11,0,13,15,33,23,19,32,21,2,9,1,7,18,26,28,4,10
477;13168;13168;2600;32,30,28,26,20,25,21,4,2,11,15,10,9,7,0,8,24,23,33,3,31,29,14,13,1,22,16,18,12,5,27,17,19,34,6
478;13094;13094;2600;34,5,19,17,15,29,21,22,25,16,11,2,20,14,13,3,30,27,6,26,18,33,0,4,9,24,1,31,8,12,28,10,23,32,7
479;13147;13147;2600;34,9,3,1,13,20,10,22,18,19,30,29,17,14,5,16,6,33,31,26,23,0,27,4,21,7,8,32,25,28,24,12,15,11,2
480;13178;13178;2600;18,31,24,28,3,25,30,10,9,6,23,21,16,2,15,5,14,17,34,27,22,4,33,7,20,0,29,19,1,12,11,26,13,32,8
481;13190;13190;2600;2,6,9,21,15,23,11,10,28,4,34,25,18,26,5,17,14,27,0,31,12,1,30,32,8,7,20,33,13,22,3,24,16,29,19
482;13154;13154;2600;4,32,1,9,11,8,2,25,18,16,15,24,21,14,26,13,7,17,19,31,22,6,10,23,5,3,29,20,34,28,33,27,30,12,0
483;13058;13058;2600;21,10,11,4,18,30,13,25,23,28,12,29,24,17,32,9,2,14,8,26,15,1,5,3,19,31,34,22,33,7,20,6,16,27,0
484;13167;13167;2600;7,17,6,1,34,3,16,11,32,5,19,2,4,8,18,31,29,13,9,12,30,25,33,10,20,23,14,26,21,24,27,28,15,0,22
485;13166;13166;2600;7,27,19,10,13,29,25,31,22,33,4,0,18,11,21,17,16,2,23,9,26,5,32,1,20,30,3,34,15,12,14,6,28,8,24
486;13099;13099;2600;8,16,26,30,17,32,2,3,4,11,1,10,18,21,19,25,24,29,9,12,28,31,20,13,7,6,33,22,0,15,5,23,14,27,34
487;13168;13168;2600;18,21,27,34,5,9,4,22,24,6,12,23,10,2,32,17,31,20,13,26,33,3,1,29,16,25,8,7,30,19,11,28,15,0,14
488;13116;13116;2600;3,2,33,21,9,17,14,10,31,30,29,16,11,4,19,6,13,32,12,26,27,1,7,28,15,22,20,18,0,8,34,24,5,25,23
489;13176;13176;2600;14,21,5,34,12,32,19,9,17,27,31,22,18,15,13,2,7,6,33,29,8,3,28,1,24,0,4,25,11,16,26,30,23,20,10
490;13155;13155;2600;8,21,3,2,10,29,25,16,6,27,34,22,23,18,5,24,17,9,20,30,33,32,28,7,0,26,19,4,1,31,15,13,12,11,14
491;13159;13159;2600;2,15,7,4,10,18,11,31,16,33,1,19,13,25,32,17,9,21,26,3,22,27,6,29,14,24,20,0,5,30,34,12,8,28,23
492;13142;13142;2600;16,30,10,11,2,3,25,0,8,13,28,17,24,21,1,29,33,23,20,22,12,19,18,31,34,5,32,26,4,27,9,6,15,14,7
493;13167;13167;2600;31,19,8,11,29,15,21,27,2,17,34,22,6,12,1,14,5,32,26,23,20,18,25,0,30,16,33,10,3,7,28,9,4,13,24
494;13139;13139;2600;3,24,29,7,2,22,21,12,20,30,33,32,23,15,10,26,14,28,6,5,18,13,0,8,34,17,11,25,31,16,9,1,4,27,19
495;13142;13142;2600;19,31,18,23,21,8,2,9,4,10,27,28,7,25,12,32,20,1,33,14,26,5,30,15,22,13,29,3,16,0,17,6,34,11,24
496;13130;13130;2600;5,29,14,34,15,17,19,21,13,7,23,27,20,32,10,22,6,31,2,26,25,4,18,1,28,8,33,30,12,24,0,11,3,9,16
497;13110;13110;2600;13,30,15,25,4,2,33,20,7,26,0,17,11,16,31,24,21,28,12,32,18,14,29,19,10,1,8,23,6,3,9,5,34,22,27
498;13147;13147;2600;19,10,26,2,16,20,4,34,24,21,30,17,13,32,31,25,27,11,8,12,15,18,9,33,29,5,6,0,22,7,23,3,28,14,1
499;13179;13179;2600;4,16,22,21,18,11,9,10,25,20,0,30,28,19,3,24,8,23,31,13,12,26,1,32,27,33,15,2,34,14,7,17,6,29,5
