0;15278;15278;5200;31,36,21,10,4,26,30,14,38,19,8,5,32,18,27,16,39,15,22,33,12,29,3,24,13,35,0,20,1,6,23,25,2,37,11,7,17,34,9,28
1;18651;18651;5200;29,28,3,2,32,17,26,22,33,23,30,16,11,37,24,31,39,34,12,0,15,35,1,13,10,25,38,21,36,18,5,9,8,20,14,19,6,7,27,4
2;24230;24230;5200;32,14,29,27,33,26,6,20,31,15,4,11,21,22,23,16,2,10,5,38,24,39,36,30,0,18,37,13,8,34,9,17,28,19,25,12,7,1,3,35
3;24340;24340;5200;11,30,36,10,2,9,14,12,24,18,26,29,35,8,21,4,27,1,31,16,3,25,38,20,39,34,0,5,15,28,7,19,33,22,37,17,6,13,32,23
4;24335;24335;5200;2,22,15,8,27,13,24,18,17,10,21,36,30,33,25,12,39,20,4,7,9,11,29,6,19,34,37,23,3,16,5,28,14,26,32,31,1,35,0,38
5;24322;24322;5200;9,4,22,13,29,15,28,8,39,25,27,34,32,17,18,11,10,2,0,26,12,38,3,30,35,14,24,36,16,7,33,20,21,37,19,31,23,1,6,5
6;24341;24341;5200;39,26,25,36,35,9,21,6,18,19,28,38,12,30,24,29,22,15,37,17,31,8,34,0,13,33,4,11,27,10,3,1,16,5,2,7,20,14,23,32
7;24317;24317;5200;2,29,23,3,20,14,35,31,15,16,19,25,27,24,28,37,4,18,8,39,38,30,6,21,36,32,0,12,10,22,34,11,9,5,1,7,17,33,13,26
8;24337;24337;5200;31,11,3,6,34,37,28,4,19,29,26,13,38,1,8,39,27,15,21,2,35,5,16,22,18,12,23,9,33,25,30,32,36,14,24,10,7,20,17,0
9;24325;24325;5200;34,38,18,13,30,25,12,39,3,6,1,22,31,26,10,0,23,19,21,28,2,29,16,27,5,20,35,7,36,14,33,24,11,9,32,37,8,15,17,4
10;24333;24333;5200;36,22,24,38,28,10,30,0,13,17,15,18,19,8,26,16,11,34,9,33,29,14,27,3,4,31,2,32,37,21,7,39,1,12,35,23,6,5,25,20
11;24319;24319;5200;37,28,32,19,26,25,1,33,4,21,36,34,38,23,12,16,10,29,7,14,20,17,35,6,30,3,27,24,11,39,15,13,8,18,31,9,22,5,2,0
12;24363;24363;5200;24,15,18,33,9,21,25,22,31,6,32,8,3,37,36,17,30,35,34,10,38,11,2,13,1,26,0,27,5,16,4,20,28,19,14,7,23,12,39,29
13;24359;24359;5200;1,33,27,5,17,34,7,26,15,38,35,30,32,28,10,14,11,19,29,18,22,9,25,16,8,4,37,13,0,21,24,20,31,36,2,23,39,12,3,6
14;24260;24260;5200;0,29,32,34,22,13,26,15,33,6,7,25,28,5,38,24,37,23,27,30,10,31,17,35,2,8,18,9,4,20,36,11,19,21,14,16,3,1,39,12
15;24309;24309;5200;9,2,15,21,30,18,17,27,34,23,37,7,5,25,16,10,14,33,32,3,0,22,4,36,26,8,11,1,39,24,31,35,20,6,19,12,29,28,13,38
16;24192;24192;5200;31,17,35,19,7,25,0,12,13,29,11,5,4,8,36,37,33,1,27,6,32,34,18,9,2,22,15,28,38,20,24,16,3,10,23,14,30,21,26,39
17;24370;24370;5200;18,35,38,37,39,20,11,36,24,14,19,33,0,25,3,26,22,12,6,31,13,10,4,30,8,15,21,29,7,34,5,28,2,27,32,23,1,9,16,17
18;24368;24368;5200;5,0,10,6,39,38,30,9,29,1,18,16,27,17,32,3,2,15,28,31,13,4,34,22,37,19,8,33,25,35,11,21,23,14,12,20,24,7,36,26
19;24388;24388;5200;6,10,18,30,36,17,27,24,25,19,35,26,5,16,33,1,31,20,3,2,22,39,0,29,9,13,38,14,34,21,23,8,4,12,15,11,32,7,28,37
20;24319;24319;5200;35,13,30,27,38,2,17,9,0,31,24,8,21,20,25,15,18,11,12,6,37,4,34,26,39,10,28,32,16,29,33,7,3,14,36,19,22,5,23,1
21;24332;24332;5200;39,12,25,1,14,27,33,21,18,7,30,3,23,28,10,15,37,34,13,2,19,11,31,9,4,29,0,8,22,17,32,5,6,20,35,26,38,36,16,24
22;24312;24312;5200;27,24,29,2,38,22,30,36,0,16,8,20,17,21,15,14,31,39,13,34,6,10,11,18,12,28,35,25,33,1,4,32,3,26,19,5,7,9,37,23
23;24291;24291;5200;22,37,29,25,31,34,19,11,10,12,5,24,9,14,23,8,2,6,26,3,39,33,27,21,15,4,32,13,28,36,35,16,20,17,0,18,1,38,7,30
24;24319;24319;5200;27,1,16,39,10,21,6,12,5,18,19,17,9,31,34,28,35,13,32,29,4,2,26,22,11,15,23,3,24,7,25,33,14,20,8,36,30,37,0,38
25;24349;24349;5200;26,13,6,34,28,22,3,32,14,0,33,9,16,37,1,5,15,30,35,31,36,39,10,2,38,12,18,29,19,25,4,23,20,24,17,21,27,7,11,8
26;24361;24361;5200;9,17,39,26,34,18,11,6,27,12,20,32,3,8,1,2,35,37,22,30,15,14,13,36,0,38,10,33,28,16,4,24,19,21,23,31,5,25,7,29
27;24314;24314;5200;23,3,2,21,29,39,27,17,15,5,7,12,20,24,37,6,30,18,9,34,28,31,0,35,10,22,36,38,26,4,8,11,19,25,1,14,33,32,16,13
28;24286;24286;5200;10,9,19,31,27,16,18,30,28,36,35,5,37,8,1,38,32,2,4,15,39,3,23,21,13,26,14,29,17,24,6,0,12,25,22,11,20,34,33,7
29;24320;24320;5200;11,4,31,12,21,6,39,34,27,30,24,8,37,14,20,2,29,1,7,0,32,5,23,16,33,17,28,26,36,22,10,13,38,19,15,35,9,3,25,18
30;24297;24297;5200;3,27,5,17,10,20,2,26,1,32,35,36,33,34,12,29,14,16,11,19,18,9,28,37,7,30,25,4,13,8,0,6,22,31,38,39,15,23,24,21
31;24358;24358;5200;15,33,8,1,28,30,31,22,19,26,27,39,29,32,20,36,2,13,9,4,21,10,34,37,16,25,11,7,0,18,6,23,5,12,14,35,3,17,38,24
32;24318;24318;5200;36,27,10,38,5,1,11,35,16,23,7,28,25,2,19,12,4,17,18,26,13,22,8,0,34,15,9,33,14,29,6,24,30,20,39,37,31,32,21,3
33;24350;24350;5200;24,36,38,27,2,28,37,35,0,7,23,17,10,4,19,25,6,26,12,8,11,34,32,1,33,3,39,13,15,20,29,21,30,9,14,5,16,22,31,18
34;24375;24375;5200;30,32,18,10,35,6,31,3,11,2,24,8,13,38,22,21,5,1,23,16,34,33,12,25,37,19,27,28,14,17,26,0,36,4,20,29,39,15,9,7
35;24336;24336;5200;25,9,30,13,35,24,10,18,38,23,19,8,4,14,0,37,11,39,34,12,32,1,3,33,31,28,5,6,17,26,21,7,2,16,20,15,27,36,22,29
36;24087;24087;5200;6,30,0,39,31,12,25,10,32,38,17,28,8,24,1,2,3,34,26,37,29,4,33,18,23,35,19,11,14,22,27,5,13,7,20,21,9,36,15,16
37;23943;23943;5200;24,10,2,12,13,35,4,36,8,30,0,21,27,38,3,23,14,39,18,31,11,29,37,20,25,17,9,34,19,26,32,15,22,5,1,6,16,28,7,33
38;24123;24123;5200;20,27,3,14,5,29,6,16,39,21,18,26,4,17,37,24,0,31,15,10,13,22,36,34,33,25,8,38,7,32,19,1,12,28,9,30,2,23,35,11
39;24022;24022;5200;31,20,8,13,38,30,39,5,16,9,33,21,36,10,22,27,37,32,26,19,29,4,2,14,23,3,11,34,6,12,24,0,7,1,15,17,18,25,35,28
40;24089;24089;5200;9,3,16,18,36,13,27,30,14,5,22,20,39,10,26,28,1,11,25,35,34,2,4,8,31,33,15,29,24,37,23,21,6,0,17,19,32,7,12,38
41;23983;23983;5200;36,1,5,10,16,25,31,30,27,6,8,39,34,21,0,38,26,14,19,13,33,2,32,28,11,22,3,15,29,20,23,17,24,12,4,35,37,9,18,7
42;24122;24122;5200;39,14,36,27,13,38,31,0,24,22,35,11,18,29,26,30,12,3,32,9,16,17,33,6,21,23,2,28,8,15,37,19,20,1,34,25,10,7,4,5
43;24103;24103;5200;0,38,28,37,34,17,11,27,4,22,31,39,20,5,14,15,29,6,32,18,12,10,35,2,9,25,3,21,16,19,36,23,24,13,33,1,26,30,8,7
44;24113;24113;5200;12,35,31,10,21,13,9,14,16,27,3,8,24,34,15,29,2,30,6,32,39,33,17,38,0,18,1,26,25,22,5,4,37,36,23,20,11,19,7,28
45;23797;23797;5200;27,16,13,15,34,30,2,17,28,20,23,10,14,4,1,19,39,31,35,21,38,18,3,6,0,9,12,29,25,5,37,32,22,7,36,33,26,8,24,11
46;23966;23966;5200;15,38,32,3,6,18,22,33,39,37,9,26,17,19,13,8,5,14,20,23,36,30,31,10,24,7,35,16,1,28,11,27,12,29,25,34,4,21,0,2
47;24273;24273;5200;27,4,23,37,13,2,19,28,38,39,7,17,1,8,26,0,12,32,25,15,33,21,6,31,18,3,22,34,14,5,9,10,20,36,35,24,16,11,30,29
48;24236;24236;5200;20,39,13,2,18,5,29,15,1,14,27,37,24,7,6,32,31,25,9,11,30,33,8,10,34,22,4,35,12,36,16,26,23,38,28,3,17,0,21,19
49;24345;24345;5200;18,11,25,35,39,37,6,13,34,9,4,27,5,2,32,19,38,0,36,31,20,12,14,29,17,7,26,24,28,8,3,23,10,33,15,22,21,30,16,1
50;24376;24376;5200;7,25,5,29,0,20,19,28,39,13,18,17,34,9,11,26,16,36,8,27,35,38,24,30,14,21,22,12,15,32,33,31,4,1,2,10,37,3,6,23
51;24322;24322;5200;27,1,12,32,28,30,34,23,6,36,3,2,0,39,7,35,26,8,29,16,18,9,31,11,21,33,4,17,10,22,13,37,14,19,20,24,5,25,38,15
52;24325;24325;5200;28,10,27,19,31,13,22,18,34,29,2,11,9,15,21,23,14,25,24,36,26,12,1,6,38,35,17,16,33,3,0,4,37,7,20,39,32,30,8,5
53;24344;24344;5200;35,27,25,34,16,24,2,12,1,22,11,19,9,39,21,6,32,8,26,33,29,28,18,14,30,10,31,17,23,15,3,37,5,13,4,0,36,7,20,38
54;24395;24395;5200;21,35,30,24,8,36,4,38,12,22,15,16,10,17,6,14,33,26,0,1,27,32,25,2,34,3,11,23,9,20,5,7,19,29,18,39,31,13,37,28
55;24336;24336;5200;0,4,11,12,18,32,21,6,33,34,5,26,25,19,28,1,31,8,30,22,15,10,35,39,37,38,3,13,27,29,16,14,2,7,36,23,9,24,17,20
56;24373;24373;5200;26,3,20,13,33,0,17,7,32,21,27,28,31,8,38,30,24,19,23,2,34,36,11,35,14,37,4,29,39,6,15,22,9,12,5,1,16,25,18,10
57;24362;24362;5200;37,1,27,16,4,31,8,28,29,5,35,32,24,19,6,14,22,11,13,30,0,18,33,3,34,15,39,9,2,26,23,7,36,21,25,20,17,12,10,38
58;24007;24007;5200;29,31,34,23,11,37,8,9,16,27,1,39,21,28,15,10,30,36,2,4,26,13,38,14,25,18,24,0,35,3,20,12,32,22,6,33,7,17,5,19
59;13613;13613;5200;39,9,26,27,16,13,29,6,31,32,37,15,0,21,17,28,36,35,33,34,38,3,24,22,20,14,8,30,25,4,12,23,11,18,1,2,10,7,19,5
60;13608;13608;5200;26,32,29,23,28,39,14,21,20,30,25,16,7,12,17,10,33,37,34,36,8,6,4,11,0,31,9,18,38,2,3,35,15,27,5,13,24,22,1,19
61;13605;13605;5200;35,9,3,30,21,31,6,12,10,11,23,38,34,17,18,4,20,25,37,14,27,26,28,13,19,32,2,7,29,24,15,36,39,0,16,8,5,33,22,1
62;13284;13284;5200;33,16,22,18,27,37,31,2,14,23,26,19,3,36,38,15,8,13,6,39,10,11,20,29,4,35,17,30,34,0,24,9,5,28,25,12,32,7,1,21
63;13679;13679;5200;39,37,32,35,0,3,25,33,34,11,31,16,6,12,36,38,1,27,17,2,19,7,5,29,10,4,28,20,9,8,26,30,24,23,13,18,14,22,15,21
64;13575;13575;5200;36,10,8,15,35,24,17,13,30,39,21,23,1,38,29,32,19,11,31,37,22,28,18,4,34,33,16,7,25,27,26,3,6,9,12,2,20,0,14,5
65;13626;13626;5200;29,16,12,23,27,30,2,3,31,13,18,22,6,10,32,33,5,7,8,14,24,17,1,20,35,36,9,21,26,15,39,4,37,38,25,28,11,34,0,19
66;13523;13523;5200;36,1,30,5,14,18,26,8,32,17,10,25,9,7,23,12,13,33,24,34,2,21,31,35,38,15,22,0,29,11,16,27,19,3,28,20,4,6,39,37
67;13267;13267;5201;9,14,24,31,8,39,36,2,0,30,25,38,18,35,34,10,21,20,7,12,32,23,5,1,15,29,6,17,28,3,19,26,37,33,13,11,4,27,22,16
68;24260;24260;5200;18,3,36,31,9,38,8,13,25,0,39,16,21,28,24,20,15,33,32,34,26,14,2,27,35,22,10,30,12,23,19,4,1,7,29,37,6,17,5,11
69;24336;24336;5200;13,38,30,10,37,3,32,35,6,22,11,0,15,19,39,33,18,29,4,14,27,17,26,21,23,12,9,2,24,34,5,25,28,20,36,8,7,31,1,16
70;19111;19111;5200;4,11,17,27,20,37,6,14,2,15,8,39,22,21,9,12,10,29,3,31,32,1,33,0,26,34,28,25,5,7,35,24,36,13,18,19,23,38,16,30
71;22735;22735;5200;0,6,33,26,28,32,13,12,21,17,35,16,38,5,23,7,18,25,19,37,29,22,10,4,3,11,2,9,31,34,14,30,24,36,8,39,27,20,15,1
72;15309;15309;5200;1,33,32,26,28,34,27,37,19,30,25,11,8,18,10,4,2,39,17,16,7,0,3,31,13,15,21,5,9,22,24,6,38,29,12,20,36,23,35,14
73;22271;22271;5200;1,38,12,24,37,30,10,36,35,0,25,18,2,16,7,31,4,6,32,9,29,8,22,33,23,15,3,11,17,27,26,19,5,13,21,39,14,34,20,28
74;24089;24089;5200;11,34,33,1,2,16,28,9,27,38,14,0,4,31,26,35,29,19,6,20,23,15,7,25,37,39,13,32,21,17,30,12,8,24,36,18,5,22,10,3
75;23934;23934;5200;29,24,38,15,30,10,31,36,13,4,32,25,16,7,22,5,12,26,39,6,33,2,27,3,14,18,35,1,9,11,20,34,28,37,17,8,21,23,19,0
76;23866;23866;5200;2,22,4,15,19,37,38,25,0,39,12,18,10,13,35,3,9,30,33,17,34,8,1,36,24,14,26,11,21,23,31,28,29,32,5,27,6,16,20,7
77;23957;23957;5200;28,14,8,10,27,19,2,16,22,15,7,25,4,34,31,13,21,38,35,11,30,6,36,9,24,18,12,0,5,39,37,29,20,26,17,3,33,32,23,1
78;24070;24070;5200;38,17,33,27,26,36,14,24,0,32,16,5,10,30,8,7,28,11,35,3,31,23,9,15,2,22,37,34,20,13,19,12,6,39,4,1,21,25,18,29
79;24093;24093;5200;16,39,13,17,6,31,9,2,25,5,19,23,24,37,7,1,0,34,35,21,38,14,15,12,22,33,18,26,32,10,8,11,36,29,30,4,27,3,20,28
80;24021;24021;5200;31,35,0,6,9,25,18,38,8,12,1,15,13,36,22,23,17,4,30,14,11,39,29,27,34,10,20,2,37,26,19,3,24,5,33,7,16,28,21,32
81;24128;24128;5200;17,28,27,20,1,31,7,39,29,25,2,3,18,34,12,5,8,9,10,4,15,33,30,19,22,13,11,24,26,23,14,37,35,6,0,38,32,36,16,21
82;24111;24111;5200;1,18,21,34,9,30,12,10,8,20,3,29,14,23,36,7,13,24,27,15,37,2,33,22,6,35,28,31,11,32,17,38,19,4,16,39,26,5,25,0
83;24112;24112;5200;15,9,2,12,22,6,16,14,21,11,4,5,18,1,26,7,38,39,0,30,29,34,33,24,13,31,36,35,3,20,25,8,19,10,17,37,27,23,32,28
84;24098;24098;5200;14,31,20,30,3,36,5,38,0,15,21,8,9,34,22,18,29,39,33,1,23,25,32,27,13,2,28,26,16,7,37,11,6,10,35,4,12,24,19,17
85;24103;24103;5200;32,25,10,9,28,29,15,35,23,38,3,1,16,13,27,8,26,34,11,0,37,4,12,22,33,31,6,19,39,14,21,30,7,18,2,17,24,5,20,36
86;24120;24120;5200;24,35,36,18,1,0,38,34,2,12,17,25,10,19,32,7,29,13,22,3,28,15,31,27,37,14,20,23,16,30,5,26,11,39,21,8,33,9,4,6
87;24128;24128;5200;4,23,27,13,34,11,31,15,0,18,32,3,6,37,33,26,35,7,28,1,10,29,5,9,12,25,17,21,14,19,24,16,36,8,39,20,22,2,38,30
88;24128;24128;5200;17,31,39,2,38,33,6,10,1,21,23,28,5,20,12,18,0,14,13,30,24,36,22,27,35,26,15,8,11,25,34,4,29,37,3,9,32,19,16,7
89;24135;24135;5200;4,13,6,39,11,20,35,15,29,10,1,28,17,16,7,18,2,34,27,32,25,8,23,0,22,33,26,3,30,19,21,38,36,14,24,12,37,9,5,31
90;23987;23987;5200;14,32,31,35,24,25,39,20,6,26,29,1,12,0,34,28,13,30,21,27,23,10,18,16,37,2,3,5,22,4,17,15,33,8,7,9,19,11,36,38
91;24115;24115;5200;23,11,4,8,3,35,2,10,37,15,19,18,25,7,9,31,5,26,14,0,6,1,12,28,16,21,27,39,36,22,24,34,33,20,13,38,17,29,30,32
92;24100;24100;5200;9,33,3,32,26,11,15,31,8,20,17,29,23,5,37,39,35,28,1,13,34,0,18,27,19,2,10,30,14,24,12,21,38,36,4,16,25,7,22,6
93;24127;24127;5200;7,6,18,5,39,20,17,1,23,14,30,27,16,3,31,29,4,35,24,38,12,19,13,2,0,25,37,28,32,11,10,33,26,34,9,8,22,21,36,15
94;24374;24374;5200;35,19,37,9,10,13,18,25,21,7,14,29,15,24,16,30,22,39,0,1,5,33,31,6,27,23,34,2,28,12,38,17,26,3,20,32,36,8,11,4
95;24323;24323;5200;8,33,28,16,1,32,13,31,27,19,20,23,25,5,26,10,6,12,36,39,3,18,34,30,35,21,0,38,7,24,15,29,17,2,4,22,14,9,11,37
96;24347;24347;5200;4,15,11,25,31,33,22,34,8,0,37,32,10,1,23,30,17,29,5,12,35,20,21,27,3,9,6,7,2,28,16,13,36,24,26,18,39,19,14,38
97;23935;23935;5200;31,4,19,26,6,37,35,32,28,10,12,34,2,30,17,18,29,23,22,0,20,15,13,24,36,8,33,3,1,11,27,14,21,9,16,5,25,39,38,7
98;24337;24337;5200;27,31,29,17,1,20,14,16,26,30,4,3,32,34,7,11,10,25,24,12,28,0,35,39,21,36,2,6,23,9,19,38,22,33,8,18,5,37,15,13
99;24208;24208;5200;22,14,34,33,1,26,2,24,15,28,31,6,27,13,9,17,37,18,23,35,29,10,0,30,4,8,36,38,5,19,12,32,20,21,25,3,7,39,16,11
100;24254;24254;5200;24,18,38,35,36,0,12,8,9,33,34,4,26,37,15,11,39,1,21,6,17,10,27,32,13,28,3,16,23,14,22,19,29,2,7,31,20,30,5,25
101;22729;22729;5200;30,31,38,27,24,33,36,2,18,1,23,39,6,9,12,20,28,35,19,7,32,10,22,0,13,17,25,15,26,4,34,11,37,16,5,3,21,29,8,14
102;24005;24005;5200;39,17,24,0,31,12,6,13,29,37,32,33,25,2,26,23,35,10,14,3,15,30,16,27,1,22,38,36,28,9,20,19,18,11,34,5,21,7,4,8
103;23902;23902;5200;26,31,32,2,21,36,3,24,14,29,18,9,15,37,13,10,27,17,19,20,6,33,12,25,7,39,5,16,11,28,23,8,1,30,22,4,0,34,35,38
104;24100;24100;5200;2,25,16,1,31,29,27,37,35,21,19,28,17,23,8,15,33,26,11,34,12,38,14,20,36,0,24,39,4,6,22,30,13,5,3,18,7,32,10,9
105;24077;24077;5200;6,14,29,21,17,3,4,26,20,23,0,2,32,7,36,18,33,22,27,11,37,19,15,28,39,34,13,16,25,31,8,30,1,12,38,5,10,9,24,35
106;24070;24070;5200;0,22,5,20,39,7,16,31,17,27,15,33,28,30,25,24,13,23,19,11,12,21,34,3,29,6,4,37,1,36,2,18,9,8,10,35,32,14,26,38
107;24141;24141;5200;20,11,9,22,4,33,2,24,8,17,27,1,37,34,29,7,18,14,6,39,30,13,32,15,26,10,3,36,35,16,38,28,23,25,0,12,5,21,31,19
108;24135;24135;5200;26,4,39,34,2,14,11,24,31,3,0,9,33,22,17,27,29,15,37,1,25,30,6,18,12,10,35,13,20,8,32,36,16,5,7,23,19,28,38,21
109;24079;24079;5200;15,25,23,18,29,21,9,2,4,38,11,35,10,19,32,37,17,27,1,3,20,16,7,31,28,26,5,8,30,39,12,36,33,0,34,14,24,13,22,6
110;24093;24093;5200;30,9,18,13,14,35,36,6,31,8,12,21,39,34,11,20,10,4,16,7,25,17,0,28,37,27,26,19,29,3,1,33,24,22,15,2,5,38,32,23
111;24047;24047;5200;24,27,2,9,13,18,15,29,6,14,23,12,16,1,20,26,11,35,30,38,34,25,36,0,39,22,33,31,5,10,19,8,32,3,7,4,28,17,21,37
112;24086;24086;5200;1,0,32,35,21,6,11,12,15,4,25,19,3,8,7,10,36,17,38,13,26,31,29,14,39,20,24,18,23,16,28,27,30,5,9,33,22,37,2,34
113;24113;24113;5200;4,37,23,26,32,8,11,27,3,2,10,1,14,12,20,7,16,31,0,30,38,29,18,33,34,36,22,39,35,28,9,6,15,17,13,19,21,25,5,24
114;24066;24066;5200;25,1,34,13,15,33,18,22,10,16,5,4,19,24,11,0,3,38,14,39,6,35,12,9,21,2,30,27,31,28,29,17,8,7,32,20,26,36,37,23
115;24086;24086;5200;8,11,27,10,9,34,22,2,3,24,4,13,30,23,29,28,15,0,36,33,38,16,25,31,18,39,21,35,6,19,12,20,32,5,14,7,26,37,1,17
116;23824;23824;5200;27,16,23,21,12,20,1,26,14,6,8,17,36,29,7,5,25,4,37,9,34,24,19,2,15,11,18,13,3,33,28,35,22,30,38,0,32,10,31,39
117;23906;23906;5200;9,21,12,6,33,15,13,18,29,22,1,10,0,31,8,4,20,17,28,39,24,2,26,36,14,7,27,19,23,5,11,30,3,37,32,34,16,35,25,38
118;24101;24101;5200;15,22,30,28,26,19,13,4,32,25,38,0,10,5,37,35,2,1,17,11,21,23,33,31,29,34,27,16,39,20,12,9,8,18,36,14,3,6,7,24
119;24090;24090;5200;9,39,12,3,35,18,6,30,26,11,28,25,10,37,33,5,14,34,8,38,29,36,2,24,20,31,22,0,23,7,16,1,19,32,4,17,27,21,13,15
120;24015;24015;5200;16,19,37,31,21,6,25,9,12,0,22,15,20,29,28,7,30,10,27,24,1,35,4,18,8,34,38,36,3,14,39,2,32,5,26,11,13,23,17,33
121;24094;24094;5200;10,28,7,3,39,17,20,6,30,27,24,19,37,2,18,12,36,22,8,13,11,34,15,0,16,31,4,33,26,1,21,25,29,38,5,9,14,23,35,32
122;24170;24170;5200;0,2,38,35,32,14,36,26,37,28,10,4,1,6,24,5,33,29,12,22,21,18,13,31,15,34,23,25,7,17,19,16,20,11,27,8,30,3,39,9
123;24135;24135;5200;14,20,7,5,8,26,36,24,29,17,10,33,23,9,37,35,2,25,13,27,12,16,18,21,31,6,30,0,4,28,15,11,19,1,39,34,38,22,32,3
124;24135;24135;5200;24,36,30,14,2,13,39,29,15,8,5,32,6,31,37,1,27,25,16,0,38,9,23,21,22,10,18,35,19,4,28,33,7,20,12,17,3,26,11,34
125;24037;24037;5200;25,17,28,4,39,37,19,23,20,3,15,16,32,6,29,7,35,34,10,30,8,38,9,18,2,22,11,36,33,31,26,5,21,27,13,24,0,1,12,14
126;24109;24109;5200;2,15,18,30,28,4,13,29,20,31,26,33,35,38,6,22,34,37,19,5,3,17,16,25,7,1,27,23,21,11,10,14,0,32,9,8,12,24,39,36
127;24010;24010;5200;10,38,18,26,39,35,22,13,33,24,34,1,14,11,20,36,0,15,2,7,17,37,12,27,25,31,23,6,16,32,21,9,19,4,5,3,29,8,30,28
128;24023;24023;5200;29,15,12,33,23,13,31,6,35,38,28,32,7,11,0,3,21,27,9,4,2,16,34,19,8,37,1,25,10,17,39,18,36,14,26,5,30,22,20,24
129;23961;23961;5200;37,36,2,4,19,39,31,1,28,30,12,32,6,34,27,0,29,5,18,20,17,35,14,16,10,26,24,7,22,3,13,9,8,21,15,38,25,33,23,11
130;24143;24143;5200;25,18,30,10,35,27,12,21,13,20,34,31,3,2,24,23,11,4,22,6,0,36,19,37,28,16,38,8,15,39,33,9,5,32,7,29,14,1,26,17
131;24132;24132;5200;10,3,33,32,34,35,26,28,12,8,38,4,30,23,18,11,27,5,22,16,37,6,7,25,13,0,19,1,20,2,21,29,31,9,15,39,17,14,24,36
132;24073;24073;5200;32,0,31,39,23,25,12,3,6,24,22,36,38,10,15,1,34,37,4,11,28,20,14,13,18,9,30,8,26,29,16,21,33,17,2,27,5,7,35,19
133;24079;24079;5200;2,0,39,36,30,26,1,33,38,22,5,37,16,10,19,4,6,17,12,24,3,18,29,32,20,31,28,35,9,23,8,13,7,25,27,21,34,11,15,14
134;24134;24134;5200;25,33,17,2,26,32,3,23,0,37,18,20,5,34,38,7,10,27,30,39,16,15,13,28,1,35,22,31,12,6,21,11,9,8,19,14,4,24,36,29
135;24076;24076;5200;29,21,19,18,6,16,9,20,39,14,37,11,12,25,7,22,3,10,32,4,2,5,31,23,28,26,1,27,36,33,24,13,38,34,8,0,35,17,15,30
136;24139;24139;5200;7,28,19,27,16,22,17,33,35,31,26,24,34,15,8,23,37,1,21,2,10,11,25,18,9,4,30,12,36,20,39,0,32,14,3,13,38,29,6,5
137;24128;24128;5200;39,23,17,31,29,6,11,37,4,0,9,34,3,26,25,32,14,18,20,27,30,10,12,2,16,5,21,1,22,8,24,7,13,28,36,33,35,19,38,15
138;24095;24095;5200;39,1,9,31,18,38,29,21,0,6,26,27,5,16,4,17,10,12,35,34,33,13,2,22,25,28,8,30,24,36,20,14,37,3,11,7,15,23,19,32
139;24095;24095;5200;11,3,4,27,17,37,13,31,21,0,9,18,30,19,29,8,32,12,16,10,25,6,34,26,5,35,1,28,39,38,14,36,15,7,22,23,33,20,2,24
140;24080;24080;5200;30,13,31,36,33,17,14,22,26,19,24,7,15,12,25,3,4,10,34,0,32,37,11,6,8,23,35,29,38,27,18,28,9,5,2,21,1,16,20,39
141;23956;23956;5200;31,27,39,29,33,15,22,16,6,37,20,5,25,19,14,23,2,13,35,34,11,18,26,0,24,8,9,36,30,7,4,38,3,28,10,32,21,17,1,12
142;24133;24133;5200;7,17,5,10,30,12,25,1,9,24,18,8,11,20,13,22,2,26,14,23,35,6,37,32,33,31,3,34,29,16,36,0,27,28,21,19,4,15,39,38
143;24099;24099;5200;34,33,1,0,16,10,31,5,12,28,7,21,14,20,15,17,30,23,8,11,37,4,18,22,2,36,38,27,39,9,13,32,19,35,26,3,24,6,29,25
144;24114;24114;5200;1,32,18,15,34,12,3,28,33,23,14,5,20,6,30,26,37,11,22,9,27,10,19,13,2,4,8,31,0,35,17,36,24,39,38,21,25,7,29,16
145;24137;24137;5200;4,33,35,17,26,30,25,37,10,31,15,23,9,19,22,21,0,38,6,14,13,11,20,36,32,24,39,3,29,16,2,5,27,1,7,18,34,8,12,28
146;24104;24104;5200;27,0,3,26,32,34,13,30,10,15,25,33,5,28,1,7,8,14,20,16,31,38,29,36,9,18,39,24,19,23,35,4,37,22,21,12,2,11,17,6
147;24130;24130;5200;6,32,34,1,11,3,4,33,12,10,15,0,22,39,28,30,13,37,27,14,9,21,31,17,26,16,2,8,29,38,35,19,7,20,24,18,36,5,23,25
148;24099;24099;5200;1,3,37,0,34,12,28,17,22,11,26,13,18,38,21,8,7,29,23,20,25,2,19,31,35,5,27,16,30,6,14,36,32,15,24,10,33,9,39,4
149;24149;24149;5200;36,26,28,15,32,33,13,3,29,7,24,39,9,35,30,17,34,37,25,31,1,0,18,11,2,4,27,19,6,10,23,21,16,5,8,20,22,12,14,38
150;24106;24106;5200;4,29,32,10,26,34,11,15,23,7,8,1,28,20,27,5,21,33,0,9,35,13,3,18,39,6,38,17,30,19,31,12,24,2,25,37,16,22,36,14
151;24119;24119;5200;3,36,39,25,13,8,30,14,20,11,0,24,15,12,6,38,16,23,33,2,29,27,5,1,9,31,17,7,35,37,18,4,21,28,22,26,34,10,19,32
152;24103;24103;5200;21,26,32,12,14,6,3,2,20,30,19,18,39,37,17,7,25,15,34,29,31,33,1,28,27,13,22,8,4,38,9,0,11,16,35,10,5,24,23,36
153;24084;24084;5200;19,12,18,15,9,21,37,4,2,20,23,13,14,38,3,8,31,27,39,10,25,26,1,30,35,6,17,28,36,7,29,32,0,22,24,5,33,11,34,16
154;24149;24149;5200;0,10,30,19,25,22,31,28,18,24,37,14,17,20,9,7,2,21,1,5,29,16,12,26,8,13,27,4,34,6,33,32,36,39,3,15,35,23,38,11
155;24134;24134;5200;16,37,23,19,20,18,28,35,7,15,22,4,12,21,33,9,0,26,2,14,3,39,13,32,38,30,27,36,29,34,31,11,8,17,1,25,10,24,5,6
156;24053;24053;5200;15,6,12,39,30,35,18,10,38,11,31,29,3,28,22,34,19,16,4,7,36,27,14,24,25,2,1,5,8,21,17,9,32,0,26,33,13,20,37,23
157;24154;24154;5200;17,25,27,10,23,29,26,32,1,5,7,36,8,0,24,16,22,4,11,18,2,31,6,28,37,3,34,12,39,33,38,20,35,14,21,15,30,13,9,19
158;24063;24063;5200;13,15,24,17,36,30,11,37,4,7,16,12,8,21,23,22,0,32,26,33,34,25,29,3,10,14,2,31,19,20,18,9,38,5,27,39,28,35,6,1
159;24100;24100;5200;26,25,28,9,24,3,31,32,2,6,39,17,29,12,1,33,34,0,16,36,35,4,38,11,10,37,14,30,8,13,5,23,27,15,21,20,18,19,22,7
160;23905;23905;5200;2,1,18,27,35,30,34,10,17,11,3,25,20,9,5,26,33,0,15,36,37,28,31,24,8,14,22,38,29,7,39,12,6,32,21,13,23,16,4,19
161;23836;23836;5200;37,0,24,11,4,28,27,29,2,9,8,18,30,10,16,14,3,22,32,13,31,12,6,33,26,39,15,25,7,5,23,17,21,38,1,36,20,34,35,19
162;24043;24043;5200;38,26,3,0,36,24,14,34,28,2,23,15,20,8,31,16,18,21,7,5,30,25,12,1,35,10,6,9,4,13,39,11,32,22,33,27,17,19,29,37
163;24117;24117;5200;38,10,0,9,18,2,36,30,28,26,3,12,29,5,21,35,13,11,15,14,7,17,25,37,8,34,19,4,33,6,16,31,32,24,22,1,39,20,27,23
164;23999;23999;5200;19,34,37,7,31,28,16,10,33,24,5,12,35,27,22,25,0,2,9,15,38,18,4,30,17,13,21,36,6,14,3,11,32,26,1,8,20,39,23,29
165;24139;24139;5200;22,11,15,10,32,27,2,16,34,38,37,4,13,21,28,19,9,26,33,29,20,18,35,39,3,17,31,14,0,30,24,6,23,25,1,7,12,36,8,5
166;24105;24105;5200;27,34,2,26,32,0,6,16,13,12,14,20,9,24,18,38,29,17,15,10,33,22,31,19,8,4,28,37,23,25,1,21,39,7,11,30,36,5,3,35
167;23962;23962;5200;38,29,26,18,14,9,2,30,17,31,36,0,12,25,22,15,32,11,8,23,6,3,19,4,28,37,20,39,34,10,33,7,27,24,1,16,35,21,5,13
168;24115;24115;5200;37,15,11,9,30,34,10,13,0,12,24,4,18,22,8,3,39,29,35,27,6,2,23,26,25,28,32,31,16,33,17,36,19,7,21,14,5,20,1,38
169;23828;23828;5200;15,37,20,17,2,39,11,29,4,16,19,18,10,35,30,27,26,1,22,6,24,31,36,12,33,8,34,14,23,0,7,21,9,5,25,13,32,28,38,3
170;24093;24093;5200;22,33,4,19,39,25,31,13,37,34,26,27,17,15,7,20,6,30,16,35,0,10,32,28,38,29,23,18,21,12,2,1,8,14,9,5,24,11,36,3
171;24099;24099;5200;17,9,1,13,25,10,4,11,34,21,18,15,36,7,35,38,20,32,39,14,23,31,37,3,26,28,29,33,6,24,30,12,19,16,8,22,0,5,2,27
172;24031;24031;5200;16,37,35,2,19,4,0,7,23,22,8,18,12,15,17,31,26,10,3,38,6,32,30,14,36,24,28,39,34,9,1,11,20,29,13,21,25,27,33,5
173;24021;24021;5200;21,5,12,31,17,26,35,15,7,20,33,22,25,4,32,16,9,36,0,13,39,27,38,6,18,30,8,24,14,19,11,29,34,2,37,10,3,1,23,28
174;24103;24103;5200;2,13,18,24,35,38,39,15,36,11,33,14,6,26,22,4,30,16,5,27,20,25,28,7,10,3,0,19,1,31,32,21,17,9,37,8,34,29,23,12
175;24058;24058;5200;25,13,37,19,28,22,33,0,10,26,35,38,30,4,14,24,6,18,9,29,7,31,3,39,17,5,20,15,27,23,8,1,36,21,34,11,32,16,2,12
176;24146;24146;5200;5,23,29,30,26,2,25,10,7,15,17,22,13,0,19,37,28,1,6,35,32,12,31,3,27,20,18,39,8,4,14,11,24,38,34,36,21,33,9,16
177;24099;24099;5200;18,28,27,3,38,0,26,34,37,32,17,16,1,2,19,5,21,22,15,11,8,29,35,4,31,13,9,33,25,6,30,23,12,20,39,10,14,24,7,36
178;24141;24141;5200;34,28,19,37,11,4,10,23,29,8,17,30,36,39,33,18,1,21,35,25,7,5,12,2,16,6,14,20,0,3,22,31,26,38,9,32,15,24,27,13
179;24132;24132;5200;28,3,21,16,9,7,20,5,23,14,36,15,39,24,13,26,2,22,11,4,8,37,27,19,0,34,33,1,6,12,38,17,30,18,25,35,10,31,29,32
180;24104;24104;5200;25,35,7,21,0,27,38,1,2,28,6,39,20,17,16,3,31,12,37,33,22,9,11,34,8,19,15,13,10,32,30,23,18,14,36,4,24,26,29,5
181;24010;24010;5200;9,18,8,14,36,38,35,0,25,30,17,29,28,26,24,10,11,27,34,39,1,2,6,31,12,16,37,3,33,7,13,4,23,20,21,5,19,15,22,32
182;24140;24140;5200;0,31,33,38,29,35,18,27,9,16,21,5,22,23,17,34,26,32,8,12,10,30,6,4,36,39,24,14,19,2,20,11,28,37,1,3,7,25,13,15
183;24133;24133;5200;9,13,25,19,8,28,18,21,22,4,20,34,26,17,33,31,10,30,0,1,12,36,14,39,38,27,5,16,7,32,15,23,3,24,29,11,37,35,6,2
184;24141;24141;5200;15,22,1,9,33,13,27,18,3,21,2,31,20,16,29,6,0,24,10,12,32,36,38,30,35,25,39,28,14,17,34,7,4,5,19,11,23,37,8,26
185;24147;24147;5200;1,25,19,0,13,35,15,21,12,33,39,36,28,5,29,24,9,2,3,18,26,4,22,34,11,37,32,23,8,10,16,7,17,20,30,31,6,27,38,14
186;23748;23748;5200;25,38,19,27,28,39,37,13,35,17,7,6,32,5,29,31,36,30,24,21,33,22,10,15,18,1,12,9,11,2,8,26,20,0,23,34,4,3,14,16
187;23995;23995;5200;25,28,27,32,23,1,2,26,19,8,12,29,31,6,37,39,14,13,18,9,0,33,38,10,3,34,11,30,24,17,4,20,21,5,15,35,7,22,16,36
188;24078;24078;5200;10,2,30,37,27,21,9,0,18,20,38,1,31,36,8,28,16,6,39,17,26,33,34,25,22,12,13,14,7,29,3,5,15,23,11,24,35,19,4,32
189;23963;23963;5200;4,15,34,11,13,30,28,8,10,18,32,19,25,21,20,38,5,37,6,16,17,29,31,7,23,1,27,2,39,36,35,9,3,0,14,33,22,12,24,26
190;24101;24101;5200;13,7,39,20,37,34,4,31,11,27,3,23,15,2,8,17,14,22,28,36,30,33,35,18,10,25,38,19,6,29,24,12,21,32,1,5,0,9,16,26
191;23887;23887;5200;26,4,34,19,29,25,17,7,2,36,6,32,3,37,30,0,9,21,12,8,23,27,22,18,1,16,15,5,28,13,24,10,14,11,31,33,38,35,39,20
192;24147;24147;5200;30,23,35,39,32,10,8,38,6,37,17,0,2,18,36,22,20,29,21,5,27,28,9,31,1,7,16,25,12,24,14,33,4,11,34,15,26,13,3,19
193;23997;23997;5200;13,24,34,36,18,9,6,30,14,16,0,38,12,25,11,35,4,31,33,22,29,8,37,23,15,20,32,2,28,5,7,19,27,39,17,10,26,21,3,1
194;24101;24101;5200;38,5,28,29,16,20,7,23,19,3,30,36,25,11,21,9,1,14,26,17,27,24,12,35,2,31,32,6,8,39,10,15,18,22,33,37,4,0,13,34
195;24103;24103;5200;10,20,27,16,3,13,21,35,29,31,23,22,12,2,8,5,38,0,26,14,39,18,30,36,24,25,6,1,9,28,32,33,19,15,17,34,11,4,7,37
196;24085;24085;5200;4,17,11,34,21,31,37,10,25,27,28,1,33,29,12,7,13,24,0,26,38,39,16,3,36,14,20,2,23,19,8,5,6,15,30,9,22,18,32,35
197;24119;24119;5200;13,27,1,22,28,15,2,3,31,37,38,34,30,12,35,24,5,26,10,33,14,20,9,18,17,16,21,39,11,0,8,23,19,7,36,29,32,6,4,25
198;24111;24111;5201;13,37,30,11,3,4,9,34,8,39,1,12,32,6,14,18,29,15,16,31,19,22,28,2,10,27,35,33,5,0,17,23,38,25,7,24,20,36,26,21
199;24091;24091;5200;11,25,35,30,38,39,10,0,34,8,12,9,28,3,15,36,31,32,7,23,14,5,17,29,16,2,20,6,4,1,24,26,33,22,19,13,18,21,37,27
200;24082;24082;5200;23,3,37,2,32,6,29,9,28,16,24,17,35,36,10,30,21,14,22,13,39,34,31,0,12,25,33,15,11,4,1,5,18,19,7,20,26,8,27,38
201;24121;24121;5200;39,33,6,31,0,9,22,34,3,32,16,15,27,17,20,18,30,2,25,7,12,1,35,10,5,21,36,24,13,11,29,8,26,19,4,14,28,37,38,23
202;23453;23453;5200;33,28,32,10,22,30,6,15,12,13,1,24,11,36,25,18,4,29,21,27,2,37,16,19,31,34,35,9,20,26,7,17,3,39,5,8,0,38,14,23
203;24090;24090;5200;6,26,13,20,34,28,17,11,39,32,7,14,37,5,3,21,10,15,12,24,27,30,31,38,22,36,2,35,9,16,19,29,25,8,1,0,18,4,23,33
204;24121;24121;5200;24,22,25,12,6,35,31,27,2,20,36,34,7,16,10,5,39,15,8,18,19,13,3,9,37,11,4,28,14,26,30,29,1,0,17,23,32,21,38,33
205;23985;23985;5200;9,17,19,7,26,20,14,18,3,32,2,39,13,5,8,11,30,24,10,15,22,29,25,36,37,35,38,33,6,28,1,4,23,31,0,27,12,16,21,34
206;24024;24024;5200;13,12,23,1,21,28,15,22,29,3,26,4,14,20,33,34,36,17,25,5,31,38,2,35,10,24,18,30,19,16,6,7,27,37,0,11,39,32,8,9
207;24106;24106;5200;35,21,2,26,13,6,12,39,27,25,8,7,17,19,33,10,36,28,14,30,38,31,0,24,34,11,9,18,29,37,1,23,22,20,5,4,32,15,16,3
208;24125;24125;5200;2,38,30,13,36,18,3,8,9,1,32,15,24,23,4,33,11,26,25,0,5,20,21,16,17,27,7,39,37,6,14,10,28,29,19,34,31,12,35,22
209;24144;24144;5200;39,10,3,6,20,21,12,31,33,14,9,15,24,29,27,36,1,32,34,25,37,11,26,28,38,4,0,35,16,22,2,30,13,8,17,23,18,19,7,5
210;24112;24112;5200;37,2,28,19,22,13,1,33,15,0,12,32,38,23,29,3,10,17,11,4,31,8,9,6,25,18,30,35,36,24,5,16,39,7,14,20,27,34,21,26
211;24145;24145;5200;22,33,29,13,6,16,15,31,39,4,20,14,38,19,32,11,9,36,18,28,12,30,25,10,0,23,21,5,8,35,1,37,34,24,7,27,17,26,2,3
212;24142;24142;5200;17,10,32,37,23,28,3,29,26,31,36,39,20,16,5,8,1,21,34,27,12,9,25,13,2,35,18,30,15,22,11,19,24,6,14,33,4,0,38,7
213;24005;24005;5200;27,29,2,35,14,10,37,26,3,39,30,24,6,22,15,32,28,0,19,21,31,34,25,16,18,12,33,1,4,7,11,5,20,13,9,17,38,8,23,36
214;24073;24073;5200;39,0,13,20,10,6,17,16,38,14,21,25,1,29,12,5,36,8,30,9,11,2,37,18,23,3,32,34,22,33,26,31,19,7,4,35,27,24,15,28
215;24128;24128;5200;8,2,19,4,34,1,11,9,22,7,25,17,14,20,27,6,36,15,21,24,16,18,13,39,33,35,38,0,26,5,32,12,23,28,29,31,30,10,37,3
216;24104;24104;5200;39,38,21,36,13,0,10,27,2,30,18,14,12,5,3,34,31,15,11,25,37,4,16,33,19,22,29,26,32,28,9,1,24,17,35,8,23,20,7,6
217;23848;23848;5200;26,37,4,17,3,0,14,19,32,20,24,16,2,13,39,36,34,30,33,31,9,18,1,11,21,8,22,28,15,6,23,12,25,7,10,27,5,29,38,35
218;23948;23948;5200;22,31,36,2,8,27,33,23,10,13,19,3,29,38,35,20,34,14,11,37,1,28,4,32,6,12,25,26,21,30,18,16,0,15,9,5,39,17,7,24
219;24112;24112;5200;21,31,9,4,18,11,12,29,34,16,38,10,2,30,15,28,24,25,1,20,17,13,37,7,19,3,14,26,36,32,0,6,27,8,5,35,23,33,39,22
220;24030;24030;5200;12,4,10,26,2,30,18,21,17,34,20,27,32,29,5,37,24,25,8,9,36,38,33,15,22,35,13,0,19,11,14,28,16,31,7,6,1,39,3,23
221;23915;23915;5200;24,5,1,36,14,23,37,28,19,6,10,20,35,12,32,8,29,31,21,17,26,4,34,16,2,11,18,27,39,13,25,15,38,0,7,9,22,33,30,3
222;23951;23951;5200;21,9,25,10,26,35,8,1,17,7,34,5,15,12,39,13,23,3,27,16,19,18,4,29,32,2,37,28,6,20,24,38,14,11,22,30,36,31,33,0
223;23257;23257;5200;30,2,37,11,22,10,3,8,33,23,14,39,38,32,9,20,15,24,35,27,13,31,21,12,1,18,34,16,4,0,36,28,26,7,5,17,29,19,6,25
224;23895;23895;5200;39,17,14,2,18,29,6,35,31,30,20,27,1,10,26,12,19,33,13,28,34,15,11,24,32,37,22,4,7,3,23,21,25,0,16,9,8,36,5,38
225;24074;24074;5200;10,26,31,30,4,11,34,33,13,14,28,25,18,16,9,20,19,37,2,3,39,29,23,32,15,17,22,27,21,7,0,5,1,24,36,8,6,35,38,12
226;24119;24119;5200;10,21,31,5,36,30,8,16,33,34,37,32,14,26,11,7,12,39,6,35,15,0,2,18,38,22,13,27,9,20,29,19,28,25,17,1,4,23,3,24
227;24105;24105;5200;39,14,35,3,24,23,32,13,20,0,26,38,36,8,15,4,27,2,9,18,1,28,22,12,25,17,21,6,34,16,37,29,19,11,31,5,10,30,33,7
228;24119;24119;5200;7,17,20,5,21,8,9,10,18,0,1,16,15,3,4,34,13,30,27,35,25,36,38,2,12,39,29,6,19,11,26,28,32,33,24,14,37,22,23,31
229;24110;24110;5200;22,15,28,25,33,31,18,12,21,24,37,19,4,8,14,11,35,6,20,39,3,9,13,27,7,29,16,32,38,34,26,1,0,2,17,30,5,23,36,10
230;24025;24025;5200;13,3,5,7,20,27,1,29,28,10,18,35,26,11,6,39,34,37,38,30,15,36,8,0,22,33,31,23,24,9,2,21,14,25,19,12,17,16,4,32
231;24343;24343;5200;20,39,14,2,21,16,6,30,10,36,4,11,9,35,5,8,13,22,32,33,0,31,18,27,28,26,25,1,15,37,3,12,7,17,23,29,38,19,34,24
232;24372;24372;5200;9,4,39,0,38,8,36,21,18,27,30,13,14,7,17,20,23,19,11,34,31,3,1,37,29,2,32,25,6,5,26,22,24,35,28,16,10,12,15,33
233;24365;24365;5200;15,27,18,13,4,11,2,33,9,37,38,34,36,12,35,19,14,1,7,25,31,26,16,10,17,29,20,5,22,24,39,8,21,30,3,6,32,28,0,23
234;24385;24385;5200;2,3,4,30,28,23,16,29,27,18,5,19,35,37,21,6,33,26,22,31,9,32,0,34,15,11,14,13,17,20,7,12,39,38,1,10,25,36,24,8
235;24341;24341;5200;27,37,34,6,11,1,2,12,35,20,26,29,39,32,23,3,21,33,15,4,13,22,0,17,18,19,10,25,8,28,38,36,14,30,5,9,16,24,7,31
236;24362;24362;5200;30,31,36,0,14,19,37,6,16,27,2,21,18,12,38,9,20,17,3,23,24,29,10,25,5,7,32,35,8,26,34,11,28,4,13,22,33,39,1,15
237;24285;24285;5200;36,30,18,23,38,31,13,2,0,3,19,32,24,4,9,28,6,16,21,10,39,35,29,37,1,12,27,25,8,26,14,11,33,20,7,15,17,34,22,5
238;24370;24370;5200;28,35,32,6,26,1,2,38,12,18,25,23,9,30,15,22,20,10,31,13,5,17,16,29,39,3,0,27,36,7,34,33,37,19,11,8,21,14,4,24
239;24297;24297;5200;37,19,34,11,16,30,17,10,31,27,21,29,25,4,12,15,38,18,13,8,6,22,39,35,33,36,9,3,24,5,32,20,26,23,14,28,2,7,1,0
240;23984;23984;5200;22,17,31,0,13,15,37,19,25,23,24,14,2,8,7,36,35,34,16,11,38,6,18,27,21,12,4,1,26,10,33,29,30,20,28,5,3,9,39,32
241;24059;24059;5200;31,35,13,38,25,18,30,24,0,28,15,16,22,36,10,1,21,20,9,17,3,7,14,12,32,5,23,26,33,37,27,29,2,6,19,4,8,11,39,34
242;24069;24069;5200;31,37,19,14,5,16,24,27,7,1,17,11,39,10,2,6,32,18,8,38,0,3,9,29,30,23,36,20,33,4,25,15,22,28,21,26,35,12,13,34
243;24135;24135;5200;4,26,31,18,29,37,38,11,9,8,27,36,15,22,33,30,25,2,39,19,3,16,24,14,5,7,20,0,12,17,35,23,6,28,13,10,1,34,32,21
244;23927;23927;5200;31,12,7,34,19,28,30,29,1,10,23,37,25,27,35,11,13,32,20,14,39,24,2,6,3,0,17,26,21,36,8,9,4,15,33,22,16,18,38,5
245;24144;24144;5200;0,38,29,2,10,33,27,23,26,32,19,22,3,15,36,16,9,4,30,18,34,11,35,8,28,37,13,39,5,17,7,24,6,21,20,31,14,12,1,25
246;24106;24106;5200;20,34,0,29,17,39,16,27,2,37,5,19,23,4,7,25,26,3,30,10,35,36,28,31,1,14,22,24,18,33,6,15,21,11,32,13,9,8,12,38
247;21533;21533;5200;0,33,3,34,22,21,15,29,10,26,13,39,6,14,18,20,25,37,23,9,8,17,11,27,4,19,28,2,38,16,31,30,32,35,24,5,1,36,12,7
248;24129;24129;5200;17,23,0,26,16,9,15,21,13,20,7,19,28,3,14,27,6,31,18,38,25,22,30,39,24,33,12,35,32,37,36,34,4,5,8,1,10,2,11,29
249;23998;23998;5200;31,1,37,0,34,22,28,19,38,17,27,35,12,26,11,25,8,29,33,6,30,13,10,24,39,15,4,36,21,32,9,2,7,3,5,20,18,14,16,23
250;24084;24084;5200;19,28,22,15,7,27,25,21,16,17,11,34,23,37,29,32,31,5,9,0,18,10,13,33,30,1,35,12,2,6,38,3,14,24,26,36,39,4,20,8
251;23972;23972;5200;39,14,20,7,16,24,5,8,36,4,26,22,25,33,11,34,37,2,19,15,29,31,10,23,9,30,35,27,6,17,12,13,28,21,32,38,3,1,0,18
252;24121;24121;5200;26,36,10,22,17,38,35,4,24,32,28,20,19,1,8,16,30,0,9,15,34,18,13,31,2,21,11,29,33,6,12,5,25,27,7,23,37,3,39,14
253;24126;24126;5200;0,23,38,36,31,30,3,35,32,28,18,22,17,7,21,9,27,33,4,2,34,24,16,11,37,8,15,10,26,14,19,39,20,29,1,12,13,6,25,5
254;24086;24086;5200;8,28,4,13,2,18,15,9,22,24,10,31,38,32,1,23,27,0,11,16,6,34,12,17,37,39,19,21,29,5,3,7,36,14,30,25,35,33,20,26
255;23967;23967;5200;29,25,24,21,0,13,15,23,12,10,31,6,19,1,4,33,39,34,38,9,2,11,37,27,35,18,8,36,5,28,17,26,7,16,32,30,14,22,20,3
256;23970;23970;5200;7,12,31,6,25,10,28,19,17,37,32,14,30,20,8,4,39,36,35,15,22,24,38,13,1,2,29,0,33,23,27,16,18,9,11,3,5,21,34,26
257;24107;24107;5200;12,35,39,24,17,37,6,13,14,15,18,30,36,8,2,9,20,29,7,3,34,23,33,31,5,32,1,25,28,4,26,10,11,38,27,22,16,19,0,21
258;23996;23996;5200;10,34,35,21,3,27,25,1,5,17,28,19,16,39,14,6,23,30,11,18,29,0,37,15,31,13,2,4,24,22,20,12,33,9,38,26,8,36,7,32
259;24018;24018;5200;30,36,10,27,8,22,15,21,33,25,35,13,16,4,12,11,23,26,0,38,2,34,32,29,3,39,31,6,18,9,1,24,28,5,37,7,19,14,17,20
260;24162;24162;5200;7,17,33,4,29,31,22,8,20,27,9,5,14,3,0,24,39,37,35,19,2,25,38,10,18,15,28,13,1,11,30,23,12,34,32,6,21,16,26,36
261;24009;24009;5200;10,37,39,3,2,32,30,11,6,20,7,5,12,18,9,27,16,8,31,21,4,15,19,28,26,33,22,13,38,24,29,34,14,35,25,36,0,17,1,23
262;24112;24112;5200;34,1,6,12,0,9,18,30,21,38,7,35,28,5,39,17,27,10,15,25,11,26,32,13,3,2,23,4,16,20,14,37,33,8,29,36,19,22,31,24
263;23977;23977;5200;1,25,12,10,34,6,13,33,32,0,28,30,37,4,19,8,20,29,3,18,16,27,14,17,26,2,39,21,38,23,22,24,35,5,7,15,36,11,31,9
264;24021;24021;5200;2,14,39,13,6,0,36,29,8,18,38,22,30,34,20,27,32,25,17,19,28,10,23,3,37,11,26,4,16,1,12,24,21,15,35,33,5,31,9,7
265;23911;23911;5200;28,10,39,34,19,22,37,6,27,12,23,25,32,20,38,3,2,16,9,21,33,4,17,11,18,13,15,8,29,14,24,0,35,7,36,1,26,5,31,30
266;24270;24270;5200;6,12,38,26,39,10,3,20,17,15,0,29,1,8,27,14,19,11,37,31,34,28,23,35,2,4,32,22,24,30,25,5,7,16,9,21,36,18,13,33
267;24373;24373;5200;31,33,2,17,22,16,8,13,29,34,3,11,19,37,1,10,24,18,26,39,36,14,38,0,20,32,30,6,4,5,23,27,12,7,21,9,15,25,28,35
268;24360;24360;5200;23,29,19,9,7,25,37,16,5,0,1,38,35,12,36,27,15,6,30,28,39,10,8,32,21,13,3,18,33,26,22,24,34,14,11,17,4,31,20,2
269;24394;24394;5200;37,4,34,16,27,23,11,9,21,3,2,29,28,20,19,30,25,24,0,33,15,36,17,38,31,13,35,10,18,32,7,5,39,26,12,6,14,1,8,22
270;24397;24397;5200;33,0,34,25,10,22,31,26,38,6,27,32,35,14,21,39,3,9,1,20,18,29,28,7,5,17,19,16,30,37,4,11,24,36,12,13,23,8,15,2
271;24358;24358;5200;31,9,11,18,22,33,13,15,17,19,14,24,21,26,37,4,2,8,29,23,28,1,34,3,32,5,38,0,16,36,6,35,7,39,12,20,30,10,25,27
272;24309;24309;5200;9,14,22,34,15,11,33,37,2,13,18,6,24,17,0,32,21,8,5,26,16,12,28,1,36,30,27,10,23,19,29,25,3,4,38,39,20,35,31,7
273;24402;24402;5200;18,30,9,7,10,25,35,33,3,32,5,16,8,12,0,29,34,2,23,19,11,26,27,1,4,15,13,37,38,24,17,31,28,21,22,39,14,20,6,36
274;24084;24084;5200;28,3,10,30,36,39,13,34,22,27,16,21,5,11,24,1,38,32,35,29,12,0,26,6,17,23,20,14,8,4,33,19,15,2,37,9,7,31,25,18
275;24325;24325;5200;22,2,35,10,0,31,3,38,16,15,32,1,27,25,11,8,29,12,18,26,30,39,14,24,13,9,36,21,5,20,34,28,17,7,19,6,4,23,37,33
276;24362;24362;5200;12,35,0,38,24,20,3,18,39,30,7,37,5,36,23,17,26,16,28,27,2,6,1,33,14,25,32,9,22,10,15,4,21,31,8,13,11,34,29,19
277;24366;24366;5200;16,13,9,27,21,18,2,3,15,28,8,1,34,20,24,7,35,4,23,26,11,30,37,17,6,10,14,32,19,25,39,31,29,12,38,33,0,22,36,5
278;24361;24361;5200;10,26,0,25,35,38,13,34,1,31,3,18,30,11,12,36,24,33,39,17,20,2,28,15,29,22,7,14,8,6,27,16,5,23,37,9,21,4,32,19
279;24361;24361;5200;11,33,37,35,34,6,27,1,10,18,5,16,12,21,7,23,8,19,3,32,36,28,25,38,0,14,24,4,9,30,22,39,20,15,29,31,17,2,13,26
280;24380;24380;5200;7,8,11,19,29,34,17,37,31,4,30,36,28,13,24,16,10,39,6,1,25,35,21,18,9,5,12,27,2,38,33,15,0,14,22,26,23,20,3,32
281;24371;24371;5200;2,21,23,9,10,8,11,30,37,26,35,34,33,18,24,14,0,1,32,38,5,6,3,25,12,39,16,27,7,13,28,19,29,20,36,22,31,17,4,15
282;24346;24346;5200;23,22,2,29,15,37,28,13,39,24,8,38,30,10,14,4,0,35,34,21,7,9,1,5,18,27,25,16,32,26,17,3,11,20,33,19,12,36,6,31
283;24382;24382;5200;33,27,26,31,13,39,15,22,21,37,10,4,17,30,11,5,32,3,38,12,6,34,8,36,2,25,0,1,16,23,19,14,29,24,28,20,35,9,18,7
284;24396;24396;5200;22,4,19,6,37,17,28,27,31,5,26,0,18,23,32,16,20,8,14,24,30,10,35,36,29,38,39,3,25,34,33,2,21,11,13,1,15,7,9,12
285;24369;24369;5200;37,34,26,2,16,17,31,27,23,8,15,13,4,11,24,32,0,20,36,35,21,6,14,5,3,38,12,39,22,10,18,9,30,7,29,19,28,33,1,25
286;24386;24386;5200;39,14,20,33,17,26,0,6,3,11,9,2,15,32,27,23,38,31,8,12,25,22,4,30,36,35,10,13,37,5,7,29,18,19,1,16,24,21,34,28
287;24366;24366;5200;9,16,15,37,21,33,13,18,22,23,26,32,12,28,27,3,19,5,25,39,7,38,31,1,17,29,6,20,14,34,36,35,0,8,11,30,10,2,24,4
288;24353;24353;5200;6,10,18,1,33,12,2,9,30,25,23,34,7,37,11,15,35,19,0,39,20,14,24,38,17,13,36,3,27,32,8,28,16,5,4,29,21,31,26,22
289;24386;24386;5200;3,32,21,15,2,11,4,18,23,9,22,26,30,13,28,8,27,31,35,38,25,10,19,39,16,6,34,12,33,20,0,24,29,1,17,37,5,14,36,7
290;24392;24392;5200;35,37,16,39,5,36,24,23,38,27,17,10,30,7,25,14,21,18,22,8,15,34,33,28,9,13,0,1,6,2,4,20,31,29,32,19,26,11,12,3
291;24362;24362;5200;15,19,5,10,38,16,27,1,33,4,37,21,0,11,22,34,7,32,6,39,29,2,25,20,3,23,26,17,28,31,24,18,13,14,35,12,36,8,30,9
292;24372;24372;5200;0,18,28,32,39,12,6,20,21,35,27,25,19,2,23,26,30,36,14,16,22,29,8,33,31,38,10,24,1,13,34,4,3,9,7,15,5,17,37,11
293;24353;24353;5200;14,1,36,27,35,24,3,34,17,10,11,6,39,4,2,18,5,31,20,0,16,7,29,28,38,37,23,19,8,30,21,33,13,26,9,12,32,22,25,15
294;24377;24377;5200;26,0,36,14,13,35,4,19,10,25,21,24,30,16,18,28,15,27,2,34,37,11,8,29,33,31,22,39,7,6,32,38,12,5,20,3,17,23,1,9
295;24374;24374;5200;19,35,31,1,25,28,21,3,29,9,16,14,23,32,37,10,0,34,2,26,27,33,15,12,11,13,22,17,39,20,5,18,7,8,6,36,4,24,30,38
296;24359;24359;5200;7,26,25,19,35,2,27,16,31,22,37,11,15,20,8,5,18,6,28,3,12,13,1,39,17,30,10,32,21,24,33,14,23,9,34,4,36,29,38,0
297;24358;24358;5200;38,39,9,30,8,10,36,14,13,6,26,20,24,16,5,7,2,15,18,37,22,27,4,29,31,17,0,33,25,34,23,12,21,1,35,19,11,28,3,32
298;24381;24381;5200;30,16,5,39,27,36,3,38,1,14,20,29,13,10,9,23,22,35,21,37,19,11,15,2,25,18,4,34,28,0,31,24,8,7,32,6,17,12,33,26
299;24370;24370;5200;20,14,15,4,37,22,6,29,8,9,2,11,3,7,25,26,0,31,10,24,5,13,12,38,30,21,36,35,27,39,1,16,17,28,18,34,33,23,19,32
300;23142;23142;5200;11,13,29,34,10,38,35,0,31,22,23,32,17,5,8,15,28,18,12,26,30,1,21,9,3,6,2,37,27,19,24,16,39,4,14,20,25,36,7,33
301;24381;24381;5200;0,38,6,30,12,36,29,14,32,17,23,27,39,26,10,35,31,8,21,33,11,22,3,9,15,18,37,2,34,25,1,16,4,24,5,13,28,20,19,7
302;24314;24314;5200;27,15,10,17,33,37,23,1,13,30,16,36,5,32,6,19,21,22,35,8,9,18,2,0,34,31,4,11,39,14,25,3,20,24,38,7,29,28,26,12
303;24380;24380;5200;28,25,0,17,26,31,14,22,19,1,33,10,2,20,7,37,12,16,30,18,36,38,21,29,13,9,6,15,23,11,32,8,35,24,39,4,5,3,34,27
304;24367;24367;5200;24,8,30,17,33,14,36,10,34,11,5,4,22,28,38,35,12,16,6,9,0,25,1,18,26,13,2,27,29,32,31,20,21,23,3,15,7,39,19,37
305;24367;24367;5200;0,21,9,33,18,11,31,10,22,35,28,25,4,1,34,38,27,14,26,29,13,2,16,30,20,15,36,24,6,23,37,5,32,19,3,8,7,39,12,17
306;24379;24379;5200;39,25,34,33,22,13,19,26,31,21,1,2,17,9,38,5,32,3,10,6,14,12,24,37,36,35,16,30,11,8,23,7,28,4,27,15,29,0,18,20
307;24345;24345;5200;0,14,6,30,35,10,38,36,3,1,5,39,19,16,12,18,15,22,4,23,13,33,37,9,8,21,11,34,20,31,24,17,27,32,28,29,2,7,26,25
308;24408;24408;5200;32,4,0,13,21,6,1,12,31,14,33,3,15,22,24,26,2,16,25,10,28,27,37,18,35,19,23,38,29,30,34,39,36,5,11,9,7,17,20,8
309;24380;24380;5200;39,26,23,35,32,6,28,12,33,14,2,29,20,31,5,0,9,17,21,37,34,18,30,3,11,1,10,27,8,24,7,25,13,22,15,36,19,38,4,16
310;24344;24344;5200;25,4,2,27,19,9,8,5,7,23,11,38,37,17,36,35,32,28,26,6,34,16,21,1,31,12,22,33,29,20,24,10,13,18,39,30,15,3,0,14
311;24335;24335;5200;21,15,4,30,18,13,29,2,31,17,11,20,0,22,23,28,39,6,37,24,35,36,14,32,38,3,26,27,9,16,33,7,34,12,25,19,10,1,8,5
312;24399;24399;5200;0,18,16,11,26,14,34,37,10,36,8,13,2,27,30,38,39,31,6,25,32,17,3,21,23,29,12,20,9,33,5,35,4,22,28,15,19,1,24,7
313;24347;24347;5200;27,37,13,26,2,17,11,15,34,8,4,25,22,7,1,39,3,38,12,33,24,30,36,0,35,29,14,31,20,18,23,16,5,32,10,6,21,28,9,19
314;24374;24374;5200;28,20,12,10,3,30,2,32,27,34,11,1,25,0,6,38,5,4,19,35,18,31,7,21,37,16,9,29,33,36,24,22,14,13,26,15,8,39,23,17
315;24359;24359;5200;27,19,2,34,4,38,11,13,37,39,20,10,15,36,23,7,17,35,21,6,25,1,18,28,12,16,5,31,8,33,26,22,3,0,30,9,29,24,14,32
316;24405;24405;5200;22,14,34,35,24,11,33,8,2,13,20,36,3,9,23,15,38,10,18,30,29,6,27,0,31,39,16,32,26,12,17,1,28,5,4,7,25,37,21,19
317;24344;24344;5200;13,29,39,2,37,31,20,11,34,8,5,7,6,19,10,14,25,24,35,32,33,0,17,26,3,36,38,27,12,28,15,4,1,22,9,23,21,18,30,16
318;24271;24271;5200;20,3,16,33,17,39,27,9,15,13,12,34,22,24,5,35,23,29,32,7,4,28,2,11,8,6,19,37,18,30,38,10,36,0,26,14,25,21,1,31
319;24402;24402;5200;27,0,29,36,31,32,38,3,23,4,20,1,24,26,14,7,8,5,28,22,10,30,35,25,18,16,2,21,6,15,34,9,33,11,39,19,37,13,17,12
320;24410;24410;5200;24,27,1,23,33,15,13,22,34,26,6,14,28,21,37,32,38,31,0,36,29,2,18,12,8,20,3,35,5,30,9,16,10,7,4,19,25,17,39,11
321;24369;24369;5200;14,26,36,8,17,35,24,13,27,6,25,18,15,12,21,39,31,37,4,30,19,1,34,33,38,22,11,10,28,3,2,0,29,23,5,9,16,7,32,20
322;24356;24356;5200;13,25,12,6,24,3,27,10,35,30,39,23,38,7,17,2,33,0,22,8,28,20,34,37,11,29,9,31,1,5,19,14,26,18,32,15,16,21,36,4
323;24367;24367;5200;12,27,31,3,18,33,2,15,6,9,26,32,21,23,25,17,29,35,8,20,30,24,36,10,38,13,4,0,19,11,1,14,37,34,39,22,16,5,7,28
324;24388;24388;5200;23,1,6,2,5,32,34,3,28,35,17,20,33,10,27,7,22,9,36,11,0,24,4,8,18,12,21,14,19,37,15,31,38,13,30,16,29,25,39,26
325;24109;24109;5200;33,26,22,1,31,27,28,34,19,32,14,5,3,7,8,38,4,21,24,0,30,2,35,18,9,12,11,16,20,29,15,39,37,25,6,10,23,17,36,13
326;24314;24314;5200;7,18,33,17,13,5,2,20,27,8,36,38,24,0,23,14,12,6,30,9,39,3,1,10,25,35,29,34,31,37,26,16,22,19,15,11,21,4,28,32
327;24324;24324;5200;7,16,2,23,19,5,20,39,28,35,36,32,3,15,11,21,26,18,1,30,29,27,14,13,31,25,10,17,8,6,0,33,24,22,38,4,12,34,37,9
328;24368;24368;5200;23,28,13,32,38,35,26,36,0,9,6,15,34,14,22,33,17,21,27,2,29,18,7,5,20,16,30,31,1,39,25,10,11,19,8,24,4,37,3,12
329;24352;24352;5200;15,30,38,36,31,24,0,18,35,34,13,9,21,7,8,1,4,12,6,25,19,16,32,37,17,14,28,26,20,27,23,22,33,2,39,11,3,10,29,5
330;24366;24366;5200;5,23,10,27,3,33,30,32,26,16,7,36,28,14,34,31,18,9,0,21,13,6,39,38,37,11,2,12,35,15,17,24,29,19,22,1,20,4,25,8
331;24346;24346;5200;6,14,35,39,24,13,12,36,8,1,29,3,26,32,19,4,2,0,7,38,30,16,5,31,17,10,21,27,9,34,23,25,15,11,33,28,20,18,37,22
332;24390;24390;5200;16,14,27,33,28,3,36,39,26,19,24,23,6,32,9,35,31,2,37,4,20,29,22,34,13,17,8,11,38,10,25,7,12,18,30,0,21,1,5,15
333;24287;24287;5200;34,29,6,20,23,32,14,2,39,27,11,13,15,8,4,0,33,12,24,17,35,21,31,3,30,36,26,10,19,22,5,7,25,38,9,16,37,18,28,1
334;24360;24360;5200;13,4,10,15,26,30,14,38,18,35,22,17,20,8,36,33,27,21,19,23,2,37,6,12,16,32,1,28,11,34,31,25,29,39,5,7,3,24,0,9
335;24385;24385;5200;31,19,8,28,29,22,4,37,27,34,23,21,11,17,16,25,39,12,13,10,2,30,3,38,35,20,6,18,14,36,33,15,24,5,7,26,0,9,32,1
336;24331;24331;5200;10,12,29,9,8,4,27,35,21,34,1,18,25,5,33,11,39,36,13,16,30,14,31,38,15,22,26,17,0,32,2,20,7,23,6,24,37,28,3,19
337;24351;24351;5200;16,25,2,33,1,7,27,17,19,6,8,31,34,5,11,37,35,30,24,36,21,13,28,18,15,0,10,38,23,22,9,39,26,4,20,32,29,12,3,14
338;24361;24361;5200;29,38,10,0,5,20,11,35,2,18,30,37,8,17,7,21,24,1,15,13,31,33,6,12,39,34,22,27,16,3,32,28,19,26,14,4,9,25,23,36
339;24333;24333;5200;32,37,24,4,14,23,11,2,17,3,6,26,7,16,29,39,9,34,30,12,10,25,21,35,36,8,0,38,15,18,22,31,33,19,1,20,5,13,27,28
340;24368;24368;5200;8,28,16,15,0,33,22,31,5,19,11,37,36,35,29,4,23,27,6,32,7,3,26,34,10,17,1,25,24,39,13,30,14,2,9,18,20,38,21,12
341;24355;24355;5200;11,35,34,2,13,27,37,20,3,10,8,29,9,5,7,23,6,24,38,31,0,16,39,36,14,26,33,17,4,12,28,30,1,21,22,25,15,19,32,18
342;24356;24356;5200;31,24,38,5,29,36,2,3,0,33,23,9,8,21,37,1,27,34,39,10,6,4,18,30,12,35,11,13,20,15,22,32,17,26,16,7,14,25,19,28
343;24406;24406;5200;5,12,1,30,0,13,38,36,7,9,2,16,35,6,26,10,27,34,22,8,4,37,17,25,15,11,33,19,28,29,23,20,14,3,18,31,32,21,39,24
344;24377;24377;5200;19,25,12,24,22,28,8,30,13,36,17,7,38,5,6,31,11,1,35,9,33,10,4,2,21,37,27,34,16,32,15,39,26,23,18,14,3,20,29,0
345;24345;24345;5200;6,31,10,26,33,9,28,32,27,29,2,17,4,8,3,20,16,13,12,37,1,15,11,5,25,21,22,34,7,23,35,14,30,24,36,18,19,0,38,39
346;24369;24369;5200;31,19,33,15,6,4,22,11,0,25,2,34,39,1,20,28,24,14,9,18,8,35,13,26,30,36,38,37,29,32,12,7,17,3,16,21,27,10,5,23
347;24351;24351;5200;35,25,12,33,24,38,27,16,0,11,2,9,18,14,21,36,5,29,22,23,7,17,31,19,20,6,28,15,1,4,26,34,3,32,13,10,30,39,8,37
348;24389;24389;5200;12,19,25,26,35,29,28,24,14,16,21,5,10,32,0,38,4,11,22,15,23,17,27,37,2,33,13,8,36,3,30,20,34,9,39,18,7,6,31,1
349;24366;24366;5200;16,4,27,6,18,17,35,10,30,9,21,32,1,39,33,14,24,36,8,19,12,11,0,34,2,22,37,25,31,13,15,29,7,23,38,26,20,5,28,3
350;24387;24387;5200;34,5,3,37,26,32,11,8,23,21,16,25,17,35,4,22,18,31,0,39,20,29,10,6,30,15,9,13,38,19,27,7,33,14,24,28,2,12,1,36
351;24402;24402;5200;13,35,2,36,18,38,39,24,15,0,9,31,4,1,11,22,7,20,37,17,6,30,21,26,12,25,10,14,8,29,3,16,5,19,34,23,27,28,33,32
352;24341;24341;5200;12,11,23,2,37,6,4,32,27,20,9,24,7,26,3,14,34,5,39,1,10,35,33,30,38,13,29,0,28,17,18,16,36,21,8,19,22,31,25,15
353;24378;24378;5200;27,0,14,1,39,36,16,38,25,37,5,10,20,15,23,4,29,18,6,21,28,35,9,17,12,2,31,30,8,32,13,7,11,34,33,3,26,19,22,24
354;24336;24336;5200;37,32,15,4,19,28,9,11,25,17,5,31,26,7,29,16,13,6,39,10,30,20,14,38,35,12,0,3,22,18,33,27,1,23,34,36,21,24,2,8
355;24393;24393;5200;2,11,36,24,18,27,31,0,38,25,22,1,35,21,17,16,20,4,6,13,37,29,23,39,3,19,32,7,15,33,14,5,30,26,10,8,9,12,28,34
356;24397;24397;5200;6,29,12,21,15,35,39,13,20,33,26,2,3,11,22,37,10,28,38,14,30,17,31,36,25,24,8,9,7,19,0,16,34,1,5,27,4,32,23,18
357;24389;24389;5200;34,28,20,39,11,3,38,6,32,5,1,21,10,27,23,9,29,7,35,36,4,14,8,19,25,26,17,24,33,22,31,15,18,2,12,0,37,13,30,16
358;24392;24392;5200;15,9,13,22,27,17,2,28,8,21,34,12,33,3,24,11,31,23,6,29,14,37,30,38,39,20,32,36,35,7,4,1,26,19,10,16,5,18,25,0
359;24341;24341;5200;9,39,18,27,25,31,17,7,2,26,1,10,20,29,11,38,8,19,15,23,3,37,33,28,6,13,4,32,35,24,30,14,0,36,16,22,21,34,5,12
360;24258;24258;5200;38,27,36,8,18,3,0,2,26,7,17,5,24,34,1,23,11,22,10,35,21,4,15,32,13,9,30,33,14,28,25,29,19,37,16,39,20,6,12,31
361;24372;24372;5200;19,18,35,2,9,4,11,21,26,7,16,38,29,25,37,0,12,22,31,28,34,10,8,30,33,32,1,13,14,27,23,17,5,24,6,15,36,20,3,39
362;24354;24354;5200;34,4,3,10,32,23,30,37,2,21,9,8,11,20,29,35,27,33,19,17,18,15,26,22,16,31,0,28,14,5,39,7,13,1,12,24,38,6,36,25
363;24351;24351;5200;25,4,18,10,17,19,35,16,0,11,12,2,37,24,21,38,13,22,30,6,15,33,39,32,31,26,28,9,5,36,1,34,20,14,3,23,7,8,27,29
364;24380;24380;5200;35,0,25,7,19,38,24,28,10,34,1,22,5,33,39,3,27,14,17,20,26,2,21,29,12,18,16,13,31,9,32,11,15,4,30,37,6,23,36,8
365;24350;24350;5200;17,38,6,39,10,12,1,25,20,11,5,26,21,23,8,27,18,14,35,31,15,36,13,3,24,22,30,29,2,28,37,4,33,32,7,16,19,34,0,9
366;24358;24358;5200;8,12,31,24,21,9,18,14,36,23,26,33,34,30,6,11,32,15,16,19,3,28,13,27,2,4,37,0,20,7,22,35,25,10,17,39,5,38,29,1
367;24340;24340;5200;10,17,30,36,28,25,38,35,0,24,19,16,23,39,5,33,8,31,18,11,37,1,2,27,12,9,4,21,6,32,13,29,3,20,7,26,15,14,22,34
368;24364;24364;5200;20,36,16,39,23,38,10,30,14,4,9,25,37,8,7,17,6,32,31,12,35,0,29,13,15,2,24,27,28,18,19,3,26,34,1,11,22,5,21,33
369;24374;24374;5200;36,38,22,1,29,37,0,34,31,26,32,5,27,11,18,25,21,6,28,12,13,10,35,30,33,24,15,39,4,3,20,17,23,19,8,9,14,2,16,7
370;24349;24349;5200;26,17,3,14,5,0,1,20,36,39,6,28,22,32,8,24,31,11,27,19,35,33,37,34,16,2,25,10,4,7,30,15,38,21,12,29,13,23,9,18
371;24398;24398;5200;38,27,0,39,25,31,18,13,7,9,34,1,23,4,10,28,35,36,15,12,20,24,17,33,26,29,14,22,11,19,16,30,8,6,5,3,21,32,37,2
372;24393;24393;5200;33,30,36,26,22,18,14,15,38,20,8,31,37,16,5,7,21,2,9,6,1,11,39,0,29,34,12,35,4,17,13,25,3,28,19,24,32,23,10,27
373;24337;24337;5200;14,21,26,10,1,25,33,9,5,31,22,0,36,15,3,30,19,7,27,34,37,20,11,17,28,18,4,2,38,35,6,8,12,13,39,23,32,29,24,16
374;24363;24363;5200;12,14,35,17,25,6,26,28,39,23,5,36,24,32,9,3,27,4,33,31,34,29,11,37,19,22,8,7,10,38,15,18,20,1,16,2,0,21,13,30
375;24321;24321;5200;22,8,33,28,1,5,11,34,4,7,19,6,10,17,13,9,14,36,27,3,37,38,39,18,20,0,24,29,25,30,16,12,26,23,32,31,21,2,15,35
376;24328;24328;5200;2,22,15,13,6,26,27,31,29,23,39,32,33,24,3,20,25,16,37,19,17,12,7,10,11,34,36,30,5,21,35,14,1,9,0,8,18,38,4,28
377;24373;24373;5200;14,6,22,28,26,27,36,12,24,9,35,4,18,11,8,15,32,19,3,17,25,1,23,37,7,5,16,10,0,39,33,38,13,30,29,20,21,31,34,2
378;24340;24340;5200;31,13,27,18,0,33,30,3,34,32,1,29,10,16,12,22,26,39,38,35,2,17,9,11,8,23,24,36,21,5,4,14,15,6,20,19,7,37,28,25
379;24367;24367;5200;35,10,27,36,11,34,17,37,13,38,23,16,29,39,1,20,28,30,21,32,12,3,22,31,6,33,18,26,4,0,24,19,7,9,8,25,2,14,5,15
380;24283;24283;5200;19,1,9,0,25,28,27,2,31,37,38,34,17,16,23,6,10,12,4,18,29,3,13,35,22,30,15,21,24,14,36,7,33,32,39,5,8,26,11,20
381;24308;24308;5200;10,8,1,6,2,30,12,39,29,4,15,23,27,25,26,13,38,16,20,14,35,9,0,7,24,36,5,18,11,33,19,37,28,32,17,31,22,34,3,21
382;24163;24163;5200;2,1,12,34,27,17,6,35,23,25,29,7,31,28,33,19,22,30,11,24,0,9,8,21,10,13,15,18,26,4,3,20,39,36,5,32,14,38,16,37
383;24324;24324;5200;2,5,16,7,17,29,31,20,33,23,1,21,32,18,10,3,28,38,19,0,6,14,26,39,24,36,37,4,9,13,25,15,34,12,8,11,22,30,27,35
384;24375;24375;5200;22,15,6,8,39,33,23,32,9,1,25,13,20,21,37,34,36,18,14,31,28,27,26,0,17,38,30,3,16,5,7,19,2,4,12,35,24,29,11,10
385;24288;24288;5200;6,1,34,30,18,31,28,10,12,2,11,36,17,0,20,24,22,35,13,39,21,27,15,33,25,7,16,9,29,19,4,5,37,3,38,23,8,32,14,26
386;24282;24282;5200;16,8,17,11,4,35,27,30,37,15,13,31,18,24,1,34,25,23,5,28,6,10,2,3,20,32,19,7,33,14,0,9,21,29,26,39,38,12,36,22
387;24284;24284;5200;34,27,35,32,2,6,37,38,11,14,1,20,4,18,0,19,10,3,12,33,25,8,39,15,31,30,13,22,9,28,29,17,36,7,16,23,5,24,21,26
388;24336;24336;5200;24,36,38,16,2,10,30,27,35,29,18,37,15,17,0,12,28,9,25,19,5,20,6,8,23,7,1,39,11,3,31,33,26,22,21,4,14,32,34,13
389;24362;24362;5200;23,38,30,36,8,20,39,14,29,13,17,6,12,15,31,32,16,22,28,7,5,3,27,2,10,25,37,19,4,21,33,34,18,0,35,26,9,11,24,1
390;24325;24325;5200;33,34,0,37,26,14,22,19,28,25,3,15,23,11,7,17,38,2,13,31,39,10,36,18,9,20,24,35,1,8,29,27,16,32,4,30,21,6,12,5
391;24358;24358;5200;36,25,30,15,14,8,0,13,38,39,20,29,22,28,3,26,21,17,18,35,24,37,10,12,31,27,9,34,5,33,23,7,32,1,2,6,16,11,4,19
392;24348;24348;5200;39,3,37,31,23,10,29,30,32,2,14,19,13,24,26,11,18,6,27,1,15,12,33,21,16,9,22,0,38,28,34,5,7,36,25,35,4,17,8,20
393;24259;24259;5200;34,23,33,38,15,8,31,11,25,12,21,30,22,18,37,36,39,4,6,14,32,13,20,17,29,1,26,3,24,5,27,10,35,28,7,2,0,16,19,9
394;24374;24374;5200;1,17,6,30,14,12,21,37,28,24,9,27,19,16,0,20,39,26,32,15,33,29,31,23,22,3,13,18,10,38,4,11,36,7,34,25,35,8,2,5
395;24337;24337;5200;7,17,12,19,21,6,28,29,16,0,13,8,32,23,25,31,18,14,38,15,33,36,22,2,9,24,30,35,27,3,10,26,5,11,34,37,39,4,1,20
396;24366;24366;5200;27,33,16,34,15,10,5,1,22,38,17,24,28,18,30,11,8,19,4,25,7,20,29,2,39,37,26,14,32,23,0,9,35,6,21,12,13,31,36,3
397;24361;24361;5200;37,17,1,0,34,11,27,23,2,18,12,9,6,25,26,32,21,14,5,19,31,20,24,10,29,16,7,8,4,30,22,38,13,3,15,33,39,35,28,36
398;24360;24360;5200;11,26,2,39,34,22,33,27,15,20,7,1,17,18,12,35,0,38,13,30,4,37,25,8,28,9,10,19,3,6,36,29,24,21,5,32,14,16,23,31
399;24353;24353;5200;22,33,32,4,37,8,19,23,28,21,12,26,11,31,24,5,39,20,38,3,27,35,10,13,0,30,6,2,15,29,14,36,9,16,18,17,25,7,1,34
400;24321;24321;5200;11,34,19,4,25,5,37,10,29,2,14,28,33,3,30,8,18,26,1,21,13,9,6,12,39,16,20,35,7,36,38,24,0,31,32,17,15,22,23,27
401;24391;24391;5200;13,31,15,22,3,16,30,28,33,32,23,11,27,19,10,7,38,25,24,0,8,1,14,26,34,9,12,36,35,20,5,4,39,18,2,6,17,37,21,29
402;24358;24358;5200;5,28,1,26,21,33,16,32,38,18,3,14,15,29,20,25,35,12,27,39,11,10,6,30,2,13,34,0,36,19,4,31,23,7,9,24,22,17,37,8
403;24288;24288;5200;18,13,37,30,22,15,9,2,24,38,11,3,8,28,10,21,7,27,1,17,16,39,12,23,32,6,5,26,4,29,14,20,36,34,25,0,35,31,19,33
404;24353;24353;5200;10,25,13,32,6,33,12,26,21,35,4,27,29,31,11,39,8,5,7,36,18,9,38,16,20,14,24,17,3,15,19,0,1,23,37,28,22,30,34,2
405;24334;24334;5200;2,39,5,31,7,3,20,29,17,6,24,32,8,26,0,22,34,10,27,18,16,4,37,9,21,35,12,1,14,38,28,30,19,15,23,11,36,25,33,13
406;24322;24322;5200;3,10,32,29,22,34,23,18,33,14,9,6,37,21,20,8,15,31,30,13,19,16,2,5,27,1,28,25,7,39,38,26,35,4,36,17,24,11,0,12
407;24201;24201;5200;0,16,27,11,9,39,13,4,34,29,21,35,38,30,14,17,26,19,37,3,31,32,18,28,10,25,33,22,12,2,5,1,36,7,6,23,24,20,8,15
408;24384;24384;5200;28,37,2,23,14,18,27,32,3,15,29,31,38,33,30,8,12,25,5,19,17,21,16,1,13,6,26,39,22,7,34,35,9,0,24,36,11,20,10,4
409;24272;24272;5200;34,9,14,33,32,3,25,39,26,0,10,38,31,19,12,20,27,15,11,2,8,29,37,4,17,22,23,18,36,1,30,16,21,13,24,35,7,5,6,28
410;24337;24337;5200;34,0,12,27,31,6,25,16,33,35,22,8,39,20,1,7,24,38,2,26,36,5,30,29,10,14,17,3,9,21,32,37,19,4,18,13,28,15,23,11
411;24349;24349;5200;31,34,23,27,29,2,33,37,25,32,6,13,22,3,17,8,14,5,1,18,21,24,9,36,12,35,0,15,11,20,26,38,10,28,16,39,30,7,4,19
412;24383;24383;5200;38,24,8,1,36,35,0,27,31,7,14,18,23,20,5,4,28,6,39,3,29,19,17,13,2,16,26,32,22,33,15,25,12,34,30,10,9,11,37,21
413;24358;24358;5200;2,16,13,33,27,8,9,39,18,4,22,15,21,32,31,29,17,25,1,26,34,30,10,38,0,37,35,36,23,7,3,28,20,6,12,14,11,5,19,24
414;24148;24148;5200;10,30,24,12,31,27,17,25,35,36,8,37,33,19,23,34,14,16,18,21,13,7,20,39,2,29,15,6,32,22,9,3,0,26,28,1,4,5,38,11
415;24350;24350;5200;28,4,37,10,34,1,11,18,0,6,19,25,9,21,39,7,22,15,3,30,35,38,8,2,27,23,36,29,33,13,16,12,24,32,31,17,5,26,14,20
416;24313;24313;5200;34,4,11,19,33,24,27,37,16,18,8,36,0,1,14,30,10,31,13,39,23,29,21,2,25,15,22,6,17,12,35,28,32,9,3,20,7,38,26,5
417;24334;24334;5200;22,4,19,7,17,29,16,28,24,14,18,5,20,10,36,13,37,11,2,33,3,27,34,31,25,8,1,0,39,23,21,32,26,30,35,12,9,38,6,15
418;24320;24320;5200;39,18,1,17,35,2,12,25,27,5,16,23,0,29,37,28,33,21,4,22,13,9,11,30,10,8,34,15,3,36,20,14,7,19,24,31,6,32,38,26
419;24299;24299;5200;1,18,11,2,9,4,28,13,15,35,19,21,27,32,37,7,31,8,25,30,12,33,20,22,39,0,6,29,26,23,14,3,17,34,38,16,24,5,36,10
420;24352;24352;5200;0,31,3,32,23,6,35,38,13,24,17,5,28,25,21,16,36,18,15,9,34,30,33,11,22,8,26,27,19,10,2,12,14,7,37,1,20,39,4,29
421;24351;24351;5200;34,26,3,6,28,33,32,25,11,12,4,21,38,7,10,39,9,17,23,22,2,27,37,15,18,13,31,19,24,5,16,35,29,0,30,20,1,14,36,8
422;24300;24300;5200;21,7,19,4,8,10,29,11,37,28,14,35,36,39,3,20,16,33,5,27,1,9,34,2,26,31,25,17,15,24,30,32,0,13,22,23,6,38,12,18
423;24343;24343;5200;39,26,3,18,27,23,32,1,33,14,24,20,38,28,6,34,11,25,10,37,21,4,9,12,17,2,19,35,7,15,0,29,16,22,13,8,5,31,30,36
424;24233;24233;5200;10,30,23,39,3,6,0,35,18,21,12,38,7,5,36,17,1,4,25,9,29,37,11,33,34,28,19,32,13,31,8,27,24,26,14,22,2,20,16,15
425;24158;24158;5200;9,3,17,7,26,18,1,20,2,34,8,12,21,4,25,38,13,39,10,32,31,15,28,27,6,29,30,23,19,5,22,24,37,35,14,33,0,36,11,16
426;24292;24292;5200;0,13,1,3,4,34,26,31,11,2,37,23,10,27,9,29,36,39,17,18,15,33,22,30,38,14,20,24,8,6,7,16,35,21,19,32,12,5,25,28
427;24368;24368;5200;29,15,2,25,19,30,22,31,28,16,4,21,34,9,18,27,17,10,35,26,39,33,3,14,38,24,36,0,20,5,23,7,32,12,6,11,8,13,1,37
428;24369;24369;5200;19,24,37,12,14,25,35,36,23,4,20,29,10,5,16,39,15,17,30,13,22,26,33,3,18,9,34,38,28,11,32,31,21,0,2,1,6,8,7,27
429;24323;24323;5200;28,8,9,20,10,18,27,32,30,4,37,33,22,36,2,11,1,25,13,38,29,3,35,31,12,0,6,39,15,7,23,14,17,5,24,19,34,16,26,21
430;24238;24238;5200;9,18,21,16,7,19,28,37,2,29,13,20,25,4,15,1,26,34,12,33,36,31,0,22,10,38,32,30,27,14,23,6,5,3,8,39,17,11,35,24
431;24365;24365;5200;2,31,10,39,30,34,18,3,38,0,24,22,33,36,8,1,7,37,17,28,19,23,26,14,6,5,16,32,20,11,29,9,35,27,4,21,25,15,13,12
432;24333;24333;5200;11,30,29,37,26,10,23,32,6,18,19,2,28,17,3,20,38,24,21,8,34,12,0,35,39,36,13,14,1,31,15,33,27,22,9,7,16,4,25,5
433;24288;24288;5200;12,34,28,33,1,24,14,32,26,16,15,22,17,37,5,25,10,8,36,30,38,9,39,21,18,11,6,35,4,31,2,13,3,29,27,20,23,0,19,7
434;24044;24044;5200;21,35,34,18,10,30,12,6,4,29,36,17,25,24,1,11,0,39,9,3,38,2,31,27,22,8,33,16,20,14,37,15,23,19,28,7,32,26,5,13
435;24361;24361;5200;20,17,31,6,13,1,2,34,39,21,32,29,23,9,3,18,11,27,12,37,35,14,25,16,19,4,5,7,8,24,10,28,30,36,38,22,0,15,26,33
436;24408;24408;5200;8,35,33,27,2,31,29,6,12,15,24,0,9,21,14,26,13,7,5,1,37,32,18,16,25,19,23,28,34,3,11,36,20,17,30,39,10,4,38,22
437;24341;24341;5200;2,21,27,37,1,28,23,13,5,15,16,6,20,26,32,19,34,30,25,9,29,22,38,18,31,36,33,8,3,4,12,17,39,35,0,11,7,24,10,14
438;24339;24339;5200;2,28,33,6,12,32,26,1,27,38,24,3,14,17,8,4,10,13,20,9,5,21,11,16,35,39,7,25,19,18,0,22,15,29,37,34,36,31,23,30
439;24297;24297;5200;36,0,16,30,14,37,38,34,11,21,8,18,39,1,29,20,31,24,2,13,35,26,27,4,3,17,6,32,25,23,12,10,28,7,5,9,33,22,19,15
440;24349;24349;5200;27,3,25,2,6,32,0,10,13,22,12,34,19,16,4,11,23,29,38,14,24,36,8,20,21,39,30,35,37,1,28,17,33,26,31,5,18,15,9,7
441;24295;24295;5200;25,2,27,4,26,30,39,10,17,21,0,38,23,12,1,24,37,34,3,22,11,8,35,15,33,9,19,18,36,7,13,16,29,5,6,14,31,28,32,20
442;24372;24372;5200;34,23,20,29,4,11,37,18,19,31,38,13,9,21,25,15,3,6,27,30,2,8,36,24,32,10,35,39,26,33,28,1,14,7,0,17,12,22,16,5
443;24354;24354;5200;33,37,25,29,11,15,23,22,2,10,19,4,32,12,8,6,14,38,26,18,27,0,34,24,30,13,1,36,31,9,3,28,5,16,21,20,17,39,35,7
444;24367;24367;5200;26,33,16,14,6,32,21,15,13,37,19,1,4,2,27,17,22,30,31,8,0,9,25,18,24,10,28,36,11,7,38,20,29,12,34,39,35,3,5,23
445;24347;24347;5200;13,22,20,3,31,39,15,6,32,2,27,34,11,30,23,0,12,38,7,9,25,21,17,18,28,35,10,19,26,4,8,33,36,29,14,24,37,1,16,5
446;24286;24286;5200;7,22,5,28,10,16,19,9,18,12,1,15,37,23,34,13,36,38,30,17,26,31,25,27,2,39,0,14,20,29,6,24,3,33,21,8,35,11,4,32
447;24364;24364;5200;35,9,12,38,24,0,31,17,6,25,26,13,15,4,23,37,39,3,29,27,28,20,30,2,18,36,10,16,14,19,32,22,33,34,8,5,1,7,21,11
448;24265;24265;5200;29,39,18,20,38,4,36,9,0,8,14,31,16,21,26,24,19,25,35,10,11,7,30,2,17,28,27,5,12,37,3,22,6,34,32,13,33,1,15,23
449;24387;24387;5200;38,7,18,23,13,16,15,20,29,1,5,25,26,2,3,32,21,39,0,36,35,30,27,12,24,10,9,14,6,17,34,4,11,37,22,19,33,31,8,28
450;23618;23618;5200;26,33,30,32,4,16,10,25,17,31,21,28,19,12,3,6,24,39,35,20,18,36,0,13,38,29,2,27,14,8,1,7,9,23,5,37,34,22,15,11
451;23899;23899;5200;14,28,3,16,32,27,24,18,23,12,26,20,1,6,0,38,10,31,35,25,11,4,29,19,37,7,2,5,17,33,30,8,15,39,21,34,13,9,22,36
452;24376;24376;5200;34,12,27,1,6,35,30,10,24,16,21,14,7,22,15,23,9,19,28,4,13,11,18,32,25,17,37,26,8,5,38,33,3,39,20,29,2,0,31,36
453;24369;24369;5200;27,0,1,2,18,38,16,3,28,9,29,33,4,14,22,8,17,23,26,30,7,5,39,31,32,25,6,10,36,19,20,12,11,35,21,24,15,13,37,34
454;24318;24318;5200;15,38,33,13,22,20,0,39,37,9,11,35,34,7,24,19,31,28,26,27,6,30,14,29,23,32,10,2,12,21,3,16,8,36,25,17,5,4,18,1
455;24382;24382;5200;12,21,0,1,39,31,27,16,35,10,36,30,8,22,5,23,20,14,26,29,24,15,33,25,6,13,9,17,4,7,3,11,18,19,32,28,34,2,37,38
456;24354;24354;5200;27,1,34,37,26,3,11,2,33,19,24,13,16,9,28,5,12,8,35,0,39,6,38,17,25,10,29,31,4,14,36,21,18,7,30,32,20,15,23,22
457;24233;24233;5200;30,10,9,8,22,15,18,31,33,23,6,39,16,27,5,20,38,3,35,7,0,36,13,24,28,21,1,12,26,34,37,17,19,32,11,4,14,2,25,29
458;24364;24364;5200;19,39,2,35,16,31,28,22,13,21,38,11,4,33,30,36,12,14,7,5,25,17,20,24,29,26,6,1,15,10,32,0,34,27,18,8,3,9,23,37
459;24353;24353;5200;34,28,22,38,35,2,15,33,31,20,23,8,14,36,39,29,7,19,13,37,4,0,3,18,30,11,10,17,6,24,9,16,21,32,12,27,5,1,25,26
460;24397;24397;5200;5,16,34,11,27,25,1,4,33,9,32,8,14,36,3,24,0,21,10,37,31,13,15,29,26,23,22,2,18,6,38,28,30,20,35,12,39,17,7,19
461;24025;24025;5200;2,18,13,21,9,17,1,27,28,33,32,7,25,38,39,36,31,20,0,30,34,29,3,8,4,11,10,5,23,26,14,24,19,16,37,6,12,22,35,15
462;24286;24286;5200;19,2,13,21,29,16,25,37,18,10,24,5,30,7,14,36,26,39,33,6,12,15,0,31,22,34,27,28,38,32,4,11,20,23,17,8,9,3,1,35
463;24360;24360;5200;11,20,31,36,2,22,27,24,29,3,33,14,17,7,32,8,18,13,10,39,37,0,19,28,30,38,34,4,16,23,1,12,21,25,35,26,15,6,9,5
464;24319;24319;5200;35,12,15,2,22,26,27,29,1,18,33,25,14,16,37,17,0,31,9,3,8,10,34,36,4,11,30,13,20,32,39,6,28,38,24,21,23,19,7,5
465;24207;24207;5200;21,22,11,8,31,33,15,29,26,16,0,39,13,20,4,5,7,25,36,12,19,35,37,38,30,10,6,24,2,1,14,3,9,28,18,17,23,27,32,34
466;24332;24332;5200;26,18,31,39,2,29,24,27,17,36,30,3,32,21,20,15,28,13,34,0,9,38,1,25,37,11,19,35,16,23,33,5,7,6,10,12,8,4,22,14
467;24273;24273;5200;15,38,36,34,0,30,8,10,18,5,17,28,22,20,39,4,35,13,23,2,37,12,24,25,9,21,1,27,3,11,33,14,29,7,6,32,31,16,19,26
468;24378;24378;5200;30,3,5,2,10,1,36,23,38,7,29,4,14,32,15,16,31,27,0,34,18,33,9,39,8,22,11,13,26,6,17,12,37,20,19,25,35,28,21,24
469;24357;24357;5200;37,16,34,11,5,2,31,8,4,18,21,13,30,32,23,10,29,14,1,6,20,36,35,17,24,39,38,26,9,28,7,0,3,33,25,12,15,27,19,22
470;23715;23715;5200;39,38,11,13,18,9,14,36,34,10,3,15,8,31,22,33,29,27,0,2,20,16,28,19,7,5,23,25,24,37,35,12,17,32,21,26,4,30,6,1
471;24364;24364;5200;36,20,14,39,24,15,10,23,38,3,2,18,27,29,28,32,25,7,34,19,22,11,33,4,37,17,31,35,13,5,12,21,30,16,9,8,26,0,1,6
472;24353;24353;5200;36,31,29,0,15,22,30,10,13,16,34,4,17,39,24,12,25,11,6,1,19,37,9,28,2,27,18,7,21,20,23,32,14,5,8,33,38,35,26,3
473;24377;24377;5200;9,16,10,21,30,4,8,17,29,35,5,2,38,18,23,14,13,19,15,0,32,25,31,3,28,33,22,6,11,20,1,36,24,26,37,39,7,12,34,27
474;24336;24336;5200;29,34,6,37,32,10,4,0,11,20,16,39,23,22,15,2,12,18,24,19,9,21,30,38,36,7,35,25,5,33,17,3,27,31,26,8,28,1,13,14
475;24338;24338;5200;7,39,21,5,34,13,16,6,12,24,26,33,35,20,1,18,19,22,4,28,29,27,23,37,32,2,3,9,36,17,10,38,11,15,31,30,8,0,14,25
476;24283;24283;5200;35,28,10,25,5,1,7,6,37,18,32,26,12,23,17,16,15,38,39,29,14,13,24,20,19,31,36,22,30,34,4,2,27,0,3,8,11,33,21,9
477;24316;24316;5200;31,27,0,39,38,20,29,37,11,19,13,33,8,26,10,4,9,21,35,17,2,3,18,7,23,16,5,30,12,14,25,24,28,6,32,1,15,22,36,34
478;24381;24381;5200;3,37,32,34,30,4,19,28,11,26,8,17,7,6,25,33,24,2,36,9,0,38,5,18,29,27,16,21,23,20,10,31,12,15,22,1,39,13,14,35
479;24368;24368;5200;3,38,30,10,0,35,22,17,39,29,5,13,16,14,7,26,37,15,28,21,9,2,18,11,19,36,8,4,25,20,34,27,12,24,1,33,32,31,23,6
480;24366;24366;5200;2,38,6,0,14,32,3,39,36,5,37,20,21,7,34,19,27,1,25,22,28,12,15,30,26,10,23,35,11,24,17,31,4,8,33,16,29,18,13,9
481;24328;24328;5200;37,12,21,0,9,18,3,6,31,17,13,29,11,15,39,20,26,32,27,28,23,30,10,34,35,33,8,22,19,1,4,7,16,5,25,38,24,36,14,2
482;24391;24391;5200;14,0,30,7,35,38,24,19,36,21,5,37,13,39,25,33,27,29,18,8,22,2,10,23,28,1,31,9,20,12,16,34,15,4,17,6,26,32,11,3
483;24390;24390;5200;29,26,22,33,11,15,31,27,4,19,3,14,23,16,32,13,34,39,24,12,10,38,30,18,17,25,36,9,0,20,1,7,2,35,8,21,5,6,37,28
484;24399;24399;5200;17,7,37,25,39,38,27,0,19,33,13,15,2,31,29,36,30,14,4,10,32,8,6,11,9,34,18,26,3,21,5,1,35,23,28,22,24,12,20,16
485;24356;24356;5200;10,23,5,1,25,19,7,20,28,0,8,17,30,24,22,34,13,26,12,18,2,35,33,29,21,31,9,15,38,14,3,37,36,39,4,11,16,32,27,6
486;24332;24332;5200;38,3,17,13,30,23,31,27,29,39,20,16,22,10,14,15,34,18,19,1,11,28,37,7,0,4,9,2,6,33,32,25,5,12,8,36,26,35,21,24
487;24242;24242;5200;29,37,11,33,8,2,34,31,23,1,21,9,19,25,10,15,26,24,3,16,18,36,39,35,30,0,38,14,20,12,4,32,6,27,22,28,5,13,17,7
488;24364;24364;5200;32,2,12,10,39,33,30,26,35,31,0,16,27,20,14,1,18,22,3,13,17,15,36,6,38,8,9,24,34,4,28,29,7,11,19,5,23,37,21,25
489;24383;24383;5200;3,4,13,26,24,15,32,14,11,19,28,18,8,25,34,37,27,6,16,23,29,17,2,31,12,1,10,21,33,39,22,20,7,0,35,9,36,38,5,30
490;24371;24371;5200;14,21,31,39,26,17,7,25,20,2,36,3,33,5,1,22,27,10,9,30,8,4,0,15,34,18,11,13,24,37,38,6,19,29,16,35,12,28,23,32
491;24331;24331;5200;30,27,16,31,17,10,25,0,12,15,23,7,20,22,21,4,34,18,32,33,3,35,39,26,37,6,13,1,11,14,28,19,9,5,24,29,8,36,2,38
492;24226;24226;5200;25,24,36,0,3,14,26,38,20,39,32,19,37,8,33,28,6,10,1,34,9,5,27,35,16,31,12,21,23,11,15,4,2,13,17,18,29,30,7,22
493;24321;24321;5200;30,2,17,12,36,26,14,27,24,38,32,1,20,0,28,18,15,13,33,9,11,37,22,23,4,29,39,8,7,34,5,6,3,16,31,21,25,19,10,35
494;24382;24382;5200;25,28,9,32,18,11,37,34,19,38,22,23,31,29,3,15,33,36,4,10,21,14,27,35,24,0,2,26,1,20,30,13,8,7,16,12,6,5,17,39
495;24366;24366;5200;10,32,26,6,2,23,30,15,3,4,21,18,25,27,37,7,31,1,39,14,29,24,17,38,35,36,12,13,8,19,20,5,16,9,0,33,11,34,28,22
496;24351;24351;5200;21,15,12,13,22,4,35,1,28,20,9,14,38,25,18,6,26,29,34,31,33,11,19,27,8,17,37,2,24,30,5,23,39,36,32,16,7,3,0,10
497;24352;24352;5200;1,10,30,38,29,35,25,0,31,32,9,7,6,14,21,36,2,33,8,11,39,37,13,18,34,4,20,17,3,26,16,5,24,22,28,15,12,27,23,19
498;24366;24366;5200;26,23,25,39,5,32,30,16,10,17,31,0,28,3,29,27,12,9,18,1,13,15,34,22,35,33,21,11,24,37,6,20,4,2,38,19,8,36,14,7
499;24375;24375;5200;16,18,25,27,30,5,34,10,9,15,0,36,37,21,8,1,7,3,13,23,26,6,39,31,32,20,12,29,35,14,4,24,33,17,28,19,38,22,11,2
