0;50000;50000;12500;31,23,9,18,39,12,29,13,22,25,40,41,15,5,11,16,38,37,7,19,42,8,28,1,3,20,44,14,21,33,4,24,17,6,47,32,2,26,34,45,49,35,46,27,43,10,36,48,0,30
1;49928;49928;12500;32,41,3,14,4,1,17,9,2,13,18,0,20,42,22,33,45,6,38,31,21,15,44,29,40,8,24,12,16,36,11,5,37,43,25,30,23,10,46,34,49,26,19,7,35,39,47,48,27,28
2;50081;50081;12500;18,6,48,0,5,42,35,45,7,22,33,10,16,13,12,34,43,20,39,23,19,47,46,31,25,30,26,2,14,49,36,29,40,28,3,27,9,37,1,44,17,41,24,21,15,11,38,8,4,32
3;50086;50086;12500;30,47,9,13,41,11,12,33,44,15,21,16,49,19,35,10,22,23,1,32,18,17,42,5,29,8,36,14,37,4,40,43,0,25,2,48,39,34,27,24,20,7,6,31,38,28,46,45,3,26
4;50113;50113;12500;12,35,48,28,32,44,0,14,43,16,39,36,46,30,18,29,26,27,21,4,34,9,6,1,41,17,7,2,5,49,24,11,10,45,33,25,19,22,31,23,40,13,47,38,15,8,3,42,37,20
5;50066;50066;12500;31,23,25,44,38,33,34,8,35,37,16,12,41,20,22,27,2,13,1,9,6,40,39,11,28,49,19,42,15,3,21,46,43,4,7,29,17,18,36,30,26,45,47,0,48,32,14,5,10,24
6;50055;50055;12500;41,17,39,29,24,46,11,26,14,35,20,22,49,38,13,37,42,47,0,28,43,16,45,34,9,8,1,3,40,44,27,5,30,4,48,36,12,21,33,10,32,2,7,18,19,23,6,25,15,31
7;49884;49884;12500;11,6,28,15,43,9,1,22,41,44,21,25,13,38,37,30,8,4,39,27,47,14,45,24,7,42,46,19,32,10,23,0,49,2,3,34,36,18,26,35,17,16,31,48,12,40,29,20,5,33
8;50124;50124;12500;16,5,6,49,7,0,28,13,30,29,42,35,48,26,43,14,24,37,34,10,23,36,45,27,40,3,47,19,32,46,2,15,44,38,11,4,21,41,25,8,33,18,20,9,17,39,22,1,12,31
9;50055;50055;12500;46,35,25,11,36,32,3,19,33,15,21,14,24,23,39,22,48,28,16,18,13,10,29,37,7,40,17,47,34,8,20,41,9,5,4,1,42,31,26,0,45,30,38,27,6,44,2,43,12,49
10;50087;50087;12500;36,24,44,9,11,43,41,22,1,8,46,21,29,12,5,32,10,38,3,27,42,16,6,40,47,4,35,14,15,17,28,49,37,13,33,0,23,25,30,34,26,7,39,19,18,48,45,31,2,20
11;49438;49438;12500;47,22,49,43,19,16,36,14,26,31,40,48,18,29,24,4,39,12,38,32,34,20,0,45,42,2,46,35,17,33,25,8,30,10,21,1,11,28,3,15,41,23,7,44,6,9,13,5,27,37
12;49973;49973;12500;14,5,21,34,46,37,15,48,0,31,20,2,4,7,22,35,11,28,6,19,29,32,30,33,18,8,17,13,39,3,44,45,12,49,36,9,24,47,41,1,25,16,38,43,23,42,27,40,26,10
13;50087;50087;12500;46,30,41,48,3,4,22,2,35,18,5,38,31,33,6,37,32,23,25,20,42,7,39,34,1,10,28,11,49,0,43,12,45,44,15,36,8,26,47,40,19,17,24,16,27,21,29,14,13,9
14;50112;50112;12500;30,11,24,20,36,37,26,33,45,47,48,10,22,3,31,32,7,18,0,21,16,15,25,43,17,23,13,8,19,46,12,27,14,44,41,6,28,39,1,29,42,5,35,38,9,2,4,49,40,34
15;50066;50066;12500;23,46,39,19,7,40,18,17,37,8,6,11,34,14,0,13,30,38,1,48,10,3,29,25,22,15,20,31,43,33,21,9,45,2,47,42,32,35,49,24,44,41,4,27,5,28,26,12,16,36
16;50096;50096;12500;22,14,26,20,4,24,7,33,18,31,13,21,2,23,36,1,28,11,19,47,5,8,10,30,25,46,49,29,48,37,43,17,40,32,41,27,42,3,12,45,15,38,16,44,9,6,39,34,0,35
17;50049;50049;12500;11,1,25,3,5,47,36,41,0,15,37,35,9,7,48,14,49,30,45,20,6,23,34,10,39,2,32,22,33,27,31,24,38,43,44,29,13,16,8,21,4,17,28,19,40,46,42,12,18,26
18;50038;50038;12500;17,28,11,1,9,24,13,43,42,47,34,36,41,27,38,21,31,15,3,49,4,39,32,44,8,37,35,25,6,26,45,40,46,10,30,20,19,33,5,12,29,16,23,18,22,7,48,14,2,0
19;50023;50023;12500;4,42,28,30,31,46,3,38,23,12,7,44,16,25,19,5,49,10,43,22,1,24,9,34,32,20,26,40,17,2,27,47,35,36,14,18,29,8,41,6,39,33,21,48,45,0,37,15,11,13
20;50088;50088;12500;31,7,49,1,6,4,13,12,2,5,24,43,41,44,32,19,8,47,11,16,46,35,3,36,10,28,0,48,42,26,45,25,15,18,20,9,34,30,37,38,40,29,27,17,22,14,39,21,23,33
21;50110;50110;12500;45,36,12,22,31,6,28,43,5,25,35,38,48,41,20,16,39,4,47,10,29,46,23,33,24,1,17,26,19,34,3,44,27,14,7,15,21,9,8,2,0,32,11,37,30,13,42,18,49,40
22;50058;50058;12500;39,21,19,44,23,15,41,34,31,9,29,0,28,30,6,43,49,36,4,47,2,48,26,20,3,25,11,5,22,10,33,42,40,18,27,37,13,14,16,1,38,46,8,35,45,7,12,24,17,32
23;50049;50049;12500;23,4,31,10,0,38,8,6,18,14,13,34,33,30,48,37,12,44,11,26,2,5,1,32,41,22,3,20,25,7,27,40,28,49,9,36,17,46,29,15,35,42,21,16,19,24,45,39,47,43
24;50071;50071;12500;18,42,4,15,9,23,22,40,7,47,37,33,20,36,49,6,39,13,35,8,12,44,16,32,31,3,0,29,14,21,11,27,17,28,2,26,24,25,41,34,46,10,45,43,30,19,5,38,1,48
25;50107;50107;12500;1,13,5,21,37,30,14,36,22,15,18,33,26,8,27,47,42,46,7,4,12,9,43,0,28,16,11,3,41,40,44,6,19,32,2,38,17,25,20,23,34,49,29,10,39,31,48,45,35,24
26;50112;50112;12500;44,8,16,13,45,49,42,27,7,9,38,24,18,30,47,31,2,32,35,3,34,40,41,14,1,43,12,26,4,5,39,48,29,22,19,28,6,11,25,20,37,15,23,36,46,0,21,10,17,33
27;50083;50083;12500;13,11,31,39,20,45,12,34,43,7,46,3,6,19,23,24,15,2,29,26,28,44,38,41,5,22,1,47,49,25,35,48,17,32,14,4,10,27,9,40,36,30,8,33,37,16,0,18,21,42
28;43195;43195;12500;45,43,44,21,11,29,39,37,15,4,8,1,24,38,14,35,48,23,5,13,27,19,32,0,28,6,2,17,9,30,7,12,42,36,41,40,46,26,16,3,34,49,31,25,18,20,33,22,10,47
29;49689;49689;12500;8,1,24,20,3,10,17,35,11,37,28,49,22,36,15,34,5,27,41,4,2,43,12,14,48,13,18,30,33,31,7,42,29,45,47,6,46,25,16,32,38,39,40,44,23,9,0,21,26,19
30;47284;47284;12500;21,4,41,1,22,0,40,27,29,36,16,15,47,6,12,31,45,33,28,17,2,35,9,11,5,39,8,44,24,43,49,14,3,30,48,19,38,23,20,26,32,13,42,46,18,37,10,34,25,7
31;48591;48591;12500;41,37,11,42,1,28,21,19,17,5,43,25,47,15,9,8,18,14,40,46,48,27,20,22,39,10,23,6,45,29,7,36,0,35,24,30,34,2,33,13,38,32,26,49,3,12,16,4,44,31
32;46966;46966;12500;18,45,1,14,41,33,21,8,39,40,2,37,13,34,27,38,36,5,7,44,28,22,35,9,15,30,4,24,6,17,12,29,19,49,43,31,25,10,26,11,20,23,0,46,32,3,47,16,48,42
33;47721;47721;12500;9,35,41,1,12,15,23,4,46,28,21,44,26,17,19,33,25,37,13,8,38,34,16,11,2,40,43,29,49,14,39,6,24,3,42,5,31,36,30,0,10,22,45,32,27,7,18,47,48,20
34;47877;47877;12500;4,1,49,43,28,17,45,34,12,9,44,27,46,23,2,21,48,15,38,36,16,5,40,37,39,41,35,42,0,6,24,11,13,7,31,14,29,33,3,19,10,32,47,26,20,25,8,30,18,22
35;50006;50006;12500;42,47,33,16,13,10,19,0,4,38,27,48,30,45,32,40,21,12,26,3,25,20,35,6,31,49,36,23,34,46,37,28,7,43,14,44,18,17,41,22,1,15,29,2,9,11,24,5,39,8
36;50023;50023;12500;9,16,1,25,12,40,10,41,43,29,5,28,36,44,49,26,24,46,38,33,22,14,20,2,18,19,47,3,23,31,4,15,13,21,7,30,37,17,35,42,39,27,0,8,32,6,45,48,34,11
37;50109;50109;12500;41,16,2,48,36,6,31,43,44,4,12,39,33,40,15,0,17,38,32,37,19,11,34,35,1,9,45,28,49,42,27,10,30,23,29,8,24,13,22,5,3,18,47,25,14,7,21,20,26,46
38;50004;50004;12500;30,20,45,26,32,49,22,16,31,37,2,48,3,10,40,14,44,28,35,42,5,33,18,8,4,6,43,0,47,12,13,36,46,41,24,25,34,29,15,27,17,39,23,9,19,7,21,38,11,1
39;49948;49948;12500;17,15,21,32,13,28,49,37,45,24,47,27,26,39,14,12,9,2,30,42,7,1,38,25,35,29,16,19,23,36,46,48,10,5,43,0,33,44,41,20,40,11,31,4,22,18,8,34,3,6
40;50089;50089;12500;27,4,44,22,5,1,49,13,40,0,26,9,18,41,34,17,48,45,6,19,23,42,11,15,39,8,12,16,38,21,35,32,37,30,10,3,46,36,33,24,47,28,20,29,14,43,25,2,31,7
41;50128;50128;12500;11,16,1,6,38,19,21,13,34,41,46,7,39,49,35,14,4,26,12,8,40,45,27,15,17,42,18,22,44,28,29,9,5,30,20,37,23,36,24,43,3,0,48,2,47,10,32,33,25,31
42;50124;50124;12500;25,1,44,3,33,29,27,48,46,41,5,19,28,20,10,21,35,49,0,23,42,30,37,22,26,24,11,4,12,15,31,43,45,9,7,32,8,2,6,14,39,40,13,34,17,16,47,38,36,18
43;50102;50102;12500;33,14,8,5,23,6,34,18,20,22,0,7,36,21,25,35,1,3,39,11,37,46,10,32,13,48,19,30,28,2,31,16,42,43,44,24,45,29,27,41,15,26,38,4,40,9,12,17,47,49
44;50095;50095;12500;35,29,5,39,18,31,30,46,12,38,36,33,14,13,43,22,3,24,28,0,2,48,41,6,32,7,45,49,10,20,8,42,17,23,4,1,34,26,27,21,40,19,44,15,37,9,16,25,11,47
45;50087;50087;12500;1,44,33,42,31,20,6,24,14,35,40,9,27,13,28,5,48,43,34,37,26,10,18,47,8,16,36,3,11,22,17,15,41,38,12,23,19,0,2,39,32,30,29,45,46,21,4,49,25,7
46;49993;49993;12500;37,19,23,33,31,21,29,36,17,16,11,47,9,10,39,6,2,28,3,38,42,15,45,1,24,26,41,25,44,12,40,20,35,18,7,14,4,0,46,8,22,32,43,27,13,5,30,48,49,34
47;50134;50134;12500;6,28,15,46,43,3,26,19,27,44,29,37,7,31,1,45,36,25,22,14,21,9,13,30,16,4,12,8,47,40,18,5,33,23,10,0,49,32,20,39,48,2,17,35,38,11,41,34,42,24
48;50086;50086;12500;18,40,8,1,25,36,37,13,27,5,38,26,22,45,33,44,10,39,34,28,6,49,17,16,24,14,7,0,32,29,41,42,43,47,19,20,48,11,21,3,9,15,35,2,12,30,23,4,31,46
49;50060;50060;12500;35,44,26,41,25,23,16,18,40,36,8,28,10,37,21,30,33,31,13,1,4,12,11,9,38,43,45,27,15,42,46,24,48,39,3,20,14,34,32,19,0,49,47,6,7,5,2,22,29,17
50;50086;50086;12500;23,32,28,22,37,27,19,3,31,13,36,20,1,45,40,8,29,7,35,14,25,48,5,43,33,10,44,6,24,41,38,12,30,47,0,49,18,15,11,16,21,34,17,2,26,4,46,39,42,9
51;50082;50082;12500;40,14,4,21,36,46,7,20,31,2,8,18,15,47,0,45,24,28,41,33,44,22,10,48,3,34,23,19,30,13,26,11,32,37,16,5,49,43,42,38,6,27,17,39,29,1,9,25,12,35
52;50055;50055;12500;39,30,19,32,5,9,48,37,13,45,17,12,24,15,41,31,20,46,43,29,44,11,34,27,28,21,38,1,2,4,6,49,33,0,36,25,18,8,23,40,35,3,7,10,26,14,16,42,22,47
53;50109;50109;12500;22,46,14,29,13,40,3,20,36,47,25,41,23,33,37,44,11,9,42,18,19,26,0,43,8,10,32,48,7,31,2,34,35,30,21,15,28,4,6,27,16,1,49,17,45,38,39,12,24,5
54;50114;50114;12500;48,2,6,24,1,5,9,49,34,15,16,28,12,41,44,47,43,13,29,38,39,25,37,23,11,0,19,21,40,30,22,17,35,27,3,33,46,26,14,36,42,10,20,8,31,7,45,4,32,18
55;49794;49794;12500;22,29,20,26,15,10,28,42,9,7,12,4,40,47,36,25,16,27,39,3,31,17,14,13,18,23,8,24,37,33,21,30,2,45,43,5,41,19,0,49,6,1,44,32,46,35,34,38,11,48
56;49993;49993;12500;7,43,12,39,25,46,15,30,13,49,37,16,35,42,40,44,38,19,0,11,18,20,31,34,4,29,17,2,33,14,8,26,21,47,23,24,41,48,3,9,10,5,45,36,6,28,27,1,32,22
57;50079;50079;12500;19,32,30,17,8,49,7,39,25,35,46,14,44,2,48,33,12,15,1,11,38,37,43,34,5,23,26,41,13,24,0,29,18,40,21,36,10,31,9,6,4,42,45,28,27,47,3,20,22,16
58;50094;50094;12500;12,13,30,24,41,28,36,9,47,39,49,18,37,1,16,3,7,46,19,17,6,40,15,4,11,14,27,29,44,34,43,42,45,26,32,2,0,48,35,8,23,21,20,31,10,25,22,33,5,38
59;43807;43807;12500;8,13,5,22,48,38,2,28,41,35,14,47,20,44,9,29,19,46,34,45,32,7,43,24,1,6,31,36,23,10,27,3,30,39,33,15,0,26,40,25,4,17,12,49,37,21,18,16,42,11
60;49982;49982;12500;20,39,30,8,36,4,11,41,37,26,0,40,44,12,16,38,6,3,33,21,15,47,9,18,7,22,43,32,14,34,25,31,49,5,1,35,42,46,29,27,24,45,2,23,17,48,10,28,19,13
61;50092;50092;12500;20,41,44,39,8,33,18,42,17,24,25,29,9,45,40,4,36,13,47,7,6,11,14,37,1,21,23,15,28,32,27,19,30,48,26,2,10,22,0,34,49,43,3,35,46,5,38,16,31,12
62;49999;49999;12500;23,20,7,19,14,0,31,10,25,43,21,49,9,27,36,41,1,6,22,32,34,2,24,15,16,12,47,17,46,42,4,28,30,18,35,8,38,29,37,5,11,45,39,13,26,40,48,33,44,3
63;50017;50017;12500;11,38,46,20,31,3,45,10,47,39,19,23,7,25,2,5,1,14,49,15,21,12,28,0,22,6,48,29,34,30,32,27,35,37,16,17,24,42,8,9,33,18,43,26,13,4,44,41,36,40
64;50122;50122;12500;35,48,47,19,13,49,3,0,2,14,16,46,39,8,22,40,32,9,24,37,23,36,10,43,5,20,30,27,18,31,33,1,4,29,7,25,26,17,21,34,28,15,42,12,6,44,38,45,11,41
65;50101;50101;12500;41,29,12,47,13,16,18,15,38,48,8,14,21,40,5,35,0,25,10,37,24,11,4,9,43,39,34,1,30,17,33,6,20,36,22,26,23,7,32,31,28,2,27,44,45,3,42,49,19,46
66;50114;50114;12500;0,42,48,5,36,19,22,46,43,13,2,17,35,1,45,34,28,39,38,18,24,47,27,8,26,32,49,14,29,16,7,33,31,3,44,11,30,10,21,9,15,12,41,6,40,25,37,4,20,23
67;49700;49700;12500;43,17,31,33,10,40,30,7,11,13,48,21,23,32,20,27,6,15,45,14,4,18,19,2,36,16,0,8,12,3,47,9,28,46,37,5,49,26,22,44,24,42,39,25,41,1,35,34,29,38
68;50099;50099;12500;20,24,18,42,29,35,13,14,28,0,2,8,11,6,17,49,26,27,30,22,46,3,44,41,5,9,45,32,38,7,1,40,19,10,48,15,34,4,39,47,25,36,12,16,37,33,21,23,31,43
69;50029;50029;12500;47,23,21,31,13,12,37,46,10,15,34,40,36,30,35,18,0,19,8,16,25,5,43,17,49,2,33,48,20,26,22,45,14,27,7,1,11,4,41,28,38,42,44,32,29,39,9,3,24,6
70;50096;50096;12500;26,4,36,6,27,48,11,3,25,5,9,45,16,35,39,22,21,37,31,38,43,30,28,34,40,49,19,41,44,1,12,23,2,0,17,7,15,20,18,14,46,8,10,24,29,32,13,33,42,47
71;50089;50089;12500;49,16,31,20,3,21,23,6,10,42,12,25,34,33,14,48,45,39,24,19,43,2,26,13,0,29,35,30,8,46,18,38,28,27,1,36,41,4,9,32,7,15,11,22,17,40,47,44,5,37
72;50044;50044;12500;30,22,45,29,17,15,28,26,3,1,10,44,35,20,16,38,32,41,7,34,8,23,46,19,4,21,40,18,9,12,39,36,27,13,25,37,0,6,24,33,11,42,48,47,2,49,5,43,31,14
73;50090;50090;12500;25,33,3,10,39,23,2,30,37,31,41,22,19,20,4,43,35,47,46,12,26,13,28,15,5,24,34,49,48,38,21,40,27,11,9,32,14,1,17,44,45,29,0,7,36,8,42,16,6,18
74;50079;50079;12500;19,23,24,49,37,39,14,41,12,1,20,0,3,33,28,17,11,29,34,13,8,21,9,22,18,44,40,4,2,27,43,38,15,7,47,26,10,31,32,5,45,42,35,16,48,30,6,36,25,46
75;50076;50076;12500;24,47,29,27,48,46,26,1,42,44,20,16,23,33,10,14,15,32,43,17,11,28,0,31,36,6,22,3,18,45,19,40,30,34,4,37,38,13,41,35,25,12,5,21,8,9,39,7,2,49
76;50046;50046;12500;4,30,39,44,28,38,9,21,24,6,1,49,15,12,0,11,10,36,18,35,46,17,7,42,48,16,37,34,8,25,45,41,40,29,23,22,3,5,2,26,43,47,20,27,32,31,33,19,13,14
77;50073;50073;12500;35,30,42,5,26,31,49,24,25,36,47,12,6,16,23,14,41,3,43,48,0,46,32,18,13,20,45,10,8,40,38,2,21,39,28,11,34,33,19,29,17,1,37,4,22,7,9,15,44,27
78;50111;50111;12500;32,10,14,18,44,20,22,49,48,30,42,31,3,39,12,19,8,41,26,28,36,7,43,2,0,46,23,6,45,35,34,9,27,1,24,15,25,33,11,5,4,21,16,29,13,37,40,38,17,47
79;50085;50085;12500;9,11,18,28,41,0,12,24,44,1,8,43,42,27,15,48,20,7,21,4,6,49,23,2,45,39,37,46,34,35,33,17,31,40,22,30,19,32,3,47,10,14,13,25,36,26,16,5,29,38
80;50082;50082;12500;14,3,38,8,11,1,33,20,15,27,31,5,22,44,9,2,23,12,32,26,4,34,21,18,41,29,7,37,39,13,17,36,25,45,19,24,6,47,16,0,49,10,35,43,46,48,28,40,30,42
81;50100;50100;12500;37,48,27,10,39,35,3,49,13,2,29,33,5,43,36,15,9,1,21,30,31,14,4,32,16,12,18,7,20,0,34,8,25,38,40,22,26,41,11,44,6,28,45,17,46,19,47,42,23,24
82;50126;50126;12500;19,38,40,8,25,12,39,4,23,48,17,32,36,21,34,11,44,47,3,20,14,33,15,46,10,7,18,37,31,43,16,35,49,9,1,28,0,29,2,13,6,5,26,42,45,24,41,22,30,27
83;49980;49980;12500;17,23,16,46,10,25,38,28,49,42,34,7,21,6,43,20,9,15,4,19,45,2,36,29,8,0,32,18,31,14,47,27,3,26,41,30,13,1,37,22,11,12,33,35,24,40,39,44,5,48
84;50105;50105;12500;45,3,26,7,19,17,38,25,18,36,47,2,12,9,23,5,10,46,42,4,48,21,22,20,31,40,33,30,16,15,29,27,8,43,37,41,34,44,11,24,35,28,39,13,1,14,0,49,32,6
85;50058;50058;12500;19,44,13,40,3,9,5,33,4,47,22,26,21,39,16,35,42,41,38,31,17,20,18,2,14,29,24,8,43,32,0,25,30,15,12,45,37,7,36,11,10,46,23,27,28,6,49,48,34,1
86;50081;50081;12500;48,14,27,0,22,10,38,20,45,8,30,18,46,41,43,1,29,21,31,35,13,33,3,7,23,5,39,2,32,34,26,42,6,49,16,9,11,40,37,47,24,28,19,17,12,44,15,25,4,36
87;50014;50014;12500;19,44,29,17,23,14,43,36,35,38,13,18,42,49,48,37,39,5,28,25,12,47,46,9,21,8,15,32,16,4,40,41,2,7,3,33,31,27,22,24,11,0,1,45,20,30,34,10,26,6
88;50073;50073;12500;49,44,27,47,1,32,48,23,10,26,39,3,28,45,6,20,0,22,29,31,7,24,41,34,19,17,25,46,43,5,35,9,13,11,4,36,15,14,30,2,37,33,42,12,16,40,21,8,38,18
89;50069;50069;12500;6,28,1,44,9,45,33,38,27,5,37,15,13,21,20,29,25,26,14,17,48,11,31,39,10,43,41,24,3,34,4,12,35,30,2,7,22,49,40,46,18,23,36,0,8,32,19,16,47,42
90;50151;50151;12500;3,44,18,24,17,9,14,33,37,13,34,7,15,8,27,12,32,39,29,20,11,22,41,5,6,45,49,40,1,35,43,42,23,38,36,10,28,48,25,31,46,26,47,16,19,4,30,0,21,2
91;50108;50108;12500;17,41,29,2,4,28,0,24,45,22,15,9,23,32,44,30,12,42,13,27,7,6,18,38,49,1,35,43,46,34,39,3,14,19,16,36,25,10,11,20,31,33,48,26,5,37,47,40,8,21
92;50129;50129;12500;26,44,18,19,45,36,47,38,21,25,30,39,10,23,33,42,27,46,35,22,20,48,34,8,3,31,5,13,6,29,40,49,2,7,28,4,41,32,1,15,24,37,12,9,43,11,14,16,17,0
93;50071;50071;12500;27,41,40,1,24,14,12,37,25,45,9,30,15,26,16,5,6,43,36,11,28,35,13,39,49,7,21,42,8,38,17,29,46,19,10,23,32,4,48,47,0,20,31,2,33,22,34,44,3,18
94;50108;50108;12500;37,13,47,22,48,11,32,33,24,5,26,41,23,17,8,45,34,29,49,25,18,10,3,30,16,39,4,31,14,20,12,38,44,27,1,7,43,19,36,28,2,9,42,35,21,6,40,15,0,46
95;49865;49865;12500;30,21,48,5,19,46,44,24,12,36,45,49,38,10,23,26,17,27,18,15,41,13,1,16,47,42,40,43,35,9,25,6,0,32,3,37,22,14,28,4,34,33,2,29,39,31,7,8,20,11
96;50104;50104;12500;46,38,14,9,17,1,44,30,20,21,15,34,41,29,8,40,26,33,27,11,49,35,23,43,22,28,39,47,19,42,6,45,18,3,25,16,32,31,36,12,10,5,24,4,48,2,13,0,37,7
97;50095;50095;12500;45,4,12,2,6,3,14,47,8,49,31,32,43,21,46,34,24,19,17,35,7,22,37,42,9,40,11,0,15,36,16,25,28,44,1,18,41,20,27,29,38,5,48,30,33,39,13,10,26,23
98;50124;50124;12500;28,29,15,42,6,1,46,49,17,31,10,25,45,16,11,44,18,47,27,41,2,35,9,19,23,43,38,21,40,24,0,37,32,30,12,48,33,13,22,8,14,39,36,7,4,34,5,3,26,20
99;50082;50082;12500;32,25,12,16,43,48,40,26,9,4,46,7,8,31,14,3,49,45,13,10,29,36,20,0,30,21,2,19,33,37,18,39,34,35,38,22,27,17,11,24,28,15,6,47,44,41,1,5,23,42
