0;91245;91245;35000;44,47,1,19,5,58,71,37,29,74,55,7,64,76,78,79,9,63,22,27,60,50,77,51,65,57,0,73,4,62,35,33,16,15,54,70,72,23,6,38,67,48,32,11,14,10,25,42,18,43,28,3,8,26,12,13,31,66,2,45,53,36,34,61,40,17,24,59,69,41,30,20,52,39,49,75,68,56,46,21
1;91179;91179;35000;64,21,10,53,33,30,61,66,68,49,48,2,15,8,7,34,46,69,73,74,56,44,32,1,20,11,12,40,55,51,28,60,63,4,31,71,18,29,24,54,26,75,43,23,35,47,38,27,25,79,22,42,58,52,41,14,45,39,3,9,36,62,77,17,19,50,72,70,78,67,76,13,57,0,5,65,59,6,37,16
2;91296;91296;35000;44,15,52,39,23,14,76,20,75,79,26,37,25,58,59,41,42,17,48,7,11,9,60,77,46,1,57,65,10,29,33,69,32,51,22,12,64,0,73,8,16,5,2,4,21,53,70,31,13,38,19,30,63,66,18,28,45,27,34,54,40,74,43,61,55,35,24,71,50,3,68,72,78,62,47,36,67,6,56,49
3;91307;91307;35000;19,44,12,17,61,48,76,69,47,41,9,68,24,56,26,46,55,62,21,0,18,11,42,58,14,39,6,77,54,32,20,31,63,79,64,40,34,8,35,70,2,23,52,75,65,25,28,15,78,74,73,1,27,43,57,33,37,50,10,71,30,45,29,36,67,7,22,49,72,3,66,53,51,59,60,38,4,5,16,13
4;91310;91310;35000;28,29,58,32,30,11,64,56,21,69,41,48,15,76,43,12,20,4,10,59,70,39,65,61,5,35,0,40,51,31,34,54,75,47,57,78,17,52,74,26,14,66,72,9,63,27,68,7,79,49,73,6,62,77,22,45,36,50,53,55,13,3,44,24,67,1,19,25,16,60,18,37,46,23,33,42,2,38,8,71
5;91134;91134;35000;20,5,18,52,48,32,36,12,34,71,55,0,78,49,37,50,56,51,28,42,1,73,40,15,70,35,4,44,66,47,61,54,60,19,57,33,13,16,25,38,77,65,22,46,58,67,63,31,26,8,30,64,2,27,10,24,53,6,29,14,74,41,7,9,39,62,17,45,43,68,72,21,69,76,3,59,79,11,23,75
6;91141;91141;35000;29,57,63,51,7,71,64,74,0,44,12,45,60,40,33,50,52,39,20,35,6,22,54,41,59,66,65,73,79,9,77,1,24,2,25,8,67,78,21,43,3,31,28,16,36,18,38,34,15,4,37,75,5,48,49,19,62,42,47,13,69,10,55,61,56,23,53,70,58,26,46,72,14,68,30,76,32,11,27,17
7;91332;91332;35000;13,29,61,25,41,54,21,52,53,1,4,30,71,45,32,31,48,0,34,9,7,64,77,33,74,2,78,72,76,27,49,38,51,11,65,37,12,15,75,6,36,73,46,5,43,18,3,70,55,19,23,8,66,47,40,56,24,14,79,60,62,67,44,58,10,22,50,39,69,63,35,59,20,28,57,42,26,16,68,17
8;91136;91136;35000;36,40,18,35,5,1,12,30,2,25,27,24,56,16,53,29,76,19,73,72,54,47,6,32,39,52,0,67,58,43,41,55,26,15,48,21,45,8,66,78,70,11,60,50,65,75,79,68,42,10,14,46,51,33,57,20,69,74,71,63,77,23,22,49,38,34,44,4,13,59,62,37,7,28,61,17,64,31,3,9
9;78568;78568;35000;45,12,6,64,4,69,55,20,73,31,13,53,72,67,44,66,76,3,24,49,33,26,22,62,35,71,58,39,78,34,68,25,29,8,59,23,11,21,10,27,2,16,40,48,1,63,36,61,70,19,75,54,60,74,79,30,77,52,32,0,5,15,9,65,50,38,51,47,43,46,14,18,7,57,28,37,56,42,41,17
10;91329;91329;35000;44,77,58,42,59,14,26,75,21,47,34,7,11,63,56,15,79,43,33,0,36,71,65,4,20,45,70,2,39,32,54,25,72,64,27,9,5,67,68,1,23,52,37,57,24,60,19,38,49,78,35,53,30,29,16,8,62,51,6,13,28,73,12,18,48,74,41,22,61,55,50,69,17,66,10,3,76,31,40,46
11;91205;91205;35000;42,37,47,50,69,1,26,5,43,10,64,72,14,12,60,77,40,20,57,49,30,76,15,0,51,74,28,7,68,17,59,36,58,79,46,73,41,48,63,62,25,70,21,18,24,56,67,11,16,32,78,4,55,71,75,61,6,53,35,39,22,23,52,29,38,3,13,34,65,45,27,31,54,66,8,19,33,44,9,2
12;90369;90369;35000;51,32,1,55,11,2,34,28,23,26,41,7,8,20,68,47,21,48,71,64,56,70,78,18,67,52,77,63,42,54,30,73,29,40,19,12,10,43,59,31,44,17,33,74,37,6,9,65,36,16,4,27,45,76,3,57,13,5,58,62,24,53,0,75,35,66,22,25,46,15,69,39,79,14,49,38,61,72,60,50
13;91288;91288;35000;51,9,21,14,57,11,10,3,67,79,70,45,65,25,63,32,38,27,46,41,52,19,42,53,6,58,22,73,48,69,4,59,44,77,29,61,60,23,12,40,24,71,15,28,39,17,50,75,18,30,33,2,26,47,72,43,68,5,56,31,66,64,36,34,35,20,74,55,49,7,62,16,1,54,0,78,37,8,76,13
14;91331;91331;35000;12,50,77,65,66,53,11,1,63,61,15,39,41,40,27,55,48,36,70,46,31,34,0,56,5,38,64,35,78,76,24,22,19,7,9,57,21,10,71,73,6,18,60,51,13,14,28,17,37,29,79,30,25,42,62,49,75,32,4,16,72,2,58,59,3,8,23,45,43,54,47,68,67,20,69,52,74,33,44,26
15;91287;91287;35000;42,26,60,1,55,35,77,47,31,19,67,38,17,24,34,6,61,5,56,21,65,30,72,53,75,64,23,52,39,74,79,16,45,7,10,29,40,48,12,28,78,73,13,2,54,71,33,57,59,9,58,25,76,27,20,18,4,66,63,32,8,51,50,68,49,22,70,62,14,11,3,69,44,36,37,0,43,46,15,41
16;90425;90425;35000;48,74,65,41,23,77,30,12,47,16,52,56,31,11,20,69,15,76,66,14,58,64,3,62,70,59,17,68,19,1,37,50,5,0,44,73,51,32,71,33,53,75,13,29,78,79,8,24,72,49,42,43,67,21,34,10,25,60,40,7,28,35,6,22,2,45,36,4,38,63,9,39,55,46,18,57,27,26,54,61
17;91318;91318;35000;10,37,45,75,78,60,23,48,15,52,28,44,49,66,65,55,53,39,24,57,33,74,3,67,59,11,42,56,19,8,7,30,26,69,20,71,41,50,9,79,1,34,2,61,27,18,76,5,72,29,22,32,70,17,46,0,63,31,35,14,73,54,51,25,62,68,43,13,38,12,77,47,58,36,6,40,4,21,64,16
18;91282;91282;35000;8,43,14,71,2,18,11,78,68,56,5,10,28,30,33,12,64,41,21,72,38,52,26,54,0,60,65,77,62,69,73,17,19,75,79,74,61,39,76,50,44,9,4,3,27,63,34,16,45,58,29,49,13,1,70,42,67,47,35,6,23,55,31,7,37,66,24,59,40,46,20,22,32,51,53,25,48,36,15,57
19;91250;91250;35000;65,27,6,33,8,35,30,4,41,68,78,71,63,48,69,21,28,23,51,31,55,52,25,79,73,38,0,39,50,19,1,49,57,40,58,11,74,53,10,59,37,61,26,2,3,76,60,77,15,75,66,5,36,13,24,17,62,54,64,46,47,72,29,34,9,45,14,12,22,56,43,42,16,70,44,20,32,18,67,7
20;90861;90861;35000;68,64,73,53,19,37,43,21,11,20,63,26,74,3,56,2,69,51,14,61,65,30,60,36,59,31,27,10,75,41,72,76,47,62,17,77,33,35,40,48,0,39,24,70,54,1,38,58,28,34,12,79,6,13,67,42,9,45,16,44,50,4,66,18,49,52,55,29,7,15,46,57,5,23,78,25,8,32,71,22
21;91147;91147;35000;10,79,15,69,46,76,33,67,51,17,49,73,22,35,32,34,55,59,36,71,64,7,58,56,42,21,4,6,53,78,24,66,16,19,1,26,3,28,77,14,40,31,9,8,29,12,47,65,41,52,74,50,37,61,60,20,54,72,70,13,68,57,18,62,48,38,5,63,44,43,0,27,23,25,30,39,75,45,11,2
22;91290;91290;35000;16,8,62,78,43,61,26,70,15,13,30,71,28,76,75,45,7,12,27,6,44,49,33,41,0,38,55,60,68,54,39,48,73,31,72,77,67,56,9,5,66,51,19,79,17,42,37,20,22,53,40,63,50,58,47,74,32,2,4,57,1,18,25,65,46,34,69,59,23,11,21,3,10,14,24,29,35,36,64,52
23;91265;91265;35000;11,61,37,14,59,74,65,34,68,60,17,71,76,25,55,58,36,67,15,43,50,4,56,77,38,41,42,24,1,40,54,75,31,22,48,6,21,3,69,53,0,8,47,20,72,44,52,79,5,12,57,29,35,9,2,78,10,26,18,70,23,30,63,13,46,39,16,33,66,73,27,32,62,49,51,7,45,28,64,19
24;90029;90029;35000;7,70,23,65,38,55,3,36,30,62,72,71,25,52,5,44,27,0,9,21,22,75,67,43,45,34,39,46,31,77,40,18,49,42,69,24,74,35,8,56,79,57,10,76,16,68,78,12,33,54,17,28,4,15,63,53,32,47,41,11,6,19,1,61,26,59,29,64,58,48,37,2,20,60,66,73,14,50,51,13
25;91214;91214;35000;0,76,59,30,49,61,27,64,51,48,26,47,75,14,1,41,39,34,23,8,35,19,55,20,62,11,69,79,29,74,9,77,72,5,21,7,12,43,56,28,42,70,18,52,32,2,10,44,16,15,73,25,36,37,50,53,33,46,24,66,38,4,68,63,17,6,54,57,78,22,40,65,45,3,60,71,13,58,67,31
26;91271;91271;35000;29,24,61,67,70,6,3,59,77,64,22,39,1,43,18,52,12,72,41,0,58,34,74,57,11,37,28,19,8,48,49,40,47,68,31,33,55,10,63,54,38,53,62,69,25,66,60,20,36,13,23,14,4,71,7,42,26,32,45,46,79,51,65,73,75,50,56,78,27,30,2,16,35,21,15,17,44,5,76,9
27;91296;91296;35000;31,60,42,63,52,69,75,27,28,26,78,15,7,3,4,17,16,43,14,2,48,65,30,24,76,10,77,64,23,58,37,62,44,20,72,49,79,34,6,18,1,41,70,46,22,39,19,50,59,0,56,54,21,11,55,51,9,29,13,53,36,47,66,33,38,73,74,57,67,32,12,8,71,40,25,61,45,5,35,68
28;91332;91332;35000;7,6,51,29,35,28,50,66,74,39,2,67,1,15,59,37,40,76,60,77,24,79,13,31,48,25,54,56,38,55,42,70,16,14,3,68,61,69,64,58,45,30,49,73,65,78,53,52,57,9,32,63,27,21,47,20,33,62,23,71,17,10,0,4,8,12,19,11,41,18,44,72,43,26,22,75,46,36,5,34
29;91233;91233;35000;57,66,44,17,32,79,3,53,60,5,24,68,65,4,77,23,10,46,49,41,25,58,1,26,37,0,33,61,8,31,52,51,62,75,11,39,29,21,22,27,12,40,50,74,72,15,6,48,55,47,16,63,78,69,42,36,43,2,67,34,13,64,56,73,76,9,71,18,35,20,70,54,28,38,30,14,7,45,19,59
30;91291;91291;35000;27,38,10,58,42,12,6,74,23,14,3,17,79,31,59,50,0,41,28,21,76,32,72,65,36,4,40,73,15,18,22,25,33,35,39,2,49,24,63,52,30,1,26,9,13,19,70,57,62,20,67,37,51,48,69,46,61,64,78,29,75,60,47,11,44,71,77,54,43,8,16,56,34,66,53,7,68,45,5,55
31;88521;88521;35000;28,5,20,15,47,38,53,56,11,27,46,7,50,21,67,8,52,51,1,45,71,44,75,61,26,73,31,68,39,77,58,16,40,74,18,23,69,76,41,57,63,43,30,36,48,24,70,10,60,12,33,42,32,64,72,62,35,55,22,14,6,4,65,0,79,17,25,66,9,49,29,3,78,37,34,59,54,19,13,2
32;91283;91283;35000;55,29,71,66,11,67,33,30,9,70,78,5,23,58,61,41,57,69,31,0,52,4,18,46,42,51,53,62,17,34,13,39,76,65,36,45,60,47,15,2,68,54,49,8,40,44,48,63,79,50,26,7,38,1,3,43,73,25,59,28,77,19,35,37,22,6,21,56,27,74,24,72,16,10,64,75,32,12,14,20
33;90679;90679;35000;6,72,22,47,2,46,56,52,41,29,13,27,71,55,67,37,79,66,24,31,9,62,18,17,51,36,68,1,39,65,33,45,21,70,16,77,63,57,8,32,20,78,42,64,43,26,69,30,3,14,15,0,34,50,12,44,53,60,4,61,23,48,75,54,11,74,73,58,5,38,28,25,76,35,19,40,49,7,10,59
34;91319;91319;35000;1,8,14,33,42,43,53,9,55,20,12,28,40,24,73,31,15,74,13,76,67,69,39,32,72,30,22,17,6,68,48,44,52,62,66,25,71,46,77,58,60,38,27,59,65,23,29,36,61,45,34,54,49,0,3,75,26,18,37,78,7,57,63,5,11,41,56,47,35,79,10,64,21,19,50,4,2,16,51,70
35;91179;91179;35000;57,56,20,37,58,7,15,79,1,78,38,5,65,36,14,42,77,59,44,69,66,17,12,47,63,10,0,25,55,45,49,27,68,24,11,4,13,76,39,3,50,9,64,67,72,33,51,43,41,52,35,28,60,18,29,2,46,70,21,53,40,74,34,61,71,23,16,26,62,73,32,54,48,8,75,30,6,31,22,19
36;91278;91278;35000;72,67,41,65,38,73,9,21,24,12,36,49,20,19,59,53,43,23,8,0,28,58,5,69,57,11,3,13,26,37,30,4,61,42,16,46,27,25,66,79,54,6,77,1,51,52,34,10,71,14,70,48,50,64,39,18,7,33,35,40,29,55,17,56,76,63,22,78,47,60,62,2,32,15,68,45,75,31,74,44
37;91189;91189;35000;7,17,15,62,39,67,41,64,46,44,37,65,26,5,74,20,71,47,8,78,43,59,29,50,28,2,32,1,75,42,33,36,13,61,40,30,63,24,38,19,70,22,51,18,48,45,0,14,79,16,58,73,34,9,23,57,53,6,66,11,10,12,54,4,52,21,76,72,49,69,31,27,25,60,56,35,55,3,77,68
38;91307;91307;35000;17,19,32,52,45,22,48,69,40,53,56,43,0,65,54,61,44,58,60,57,23,36,8,72,20,68,77,26,5,7,12,49,51,30,63,62,71,13,1,29,14,74,28,16,46,33,11,15,39,64,9,78,41,42,18,25,35,38,70,10,34,47,37,2,66,55,3,73,27,67,76,4,24,59,6,21,79,75,50,31
39;90504;90504;35000;10,31,5,69,75,78,52,19,76,12,50,29,33,14,37,58,13,40,66,79,74,45,63,65,55,18,73,43,62,26,0,20,28,27,39,72,30,6,64,51,61,67,47,56,21,8,70,16,15,34,42,11,71,54,57,68,25,22,44,49,77,53,7,48,24,9,17,38,36,35,2,59,32,23,41,1,3,4,60,46
40;91202;91202;35000;5,27,29,33,58,72,31,61,71,26,68,64,47,50,1,44,39,25,22,45,15,73,70,4,21,46,18,57,0,67,9,59,51,38,6,20,52,32,8,49,76,42,54,56,37,3,23,62,13,69,17,79,65,2,74,10,77,60,19,16,7,53,43,12,30,78,41,48,63,66,34,14,36,35,40,75,55,24,11,28
41;91272;91272;35000;28,0,48,51,9,17,50,56,44,73,49,42,2,30,76,47,46,77,70,21,31,15,29,60,57,71,7,61,24,78,40,22,75,72,54,37,19,11,8,79,10,12,4,59,52,63,66,67,43,34,18,68,64,23,1,14,6,3,62,38,41,13,45,53,32,27,26,55,35,74,65,36,20,39,5,33,16,25,69,58
42;91279;91279;35000;75,22,26,33,65,63,17,73,5,74,38,43,10,0,12,78,41,60,37,27,23,7,56,64,2,58,77,72,36,76,34,1,49,45,68,62,11,4,42,20,18,16,47,35,69,48,3,54,67,9,52,21,28,8,24,46,66,40,31,61,15,39,59,14,44,53,25,71,55,29,51,19,6,79,30,50,57,70,32,13
43;91295;91295;35000;57,49,11,69,75,1,33,31,9,38,74,73,22,55,41,46,66,21,61,6,15,19,44,72,14,58,60,77,0,71,54,56,40,17,27,53,64,30,35,52,3,68,37,39,42,18,67,51,48,63,23,25,79,5,36,62,7,8,4,47,24,76,12,43,45,50,78,29,65,20,10,26,32,16,28,13,70,2,59,34
44;91292;91292;35000;39,76,59,3,44,65,35,70,23,42,29,64,45,50,54,34,14,24,66,48,69,7,57,56,37,28,10,67,8,63,31,33,40,17,16,53,68,36,13,1,5,26,73,71,49,2,79,20,55,32,38,30,58,75,21,12,9,15,41,11,0,74,6,27,72,52,60,19,22,77,47,61,62,18,4,78,43,46,51,25
45;91304;91304;35000;55,65,41,49,16,18,8,60,7,50,37,43,71,63,52,25,28,78,46,11,0,45,67,69,47,75,33,5,29,70,74,34,23,3,73,38,17,40,36,57,68,24,31,58,62,56,12,9,61,30,77,4,59,22,39,44,1,79,54,53,64,76,51,2,21,27,26,13,14,10,72,48,19,42,15,66,6,32,35,20
46;70160;70160;35001;38,54,51,34,31,66,11,19,79,48,30,69,8,73,2,6,29,70,10,43,45,57,72,50,41,25,76,18,77,49,61,0,9,68,35,56,59,44,21,28,27,22,37,16,64,4,42,53,60,71,26,15,46,7,23,32,12,65,55,75,78,20,24,14,63,67,58,40,33,5,13,1,17,39,47,36,74,52,3,62
47;57997;57997;35001;38,69,40,62,70,74,2,53,63,59,66,39,45,0,22,67,18,65,11,15,16,61,4,7,19,77,55,46,64,13,54,60,72,27,24,41,32,5,51,21,31,68,29,17,76,50,1,23,71,49,75,34,25,10,30,47,48,52,36,57,26,79,12,37,73,14,78,33,44,3,9,6,42,56,58,20,35,28,8,43
48;91117;91117;35000;56,61,27,67,78,69,68,13,46,59,63,79,49,8,17,65,11,20,3,53,12,44,2,19,48,25,54,47,5,9,15,4,66,60,28,73,77,76,26,52,58,62,42,24,57,51,7,1,41,74,39,55,34,72,29,45,70,22,71,32,14,0,16,18,6,36,21,23,35,40,43,64,30,10,50,75,37,33,31,38
49;91055;91055;35000;47,20,7,0,58,37,67,27,25,51,45,61,32,22,76,56,63,4,52,18,73,79,14,2,64,19,50,8,34,36,24,12,46,42,48,3,30,33,65,75,43,16,60,23,69,41,10,31,39,49,38,53,35,28,17,5,15,78,13,26,77,70,54,66,57,21,29,1,11,55,44,6,72,74,40,68,71,62,59,9
50;90977;90977;35000;2,37,60,26,34,54,61,15,23,66,24,19,4,74,32,7,78,55,35,31,27,70,64,59,71,79,11,28,20,45,48,40,14,12,17,44,5,33,43,22,57,8,47,68,30,75,52,0,77,58,10,21,18,16,51,50,38,65,1,39,42,49,3,41,53,36,67,25,76,56,46,72,63,73,13,29,9,6,69,62
51;91056;91056;35000;55,64,18,41,51,22,72,14,74,31,49,44,10,66,47,2,25,54,71,7,5,38,59,62,8,11,6,77,9,60,68,26,61,53,70,16,3,57,37,34,73,28,58,4,19,48,0,76,65,17,24,20,67,45,13,15,29,46,33,40,42,30,75,50,35,69,12,79,23,36,78,52,32,56,63,43,1,27,39,21
52;91052;91052;35000;17,74,33,75,26,56,62,18,65,1,67,14,77,52,63,28,48,59,76,15,73,49,42,72,5,2,78,25,30,68,45,40,32,8,12,9,22,54,19,55,60,70,31,66,36,16,10,38,58,24,71,29,69,27,35,23,39,34,6,41,43,11,20,53,21,57,3,61,64,79,50,0,51,46,44,37,4,13,47,7
53;91262;91262;35000;13,48,9,59,29,18,39,43,21,2,6,70,50,45,36,53,7,78,26,67,44,40,33,38,30,20,79,24,27,25,64,65,62,60,8,55,61,51,68,31,28,35,76,77,75,34,46,41,73,56,0,32,69,11,54,52,4,58,3,57,15,19,66,71,5,42,63,1,10,14,47,74,22,49,17,12,37,16,23,72
54;91243;91243;35000;47,38,72,62,6,41,9,27,68,8,3,28,78,66,12,69,44,71,19,59,5,29,67,39,21,14,17,26,33,45,77,18,24,53,46,7,75,36,52,30,11,37,16,48,49,65,64,23,4,34,63,43,42,51,58,0,40,76,15,74,61,20,35,13,73,60,22,1,55,50,32,56,54,25,2,57,31,70,79,10
55;91332;91332;35000;57,64,14,65,71,78,44,49,10,76,24,69,26,43,66,8,38,56,77,5,37,32,18,58,29,27,3,54,51,67,79,21,30,45,13,2,1,73,7,25,35,50,70,6,75,40,0,62,23,61,15,22,19,17,12,11,36,42,33,52,47,4,59,46,41,20,72,68,39,9,48,28,53,16,55,60,34,74,63,31
56;91180;91180;35000;63,8,7,21,59,19,37,27,24,34,2,29,15,56,6,28,71,1,18,17,36,30,35,20,33,68,5,10,42,45,31,14,60,22,11,69,13,32,3,48,54,57,51,52,25,43,64,65,12,9,61,26,46,40,50,78,49,70,66,41,38,79,55,72,75,53,23,44,62,4,76,74,39,73,0,16,47,77,58,67
57;91205;91205;35000;73,71,42,56,44,10,26,17,63,15,34,23,79,67,55,43,16,19,18,31,41,25,40,45,70,76,2,61,4,74,46,78,60,48,1,57,3,8,0,54,21,13,58,6,51,77,39,72,47,62,64,75,11,12,30,24,33,52,29,49,37,28,20,69,14,66,53,32,68,36,7,22,5,50,38,9,35,59,65,27
58;91329;91329;35000;64,76,17,69,66,58,31,7,60,56,46,5,48,35,20,3,10,26,4,51,54,27,72,12,73,43,16,53,19,0,41,14,75,52,62,29,47,28,44,39,74,25,68,23,9,34,40,49,37,2,36,18,24,67,38,65,77,78,63,33,50,15,6,11,71,21,13,1,57,22,59,61,32,55,70,42,45,79,30,8
59;91285;91285;35000;71,41,35,29,9,15,68,52,47,76,62,11,20,66,10,60,44,28,18,55,73,31,78,34,79,0,53,23,38,65,59,21,72,58,16,43,40,46,77,45,49,32,54,63,19,64,6,67,30,2,14,51,4,13,69,70,12,5,24,33,75,74,27,17,57,8,22,7,36,42,39,61,56,25,3,26,1,50,48,37
60;91239;91239;35000;29,35,4,36,32,67,33,6,20,70,61,21,64,13,2,18,78,23,45,44,25,31,66,48,11,72,19,41,40,15,56,43,24,69,75,52,10,17,14,65,63,3,7,22,50,62,53,8,74,28,26,55,73,42,76,37,68,77,46,51,79,59,39,58,34,12,16,57,47,60,1,38,9,54,71,0,30,27,49,5
61;90529;90529;35000;32,58,2,75,1,4,11,28,68,60,3,53,56,44,61,33,8,49,41,21,46,54,31,25,79,78,51,36,34,66,67,20,0,18,26,55,65,29,16,40,74,22,52,72,24,30,37,73,9,12,42,15,57,13,10,69,5,64,7,50,47,23,59,77,38,71,6,62,63,14,19,43,76,70,35,45,27,17,48,39
62;91311;91311;35000;14,49,72,69,33,58,18,26,39,76,62,57,68,10,20,46,1,48,9,3,75,15,19,37,7,42,32,21,8,74,59,29,24,35,38,12,53,13,54,31,27,50,61,17,44,36,51,16,52,6,4,11,23,41,45,34,2,64,79,65,71,28,5,47,0,70,22,25,60,43,40,77,66,78,67,30,63,55,73,56
63;91077;91077;35000;28,27,72,23,71,29,1,66,24,4,58,42,32,30,36,22,40,77,56,62,45,76,18,75,10,70,35,9,57,65,7,60,25,49,46,54,74,17,5,20,31,0,26,43,2,69,59,73,6,51,63,34,64,53,44,48,13,61,55,11,21,8,33,68,14,79,78,39,41,37,19,47,12,15,52,38,67,16,3,50
64;91303;91303;35000;19,15,76,1,61,57,65,52,46,78,38,45,69,62,74,43,30,68,49,20,53,55,26,32,33,6,2,12,35,9,41,3,7,79,24,77,58,22,8,16,36,14,60,59,25,64,10,70,73,39,31,28,48,67,50,29,21,47,54,34,72,40,5,63,27,42,23,66,44,37,11,4,17,18,13,75,51,0,71,56
65;91322;91322;35000;22,34,0,44,38,23,19,65,6,9,70,37,45,10,13,75,11,24,71,14,26,73,63,54,41,62,48,27,4,33,7,72,59,28,40,20,50,60,31,77,61,3,25,64,35,53,18,46,67,42,5,47,16,43,30,12,76,74,1,58,21,39,79,51,29,17,78,56,55,15,49,52,68,36,66,69,8,2,57,32
66;91308;91308;35000;26,22,7,21,79,14,51,11,54,49,20,3,58,2,47,73,38,62,9,4,33,46,25,5,76,39,52,31,1,32,55,53,27,50,60,57,56,15,65,6,74,8,0,75,24,36,13,17,61,30,77,66,63,70,78,45,44,28,16,10,72,43,19,23,59,42,67,64,69,34,48,18,71,40,41,68,29,37,12,35
67;90618;90618;35000;53,42,30,9,18,38,0,37,76,62,17,21,59,63,16,74,5,55,57,69,51,67,10,44,22,65,45,68,79,40,2,31,33,12,50,61,28,8,56,54,15,73,20,32,35,64,39,6,19,26,72,70,58,41,3,52,4,1,77,14,36,27,13,29,60,34,48,78,25,75,23,43,47,49,24,11,66,71,7,46
68;91216;91216;35000;32,17,58,48,33,79,66,28,4,37,29,1,23,5,47,36,40,59,31,54,21,13,8,74,78,19,3,46,12,27,42,9,18,20,64,52,61,60,65,0,39,24,73,77,56,14,53,57,75,71,7,30,51,22,10,63,43,76,34,70,26,25,35,2,72,49,15,45,62,6,55,11,38,67,69,16,41,68,44,50
69;91312;91312;35000;24,26,22,57,76,33,49,42,62,38,71,56,58,67,47,54,15,0,50,7,45,79,23,32,69,10,78,48,8,53,16,13,19,46,1,75,55,52,37,68,61,30,14,63,4,65,2,43,39,6,34,41,36,18,9,25,60,74,73,28,5,44,51,35,17,40,21,77,70,27,11,59,3,66,72,12,29,31,20,64
70;91307;91307;35000;0,13,23,5,12,19,68,15,56,48,14,71,9,33,63,43,11,69,45,6,77,64,57,26,31,53,40,16,70,37,34,54,66,65,52,44,47,61,32,76,7,28,21,79,4,41,1,59,25,74,2,67,42,8,18,36,30,39,72,46,17,58,75,35,22,49,60,20,3,10,38,50,73,55,78,51,24,27,29,62
71;91316;91316;35000;18,64,75,55,47,14,19,79,11,6,22,1,56,43,39,72,65,77,32,46,20,59,42,50,74,51,37,0,27,40,21,28,36,16,4,41,73,67,15,54,23,7,29,9,49,17,13,12,62,34,76,68,2,30,63,35,31,33,78,10,57,26,25,58,3,61,70,66,8,60,52,38,5,71,44,53,45,48,69,24
72;91246;91246;35000;42,1,0,29,7,53,15,12,74,46,19,35,76,60,4,61,27,77,66,70,56,78,79,38,50,21,58,73,55,9,71,32,57,41,22,18,5,2,33,16,34,30,64,14,63,48,45,52,39,23,26,59,24,69,54,28,8,65,17,72,6,10,43,40,47,25,67,68,36,62,49,37,44,75,31,20,3,11,51,13
73;91283;91283;35000;0,31,43,50,27,20,28,8,18,40,79,30,57,67,25,15,7,9,34,14,58,35,54,2,12,64,63,51,68,66,36,37,4,76,33,46,1,74,17,56,22,78,6,61,73,48,65,38,45,59,26,44,77,21,70,62,55,11,49,24,52,71,41,13,10,75,60,47,72,42,39,5,69,19,32,29,23,16,3,53
74;91282;91282;35000;47,50,24,20,70,78,40,36,3,21,32,42,17,46,26,16,65,43,7,52,39,28,71,41,55,54,62,79,67,48,51,64,74,12,76,75,53,45,38,22,61,72,35,34,10,18,69,0,63,30,77,13,15,33,19,59,27,58,44,49,68,14,31,8,11,73,57,37,2,5,1,56,29,4,66,25,9,6,60,23
75;91303;91303;35000;44,40,6,25,59,8,66,58,61,69,38,53,55,30,10,72,70,62,11,4,23,14,27,49,37,3,67,71,74,9,24,46,75,65,57,36,29,13,51,35,15,20,79,41,45,47,56,12,18,54,52,73,2,28,0,78,34,68,5,7,64,48,43,32,50,77,21,17,60,1,31,26,39,19,33,63,76,22,42,16
76;90505;90505;35000;73,13,56,24,4,6,71,53,28,77,67,57,72,10,54,64,31,19,42,69,34,33,36,78,2,50,30,74,51,1,66,9,44,55,0,29,65,8,49,22,12,70,39,47,43,20,59,68,48,75,16,76,3,27,17,58,46,52,61,26,45,62,63,40,18,35,79,15,11,7,41,37,14,60,21,32,25,38,23,5
77;90722;90722;35000;6,4,20,34,40,14,23,51,7,27,36,75,8,45,0,19,46,42,35,43,53,71,38,70,47,60,55,25,62,31,68,69,63,52,2,30,3,12,67,77,64,26,15,79,9,24,74,18,56,61,32,66,5,57,78,54,11,41,58,1,29,44,39,73,65,33,17,16,22,49,76,28,48,13,21,10,37,72,50,59
78;91386;91386;35000;15,43,45,46,22,68,3,66,55,16,12,27,64,67,75,50,37,18,58,28,69,17,33,2,10,49,36,38,23,53,8,7,13,47,30,9,29,42,71,56,26,32,40,34,31,20,73,6,24,79,52,44,54,39,48,14,65,41,61,1,11,25,60,0,70,57,21,59,35,77,62,63,74,78,5,76,51,19,4,72
79;91265;91265;35000;40,60,46,45,11,30,79,42,70,62,17,4,23,72,8,2,25,73,59,39,65,35,33,77,0,75,21,26,20,37,3,47,49,53,15,44,64,16,55,14,18,74,54,43,13,78,38,5,67,31,28,12,69,7,68,61,63,50,71,32,19,66,22,56,52,24,10,41,9,1,76,58,34,51,29,57,36,27,6,48
80;90338;90338;35000;39,7,57,13,45,53,66,60,26,50,73,55,4,31,61,52,32,5,34,40,6,10,11,3,62,59,65,68,29,22,47,20,75,19,67,28,38,1,51,2,42,35,48,64,46,74,14,63,15,16,54,37,18,77,43,70,24,30,36,27,71,23,33,0,58,79,25,56,12,21,41,78,9,8,76,17,69,72,49,44
81;91273;91273;35000;2,77,14,41,51,12,45,31,65,33,76,9,72,6,58,61,69,70,23,55,13,26,79,0,67,24,53,44,22,63,37,20,25,68,64,21,49,78,17,66,54,16,3,62,60,5,38,74,18,50,36,42,46,73,30,7,40,28,34,71,11,4,56,1,47,39,19,27,35,15,48,32,8,59,29,75,57,52,10,43
82;91242;91242;35000;49,2,6,53,23,39,0,76,9,42,62,77,59,44,13,5,31,35,50,37,70,73,4,63,10,12,47,52,33,29,51,60,30,78,36,67,66,46,38,24,45,68,79,72,8,3,56,18,14,15,16,7,43,61,19,75,25,74,21,17,11,65,41,64,48,27,57,34,40,71,1,55,69,32,26,20,22,54,28,58
83;91300;91300;35000;8,13,55,41,69,40,34,78,6,76,29,53,25,56,70,67,61,49,24,26,66,19,71,0,74,54,68,75,16,23,77,39,45,15,32,65,1,51,37,9,50,30,59,73,38,58,43,20,7,42,5,3,62,60,27,28,48,52,44,79,17,35,47,2,57,33,14,36,46,64,10,18,21,31,22,11,12,4,63,72
84;91220;91220;35000;22,65,34,44,36,20,52,77,48,75,47,62,60,56,59,63,46,18,58,50,31,29,53,10,78,2,74,9,61,66,43,42,13,72,68,1,57,14,64,71,5,67,27,25,79,24,76,3,6,7,45,37,8,40,16,73,19,55,33,0,11,32,21,38,4,54,35,23,17,12,51,26,15,28,39,30,49,41,69,70
85;91299;91299;35000;43,51,47,28,75,1,10,34,63,76,61,8,13,36,7,41,5,74,40,73,67,6,22,79,55,31,50,15,30,66,45,52,33,72,42,16,3,20,59,0,24,29,58,19,14,17,57,49,64,18,2,78,21,44,25,37,54,70,23,56,48,4,53,12,26,65,35,46,11,77,69,32,68,62,60,9,27,71,39,38
86;91241;91241;35000;48,42,4,38,20,24,19,28,73,3,5,29,78,25,1,74,26,36,31,72,22,46,61,8,52,53,27,49,66,45,15,79,76,10,64,67,12,60,55,62,34,56,75,21,17,7,43,9,16,23,33,0,47,77,70,18,32,2,54,41,59,37,11,58,6,50,40,14,39,44,35,51,68,69,13,71,65,57,30,63
87;91239;91239;35000;30,18,7,74,37,36,61,63,21,41,16,29,39,71,67,34,12,4,75,24,26,59,64,53,20,72,47,17,35,76,15,68,49,38,32,65,54,73,77,55,25,60,27,51,8,48,46,31,50,19,22,56,40,42,11,1,33,45,13,9,70,52,10,69,44,23,2,6,79,66,28,5,58,0,57,14,43,3,78,62
88;91318;91318;35000;28,25,21,72,49,0,19,70,8,33,17,15,7,34,61,52,76,42,24,59,41,38,4,65,67,27,1,71,39,5,64,11,60,29,44,63,53,48,31,37,46,40,50,10,57,36,78,45,12,73,18,35,54,16,6,58,51,43,79,22,23,66,13,3,2,32,9,20,56,69,75,62,55,30,77,14,74,68,26,47
89;91244;91244;35000;12,22,5,50,42,66,21,26,37,8,67,79,1,60,63,39,33,0,10,7,4,74,38,78,65,28,11,23,75,15,68,29,3,53,6,2,55,70,27,35,43,20,13,71,76,14,32,54,47,34,61,24,69,72,45,64,9,52,77,51,25,44,18,36,16,62,56,17,30,57,48,40,73,49,58,41,59,19,31,46
90;91238;91238;35000;50,26,63,54,11,40,51,36,13,2,70,29,0,22,62,27,32,8,34,68,33,71,43,16,55,10,64,24,25,61,19,41,23,78,20,4,49,35,73,57,72,77,15,60,12,38,46,31,75,59,9,18,52,37,5,58,56,44,17,1,39,69,7,47,65,28,42,74,67,45,21,79,30,66,48,76,14,3,53,6
91;90715;90715;35000;1,42,14,51,63,40,75,11,70,35,22,34,36,76,4,23,66,17,60,7,18,20,16,57,59,38,69,26,73,25,55,41,33,74,8,45,46,52,31,62,72,29,32,44,61,3,43,71,5,65,0,24,12,21,78,53,48,77,13,30,6,54,68,15,2,47,9,49,56,50,39,19,64,67,28,79,27,10,58,37
92;91248;91248;35000;57,29,70,25,39,53,35,65,45,31,66,26,42,77,71,5,34,72,41,7,75,44,62,27,79,49,14,3,21,19,69,10,15,2,37,23,16,68,73,64,1,43,50,67,59,40,17,52,63,11,54,8,78,33,38,36,60,6,28,20,12,58,76,61,74,51,22,47,55,18,32,13,0,46,4,9,48,30,56,24
93;91187;91187;35000;48,10,67,43,66,42,11,56,19,55,64,53,8,45,2,18,41,50,7,49,37,57,46,0,73,4,27,5,47,44,14,35,79,29,65,40,62,16,74,54,34,28,3,9,12,75,61,58,24,31,26,1,21,6,13,15,72,63,20,22,71,69,17,36,70,25,30,68,33,59,78,38,39,32,60,77,23,76,51,52
94;91252;91252;35000;52,33,15,61,59,41,68,0,77,24,20,71,66,5,40,30,19,46,28,10,55,12,21,58,22,4,76,79,31,36,29,44,47,14,72,49,2,35,53,74,69,65,45,70,23,62,63,34,1,9,67,13,50,60,54,16,32,48,56,75,8,64,38,3,73,37,51,27,39,25,18,7,42,57,11,26,43,6,17,78
95;91279;91279;35000;10,60,17,18,1,53,61,44,70,2,6,49,8,31,30,32,21,24,43,35,19,7,58,9,12,13,76,79,57,64,34,63,52,51,37,5,72,68,41,38,29,66,23,26,39,4,25,42,15,0,27,71,54,73,59,48,28,55,67,45,36,3,56,40,46,11,74,77,22,75,78,69,20,65,16,33,14,50,62,47
96;91282;91282;35000;34,53,55,6,51,43,15,27,26,17,58,73,25,10,3,49,62,18,8,2,77,16,12,14,50,4,63,68,48,42,37,79,22,78,35,24,7,31,11,47,36,61,71,76,67,30,40,59,52,38,64,65,69,28,56,39,75,29,23,70,41,44,54,32,46,9,66,1,74,60,13,20,19,72,57,0,5,21,33,45
97;91172;91172;35000;53,43,64,42,56,24,37,13,62,46,19,67,48,75,41,58,31,27,8,68,14,1,34,10,72,22,4,74,21,51,47,69,79,2,40,25,20,57,29,76,12,65,17,7,6,18,44,63,38,26,73,52,28,33,5,49,32,55,3,60,59,50,45,39,35,36,61,30,0,15,11,70,16,71,78,77,54,66,9,23
98;90975;90975;35000;46,13,24,34,59,76,71,2,55,69,9,31,48,58,32,16,78,63,50,22,15,1,29,39,8,11,72,18,26,12,7,65,42,19,60,36,57,73,70,40,10,64,0,30,41,35,23,79,47,43,75,45,67,17,6,27,21,62,54,25,37,53,51,61,77,66,44,3,68,38,14,49,56,4,20,5,74,33,52,28
99;91296;91296;35000;39,57,47,5,40,6,4,44,11,51,46,61,78,49,21,13,27,18,24,59,60,2,56,33,76,1,71,75,36,72,79,15,41,43,50,48,45,64,0,74,14,16,20,63,58,69,10,62,38,3,30,28,22,42,67,8,31,66,54,7,26,12,55,23,53,29,37,34,32,25,17,70,35,68,77,52,65,73,19,9
