0;139;835;165;15,19,6,11,4,1,10,0,5,2,12,7,17,8,16,18,9,3,13,14
1;157;1964;355;17,10,11,14,8,16,15,2,13,9,18,3,19,12,1,5,6,7,0,4
2;151;1598;292;16,3,2,9,4,12,10,18,11,6,19,1,15,14,7,0,17,8,5,13
3;147;1594;292;1,9,17,8,2,11,10,0,13,12,3,14,15,5,7,19,6,18,4,16
4;157;2396;378;6,10,14,19,18,4,8,17,2,5,7,0,1,16,15,11,12,9,3,13
5;158;2309;371;3,18,12,11,10,7,19,6,17,5,0,8,13,15,1,4,16,9,2,14
6;144;1796;315;18,5,9,11,6,14,13,3,4,8,12,17,2,7,15,19,16,1,10,0
7;184;2520;402;4,11,14,1,7,16,6,9,13,8,0,12,19,17,15,2,10,3,18,5
8;160;1174;245;7,17,11,19,1,13,18,10,16,9,15,3,14,12,4,8,2,6,5,0
9;154;1993;350;16,0,3,1,13,11,14,9,10,18,4,5,7,6,15,2,17,8,12,19
10;149;1433;270;6,1,14,0,11,7,16,12,17,10,2,4,5,19,3,8,13,9,18,15
11;131;1225;247;18,7,11,1,13,17,14,9,10,16,4,6,0,2,3,15,5,8,12,19
12;131;1318;260;15,1,14,9,13,5,18,10,0,8,7,4,2,6,19,17,16,12,3,11
13;156;2061;341;9,4,15,16,0,17,18,6,7,11,10,12,2,3,14,13,1,5,19,8
14;167;1660;295;13,8,11,15,10,19,9,18,4,16,0,14,6,5,2,3,7,12,1,17
15;173;2784;420;6,14,17,19,9,16,10,8,13,4,5,12,3,15,7,0,2,1,18,11
16;133;1028;224;12,18,8,14,7,13,6,3,9,0,16,11,15,17,5,19,4,2,10,1
17;151;1265;265;1,19,6,8,7,16,0,2,10,9,18,15,3,17,11,5,12,14,13,4
18;159;2424;396;18,19,7,4,11,1,9,5,14,12,0,6,8,15,17,2,13,16,10,3
19;148;1384;306;9,0,15,5,2,11,14,10,7,18,19,3,1,12,17,13,4,16,6,8
20;142;922;211;6,14,15,9,7,16,18,10,17,8,19,0,3,11,13,1,12,5,2,4
21;273;11089;1581;15,9,14,10,12,8,18,4,13,3,19,16,1,17,5,6,2,0,7,11
22;171;2050;381;2,0,15,19,17,18,16,1,7,13,9,3,11,12,6,5,10,4,14,8
23;153;1969;334;16,10,3,9,18,5,13,1,14,19,6,8,4,15,12,0,2,7,17,11
24;181;2032;379;6,3,17,13,2,5,10,8,14,1,19,11,12,15,7,0,4,18,9,16
25;145;1090;204;0,9,16,15,14,1,6,18,3,13,2,12,17,11,4,19,7,5,10,8
26;181;3566;652;14,10,1,19,8,2,7,16,18,4,17,12,11,15,6,3,0,13,9,5
27;149;2471;488;12,2,17,14,5,18,7,3,9,8,13,0,16,11,15,19,1,6,10,4
28;178;2714;410;14,8,5,13,10,12,9,2,17,7,18,3,15,19,1,16,11,6,0,4
29;163;1837;325;1,5,15,3,16,13,18,2,8,0,9,11,4,14,6,12,7,10,17,19
30;174;2806;412;15,9,12,4,14,7,6,2,18,19,10,17,13,11,1,8,16,5,0,3
31;179;2028;428;11,9,14,8,12,0,5,13,19,1,10,6,15,4,2,16,17,18,7,3
32;134;1732;335;3,14,19,4,2,11,13,9,1,12,0,8,6,5,17,15,16,7,10,18
33;160;2077;344;3,16,12,2,11,17,5,18,10,19,0,8,13,15,14,7,9,6,4,1
34;157;2231;404;1,2,15,17,6,5,9,12,14,0,3,18,16,7,8,19,4,13,10,11
35;148;1996;371;1,9,6,8,12,7,10,0,4,2,18,14,15,11,16,19,17,3,13,5
36;184;3323;623;5,1,7,15,3,2,9,14,12,13,10,17,6,19,18,4,11,16,0,8
37;161;3169;398;0,8,12,14,1,13,19,4,6,16,10,17,15,7,2,11,5,9,18,3
38;156;1664;240;11,17,19,13,4,10,0,16,15,9,18,3,12,14,1,2,6,7,5,8
39;156;1880;251;5,4,3,19,13,9,18,10,11,2,7,12,8,17,16,1,0,6,15,14
40;136;2060;268;14,10,11,16,0,2,3,18,1,9,7,4,17,6,15,5,12,8,13,19
41;148;1482;263;17,7,11,19,2,9,0,10,1,16,18,3,14,12,13,15,5,4,8,6
42;138;1259;182;14,3,11,13,2,15,9,12,6,7,18,0,19,16,17,8,1,5,10,4
43;144;1472;203;6,18,12,5,0,2,1,10,16,7,19,14,3,11,17,4,13,15,9,8
44;167;1542;274;10,1,13,11,18,6,16,4,12,15,14,3,5,19,8,9,2,7,0,17
45;156;1431;268;12,14,17,9,0,5,13,4,19,10,6,16,15,3,7,2,8,1,18,11
46;137;2015;263;4,5,6,12,0,10,2,7,13,9,18,15,3,8,1,17,16,14,19,11
47;174;3029;380;12,17,0,11,3,7,13,9,18,16,10,6,4,15,8,1,2,14,5,19
48;177;3145;390;13,12,9,2,16,7,10,0,18,17,19,5,1,3,11,8,6,14,4,15
49;175;2899;407;19,14,13,7,12,18,2,17,5,3,11,9,4,1,16,15,10,0,6,8
50;167;2262;426;12,1,17,19,8,2,10,5,18,7,9,11,0,14,4,3,13,6,16,15
51;147;2217;293;17,7,16,3,13,10,19,9,4,6,1,14,2,11,0,15,12,5,18,8
52;184;1705;236;16,15,2,4,11,18,10,3,19,13,9,5,8,14,12,1,17,0,7,6
53;151;2221;290;16,3,17,9,5,12,10,18,1,2,19,11,15,14,7,0,6,8,4,13
54;147;2484;316;11,2,14,8,7,16,4,0,1,10,9,17,15,12,19,13,6,18,3,5
55;158;1312;238;15,16,1,0,18,3,9,19,14,2,10,7,6,17,12,8,11,4,13,5
56;154;1366;241;13,3,17,9,1,16,10,18,2,12,19,8,15,5,7,0,6,14,4,11
57;158;1379;198;6,3,4,19,10,12,2,1,17,13,5,8,14,15,9,0,7,11,18,16
58;162;2228;321;7,18,4,15,16,5,8,14,10,0,19,12,3,17,11,1,13,2,9,6
59;162;2191;409;6,7,15,2,19,8,18,12,0,11,17,9,4,1,14,13,3,10,5,16
60;127;1559;275;19,1,3,11,8,18,14,0,7,13,5,4,9,6,16,17,15,2,10,12
61;214;3947;682;16,2,6,11,17,1,0,10,5,8,19,14,3,4,7,15,12,18,9,13
62;165;2533;451;9,1,15,14,16,6,18,10,0,13,2,8,5,7,17,4,19,12,3,11
63;148;1784;311;3,16,15,5,1,11,13,19,0,9,10,4,17,6,18,14,12,7,2,8
64;162;1952;365;7,3,1,15,11,5,10,14,13,0,19,17,16,12,6,8,4,18,2,9
65;141;933;178;12,3,11,17,16,19,13,18,1,0,14,8,5,15,9,7,2,4,10,6
66;167;1916;349;5,0,7,15,14,9,4,18,11,10,16,1,6,19,17,2,3,13,12,8
67;163;1534;546;11,1,3,0,7,5,14,9,10,17,18,16,19,6,15,13,4,2,8,12
68;168;1848;351;7,12,11,19,13,14,0,5,4,9,18,15,3,8,1,10,6,2,16,17
69;166;1695;310;16,5,2,15,17,1,10,8,9,7,4,6,14,13,12,0,11,3,19,18
70;153;2211;278;6,13,1,3,7,11,9,16,17,10,0,19,12,18,2,14,4,8,5,15
71;148;1716;258;18,16,15,1,5,11,9,2,14,13,10,17,6,7,8,12,4,19,0,3
72;151;1440;192;6,19,4,17,13,1,7,10,0,5,14,9,3,11,2,15,12,16,18,8
73;205;6571;1044;15,8,3,19,18,4,14,10,7,2,5,1,12,6,16,9,17,0,13,11
74;161;1621;233;9,4,15,11,0,5,18,14,8,12,7,2,17,13,3,1,19,10,16,6
75;140;1106;210;4,14,16,12,9,18,13,3,15,10,2,17,5,11,19,7,8,1,0,6
76;145;1536;262;1,9,6,8,16,2,7,13,18,10,17,12,15,3,4,19,5,11,14,0
77;150;1437;197;13,16,11,17,5,19,9,3,14,18,0,7,6,8,15,12,4,1,10,2
78;184;4042;480;3,14,19,15,9,16,18,6,0,13,10,17,4,11,1,12,7,5,2,8
79;184;3136;394;0,18,6,17,13,7,16,12,8,5,3,14,15,19,1,11,2,9,10,4
80;166;2449;310;18,2,14,6,0,3,5,16,12,19,10,17,4,7,11,15,13,9,8,1
81;141;1090;163;12,2,4,16,0,17,13,10,19,8,9,18,15,3,5,7,11,1,14,6
82;175;1670;227;4,10,2,15,19,6,8,16,1,5,13,12,9,17,7,3,0,11,18,14
83;152;1887;261;4,9,6,10,19,11,13,18,14,8,0,16,7,3,15,2,17,1,12,5
84;156;1598;218;11,0,6,16,2,7,10,12,8,5,4,14,15,19,1,3,17,9,18,13
85;132;1338;190;1,19,2,10,4,12,9,6,3,18,0,11,16,14,15,7,13,8,17,5
86;160;2574;322;9,3,17,19,5,15,10,18,14,4,16,6,13,1,7,0,2,8,12,11
87;166;1802;283;9,10,8,6,1,13,4,0,12,2,16,3,15,19,5,18,11,17,14,7
88;164;2734;439;14,5,19,9,13,18,0,3,7,8,12,17,1,11,16,15,6,2,10,4
89;137;1345;199;17,10,9,5,3,7,18,12,14,16,2,4,1,11,13,8,19,6,0,15
90;145;1075;166;5,0,4,11,15,18,17,9,19,8,13,12,6,1,7,3,10,16,2,14
91;185;3281;404;13,10,16,19,18,4,3,17,7,9,6,0,1,11,15,8,12,5,14,2
92;144;1099;167;4,2,11,12,13,1,10,5,7,9,18,15,3,8,0,14,6,16,19,17
93;130;1382;197;11,9,14,12,19,10,1,13,16,4,8,6,15,0,5,17,2,18,7,3
94;166;2044;286;12,3,11,16,17,5,0,18,8,1,19,6,14,15,9,2,7,10,4,13
95;138;1636;225;8,15,4,18,16,12,7,3,2,10,17,11,9,14,6,19,1,13,0,5
96;165;2600;326;3,4,15,13,18,14,16,5,11,19,1,0,6,9,8,12,2,7,10,17
97;174;2177;284;6,1,17,16,18,10,13,2,9,7,5,8,14,15,12,4,3,0,19,11
98;156;1460;205;7,1,17,19,0,16,18,12,13,9,2,4,5,8,15,10,3,6,14,11
99;146;1552;215;12,7,13,4,19,6,2,15,8,3,18,11,9,17,16,14,1,0,10,5
100;151;1745;238;3,14,12,1,8,11,2,19,4,13,18,9,6,15,17,0,16,7,10,5
101;157;1864;251;12,2,11,5,19,13,3,1,16,0,6,8,4,15,9,7,14,10,18,17
102;133;1228;198;8,13,4,3,1,9,5,12,0,7,2,18,16,19,17,15,11,10,14,6
103;154;2335;317;12,13,3,4,7,11,2,0,9,18,16,15,6,17,19,14,1,8,10,5
104;184;4324;699;13,6,16,15,9,0,18,8,4,10,7,17,14,11,19,12,5,1,3,2
105;158;1368;260;15,8,17,11,2,13,9,12,5,18,3,14,19,4,7,6,1,16,0,10
106;164;1356;264;14,18,16,17,13,7,10,5,9,6,0,11,19,3,2,4,1,8,12,15
107;162;1671;289;9,18,4,16,10,7,2,8,17,1,12,6,3,15,5,0,13,19,14,11
108;157;1557;298;13,12,6,16,10,1,0,2,7,9,18,15,3,17,11,8,19,5,14,4
109;168;2708;473;8,5,6,7,11,15,0,10,14,13,9,12,1,3,16,17,19,2,18,4
110;184;2655;464;3,7,14,1,10,18,19,2,17,13,8,15,6,12,5,9,16,4,0,11
111;210;6688;852;10,17,13,18,6,9,2,7,0,4,11,3,12,19,8,14,1,15,5,16
112;150;1008;163;12,3,2,9,6,19,13,1,18,10,5,17,4,15,16,7,0,14,8,11
113;127;923;147;12,1,19,16,10,2,3,6,9,5,4,8,0,15,14,13,11,7,18,17
114;161;1996;267;11,0,17,14,2,6,4,1,13,10,16,3,19,12,7,15,5,18,8,9
115;143;2756;489;0,19,11,4,2,7,9,12,1,18,3,15,14,6,17,8,5,16,10,13
116;171;2430;377;7,18,17,5,8,2,10,14,16,13,19,12,3,15,11,1,4,0,9,6
117;141;838;172;17,12,15,1,13,7,9,2,10,8,4,14,6,11,18,5,16,3,0,19
118;139;1206;214;12,13,11,6,15,2,3,10,16,18,9,7,4,17,19,1,14,8,5,0
119;134;1172;171;17,7,11,3,5,6,18,13,4,10,2,15,12,8,9,16,19,1,0,14
120;141;949;145;12,2,17,14,0,5,4,8,1,9,13,3,16,19,7,15,6,18,10,11
121;159;2671;329;9,11,1,14,8,17,18,4,5,7,12,19,3,0,6,10,15,13,16,2
122;151;1661;221;0,8,1,15,9,2,12,18,13,10,7,17,5,11,19,16,3,4,14,6
123;166;1933;265;4,12,11,13,5,6,9,2,7,10,1,0,19,8,15,16,18,14,3,17
124;155;1772;234;11,17,6,13,3,4,0,8,10,14,7,1,12,9,15,5,19,2,18,16
125;147;2322;302;19,0,3,16,2,1,18,6,12,5,7,17,8,11,14,10,15,4,9,13
126;175;1324;187;9,0,11,19,2,15,10,18,8,4,6,14,1,5,17,3,7,16,12,13
127;151;1725;229;15,8,6,19,12,13,10,3,5,2,9,11,4,14,16,18,17,0,7,1
128;152;1169;168;4,8,14,12,16,7,3,2,17,10,9,11,15,13,5,1,18,0,19,6
129;170;1720;227;7,14,1,15,16,5,10,18,4,0,19,12,11,17,9,8,2,3,13,6
130;137;1318;183;3,11,6,17,13,14,10,19,8,16,0,7,4,12,1,18,5,9,2,15
131;136;868;133;8,9,19,17,6,13,18,4,10,16,14,3,11,15,0,5,7,1,12,2
132;146;1143;163;9,4,15,19,16,5,18,10,13,2,7,12,8,17,11,1,3,0,14,6
133;154;1088;159;14,10,4,12,0,17,7,19,6,8,16,15,2,1,5,3,18,13,9,11
134;149;1996;294;12,3,17,8,0,2,7,19,5,9,18,11,15,14,10,13,1,16,6,4
135;142;1788;303;12,0,1,18,5,11,2,13,9,10,16,15,6,3,19,17,4,8,14,7
136;155;1206;201;2,16,4,17,9,19,10,13,3,5,1,14,6,15,8,12,18,0,7,11
137;136;1449;229;17,7,15,19,13,5,10,1,2,4,9,11,18,12,6,14,16,0,3,8
138;165;2238;292;7,12,11,2,6,17,10,1,13,0,19,5,14,8,9,18,4,3,15,16
139;172;3396;414;14,10,11,2,8,16,1,4,13,0,6,12,17,7,9,3,5,15,18,19
140;146;1108;164;15,8,19,13,1,14,18,5,7,9,4,17,10,12,3,11,2,6,16,0
141;146;1303;184;13,9,2,15,12,4,10,8,0,1,5,14,19,11,7,6,17,3,18,16
142;158;2557;320;15,7,3,0,5,10,9,6,17,14,1,19,12,8,4,16,11,2,13,18
143;136;807;130;13,12,11,6,1,17,16,7,18,19,3,15,14,9,10,8,2,5,4,0
144;129;1031;151;0,19,12,4,13,1,8,9,10,16,15,6,3,11,2,7,5,18,14,17
145;132;1216;174;15,8,14,19,18,6,3,0,13,9,4,10,17,16,11,1,12,7,2,5
146;172;2317;294;5,14,8,7,9,1,0,18,19,13,16,12,17,3,15,2,11,10,6,4
147;190;3316;400;18,9,19,6,12,13,17,0,8,3,11,14,4,5,1,16,7,2,10,15
148;154;1237;178;12,1,7,4,3,9,5,11,15,18,0,8,6,19,17,13,14,16,10,2
149;151;1243;177;8,7,19,17,13,18,5,12,9,14,1,11,10,0,3,15,2,6,16,4
150;159;1541;208;10,15,5,12,13,8,7,2,4,9,18,14,3,6,1,11,16,19,0,17
151;149;3075;375;19,3,11,4,7,2,9,5,12,13,18,15,14,17,10,8,1,16,6,0
152;172;3647;526;14,1,15,10,18,8,16,5,7,19,0,11,6,9,3,4,2,12,13,17
153;167;3305;403;16,13,15,14,7,2,10,5,18,4,9,19,11,3,8,1,17,0,12,6
154;168;2980;401;4,13,3,17,7,16,5,10,18,14,8,15,12,9,19,6,2,0,1,11
155;180;2836;368;18,2,14,12,13,4,3,17,8,9,5,0,1,16,11,7,19,10,6,15
156;129;626;144;2,18,11,0,6,8,9,7,15,4,3,14,19,16,17,5,10,12,13,1
157;146;2247;336;1,9,14,15,16,4,18,8,10,2,7,17,11,13,5,12,19,0,3,6
158;155;3005;533;5,8,17,7,16,15,10,1,6,13,19,11,12,0,9,14,2,3,18,4
159;175;3157;543;0,5,9,6,12,3,7,13,14,19,8,15,4,11,18,16,17,2,10,1
160;154;1282;260;1,6,2,4,8,16,14,0,10,15,11,17,12,7,18,9,19,13,3,5
161;150;956;207;4,1,7,18,13,5,9,2,10,8,0,15,16,6,12,14,11,19,3,17
162;162;2304;428;4,8,17,3,18,5,9,16,13,7,0,11,12,19,10,14,2,6,1,15
163;152;1704;338;18,17,15,12,0,13,6,11,9,16,10,1,2,7,14,19,4,5,8,3
164;140;2395;492;14,15,19,2,11,8,16,4,7,0,6,1,10,12,3,5,17,9,13,18
165;153;1298;253;16,13,14,4,7,3,10,8,12,1,19,18,11,2,5,15,17,0,9,6
166;299;10097;1479;18,14,16,8,9,5,0,4,3,1,7,12,17,15,6,2,11,10,13,19
167;159;2229;292;12,17,15,5,0,10,14,1,13,16,18,3,9,19,6,2,11,7,4,8
168;145;1140;230;16,13,1,7,14,8,0,18,15,4,9,5,17,3,19,2,11,10,12,6
169;183;4926;629;16,6,17,15,18,1,10,14,5,2,7,12,8,13,11,3,4,0,9,19
170;122;691;130;10,6,17,8,19,2,12,4,16,18,11,3,15,14,7,9,5,0,1,13
171;153;2540;316;16,8,6,14,7,19,10,12,18,0,13,11,4,2,1,3,17,9,5,15
172;149;1159;196;3,12,16,15,8,2,18,1,5,0,19,11,17,14,6,9,7,10,4,13
173;187;3634;439;17,4,15,14,12,6,7,10,19,18,8,0,5,11,9,16,1,13,2,3
174;145;1985;274;10,4,15,13,18,1,9,2,19,14,5,3,8,16,6,12,11,7,0,17
175;163;2395;388;16,0,2,12,10,18,13,19,14,5,8,15,4,6,1,3,17,9,7,11
176;148;1294;257;2,5,15,6,7,13,8,10,12,18,3,19,14,1,9,16,4,11,0,17
177;143;876;137;15,18,4,3,12,16,13,19,2,8,0,5,9,1,6,14,11,7,10,17
178;190;5173;606;13,9,12,8,6,11,5,0,10,1,7,17,15,4,19,16,14,18,3,2
179;159;1875;245;13,2,19,4,17,16,5,10,7,12,1,0,9,11,3,6,18,15,14,8
180;178;2739;368;12,4,17,19,13,14,18,8,5,9,7,1,10,2,15,0,3,6,16,11
181;141;1910;247;8,5,9,17,6,2,13,10,1,0,16,18,19,15,11,7,12,14,3,4
182;156;1092;160;12,13,3,6,7,5,2,4,10,18,9,15,11,17,19,8,1,0,14,16
183;155;2115;277;7,8,3,15,10,5,18,6,4,2,13,12,11,17,16,1,14,0,19,9
184;199;2615;340;14,3,8,6,2,19,4,10,12,5,9,0,15,11,13,1,17,18,16,7
185;128;1372;193;19,4,11,14,13,1,6,5,2,16,10,15,17,8,0,18,12,9,7,3
186;147;1323;186;11,7,9,16,13,4,10,0,8,5,18,3,15,19,1,14,6,12,2,17
187;161;1704;230;6,16,4,13,9,2,10,1,18,7,0,8,19,15,5,12,11,3,14,17
188;179;3693;445;18,15,13,11,19,9,2,0,5,3,8,4,6,14,16,7,1,17,10,12
189;135;1250;190;3,18,12,6,9,19,13,15,0,5,8,4,2,11,17,14,16,7,10,1
190;179;2376;403;3,16,4,17,9,2,5,12,18,13,1,14,6,15,8,19,7,0,10,11
191;139;1051;161;12,6,17,4,5,15,2,14,18,13,16,19,10,3,11,8,1,0,9,7
192;161;2125;285;19,17,8,7,18,11,0,12,14,16,10,6,4,15,13,1,3,2,9,5
193;153;2138;287;7,5,12,11,17,10,9,4,19,1,14,15,3,8,2,6,18,16,13,0
194;148;1899;255;19,18,8,6,10,2,4,12,7,5,3,14,15,11,13,1,17,16,9,0
195;161;2673;336;0,9,19,15,12,1,3,4,2,13,10,16,17,11,8,6,5,7,14,18
196;156;2698;338;7,8,17,3,1,4,18,5,9,10,13,11,12,0,16,14,2,6,19,15
197;165;2597;359;14,6,3,17,9,16,19,10,2,18,1,5,12,4,15,7,13,0,8,11
198;132;779;158;3,12,15,8,5,11,4,13,19,18,17,2,7,1,9,16,0,10,6,14
199;146;1783;236;11,0,15,19,10,8,14,13,5,4,9,3,18,16,6,12,2,7,1,17
200;178;2243;388;7,18,11,13,10,4,9,5,16,6,14,15,3,17,1,8,2,19,12,0
201;192;3753;614;0,1,8,14,13,7,5,9,2,4,10,17,19,12,15,11,18,16,3,6
202;183;3392;515;14,1,11,8,18,19,13,5,16,10,2,17,12,15,9,4,3,7,0,6
203;141;1861;344;14,7,15,11,13,17,9,10,12,18,2,1,6,5,8,19,4,16,0,3
204;131;1614;267;8,13,6,11,18,10,0,9,17,7,5,14,3,15,1,4,19,2,16,12
205;163;1318;192;19,10,14,2,9,16,1,13,3,0,6,15,17,18,11,8,12,4,7,5
206;147;1303;187;19,1,17,9,8,2,10,3,5,13,16,15,6,14,12,18,4,0,7,11
207;160;1517;313;3,16,19,15,7,13,8,1,2,0,6,11,10,14,12,9,5,17,4,18
208;136;1297;270;2,5,6,12,19,8,16,3,14,10,4,17,15,11,13,7,18,9,0,1
209;158;1075;231;2,13,12,6,0,5,19,4,10,18,8,17,15,16,3,7,11,9,14,1
210;166;3304;455;2,13,15,11,10,8,4,9,0,7,18,19,3,16,17,1,5,12,14,6
211;142;1234;247;3,16,8,15,9,6,0,18,1,5,7,12,17,2,13,14,11,10,4,19
212;145;1118;233;17,5,9,19,6,13,10,8,0,7,4,11,14,15,18,12,16,2,3,1
213;177;3019;441;16,13,14,12,7,5,2,8,10,6,4,11,3,17,15,0,19,9,18,1
214;176;2545;385;14,7,15,19,13,17,18,10,9,16,2,6,1,4,8,11,5,12,0,3
215;153;1327;254;1,7,6,11,13,4,10,12,8,16,3,14,15,5,2,19,17,18,9,0
216;161;1767;333;3,13,1,14,10,8,6,5,17,16,0,19,11,12,2,18,4,9,7,15
217;177;2459;437;14,5,6,17,13,7,16,12,18,8,0,19,1,3,4,11,2,9,10,15
218;176;2422;498;16,7,3,5,13,17,18,10,4,11,9,15,1,8,19,6,2,0,12,14
219;130;919;195;18,2,0,14,6,17,7,11,10,1,12,3,5,15,9,19,4,13,8,16
220;149;1507;336;3,19,2,15,17,1,12,18,5,10,7,4,8,14,16,9,13,0,6,11
221;157;1901;374;9,7,11,14,19,17,13,10,12,18,2,5,4,1,0,15,16,8,6,3
222;148;2122;455;6,16,5,14,9,2,7,15,10,0,18,19,3,1,8,11,17,13,12,4
223;190;2097;371;9,4,2,19,3,6,18,8,14,12,7,1,17,5,13,0,15,10,16,11
224;156;1635;285;13,2,15,14,7,10,8,17,16,0,12,19,3,18,9,11,4,1,5,6
225;164;2135;340;7,12,8,16,9,17,0,2,13,4,5,14,3,11,15,10,18,1,19,6
226;166;1836;330;12,4,13,16,7,5,2,0,9,18,8,15,6,17,19,3,1,14,10,11
227;148;1295;281;10,5,6,12,1,4,0,13,9,7,8,15,3,2,16,17,19,14,18,11
228;168;3358;499;15,17,4,13,6,11,10,9,0,14,7,19,12,8,5,3,1,18,2,16
229;149;1117;230;3,15,19,0,5,6,12,8,4,2,13,11,17,14,1,16,7,9,10,18
230;179;1860;317;16,17,15,11,19,12,0,10,3,8,4,5,9,14,6,2,13,7,1,18
231;155;1659;290;17,18,16,5,1,7,10,8,0,6,15,14,3,19,13,4,12,9,2,11
232;144;1383;289;11,14,7,15,13,4,9,8,5,10,0,1,19,12,17,6,3,16,18,2
233;137;1094;228;0,9,12,14,10,1,7,5,2,17,18,3,15,16,8,19,4,13,6,11
234;160;1606;297;10,16,1,14,12,9,7,3,13,2,18,11,19,17,5,15,4,0,8,6
235;158;2009;382;12,8,17,14,1,15,10,5,18,9,7,11,4,2,13,3,6,0,16,19
236;156;1267;271;7,18,17,19,1,8,10,9,13,6,15,16,3,2,4,0,12,14,5,11
237;126;1072;225;6,16,11,19,8,10,18,14,5,7,2,12,3,4,17,1,15,13,9,0
238;167;2151;342;6,8,1,16,3,5,0,4,14,12,7,17,2,15,9,10,11,18,13,19
239;157;2147;343;12,7,11,8,5,2,13,0,18,3,16,15,6,17,9,19,4,1,10,14
240;160;2902;424;19,14,8,6,10,1,2,16,7,5,3,12,15,17,13,0,18,11,9,4
241;145;962;226;9,3,0,6,4,19,13,18,14,8,5,1,12,15,16,7,17,2,10,11
242;159;1601;285;4,7,8,11,13,2,10,9,12,5,1,19,0,17,15,3,6,18,16,14
243;146;1612;282;4,13,14,12,16,5,3,17,1,10,9,8,15,2,11,7,19,0,18,6
244;172;2166;425;10,14,16,18,9,5,2,17,1,6,4,0,19,11,13,7,12,8,3,15
245;151;2078;412;17,7,14,19,13,18,16,12,4,10,2,5,1,8,15,3,6,9,0,11
246;156;2352;452;14,5,11,7,3,4,9,8,10,16,13,1,2,19,0,6,15,12,18,17
247;166;2841;525;17,12,16,3,9,4,18,13,8,10,2,14,19,15,6,5,11,1,0,7
248;163;1729;340;5,13,4,12,0,17,7,19,11,9,18,15,2,8,10,3,1,16,6,14
249;146;1633;338;6,0,15,5,2,9,14,1,10,7,11,17,12,16,18,4,19,13,3,8
250;152;1034;223;7,17,6,11,2,12,0,4,13,1,9,3,15,18,5,14,8,10,19,16
251;154;1684;334;8,13,6,16,1,11,2,0,18,5,12,3,17,19,4,14,7,9,10,15
252;177;3745;749;6,16,4,14,17,0,2,19,11,7,18,9,3,15,8,1,12,13,5,10
253;159;1854;367;5,8,17,12,11,15,10,2,9,14,18,19,7,13,16,3,1,0,6,4
254;147;1315;279;11,14,19,7,13,1,0,12,2,16,6,10,4,5,3,17,9,15,8,18
255;142;1266;269;10,1,11,5,7,6,13,2,18,17,16,14,19,3,12,4,15,0,8,9
256;166;2215;433;11,9,17,8,16,4,13,5,6,10,2,12,7,1,19,14,0,3,18,15
257;127;1156;225;4,6,8,11,3,2,14,16,18,5,1,7,0,17,13,10,19,9,12,15
258;160;1209;253;8,5,9,11,6,19,0,3,14,7,1,17,10,15,18,12,16,2,13,4
259;173;2563;520;5,7,14,19,13,3,18,8,12,9,4,11,10,17,15,0,2,6,16,1
260;148;1646;331;12,2,3,11,0,18,13,9,7,8,5,14,4,1,19,15,6,10,16,17
261;154;2200;428;1,5,12,15,6,13,10,8,4,0,19,11,3,14,7,9,16,18,17,2
262;146;1355;280;17,10,15,19,3,9,18,13,4,7,8,0,6,16,2,11,12,5,1,14
263;176;3291;608;18,3,11,4,6,12,13,14,1,0,19,8,5,15,16,7,2,10,17,9
264;145;812;192;16,13,15,19,7,2,18,1,12,0,9,10,11,17,6,5,3,4,14,8
265;151;2268;441;17,10,11,3,12,7,18,4,8,0,6,14,16,15,9,5,13,1,2,19
266;131;774;180;13,19,16,18,5,11,17,0,4,10,14,15,3,8,6,9,12,1,7,2
267;157;2115;441;17,9,12,3,8,7,5,10,18,2,4,14,11,15,1,16,19,6,0,13
268;163;1319;262;14,12,19,18,9,17,0,3,10,1,16,6,2,4,5,15,7,13,8,11
269;155;1384;280;13,0,15,3,9,6,16,12,4,10,1,14,19,11,17,5,2,7,18,8
270;150;2260;417;14,6,19,15,9,16,18,1,0,13,2,3,12,11,10,5,7,4,17,8
271;156;1483;300;8,14,15,10,13,4,16,5,9,18,3,17,19,11,0,7,1,12,6,2
272;161;2529;466;15,3,11,4,2,19,6,17,18,16,13,0,12,9,10,8,7,5,1,14
273;143;1761;358;3,16,15,17,5,13,9,7,8,18,0,11,6,14,2,12,4,1,10,19
274;143;1549;325;12,13,14,11,7,2,3,10,18,1,16,19,0,17,5,6,9,8,4,15
275;178;2139;441;3,4,11,15,18,9,16,8,2,19,0,1,6,12,17,5,13,7,10,14
276;151;1718;345;17,13,12,6,10,8,7,4,0,9,18,15,3,16,2,14,5,19,1,11
277;154;2640;517;7,17,14,0,19,12,18,1,13,3,9,15,11,8,5,6,2,10,4,16
278;173;2578;498;13,12,17,2,4,1,9,10,6,0,19,15,3,8,7,16,5,14,18,11
279;141;1550;312;18,2,15,12,11,16,13,1,0,9,5,8,4,7,17,19,6,14,10,3
280;158;2523;490;16,6,3,7,5,15,18,10,8,14,19,12,1,13,11,17,2,0,9,4
281;169;2756;496;12,3,11,4,2,13,10,5,6,16,19,0,14,1,17,8,7,18,9,15
282;161;2290;521;5,1,17,19,3,0,18,12,11,9,7,4,10,14,13,8,2,6,16,15
283;153;1560;312;13,16,15,18,5,19,8,3,1,4,14,11,17,0,6,9,12,10,7,2
284;130;843;187;11,19,14,12,9,1,4,18,7,10,16,6,3,0,5,2,15,13,8,17
285;161;1622;321;13,10,11,4,2,19,9,5,18,12,1,0,6,16,3,8,15,7,14,17
286;196;3555;738;3,16,19,11,17,2,12,9,10,7,1,6,0,15,18,4,13,5,8,14
287;150;1225;284;0,1,11,2,13,14,18,6,10,9,7,17,12,16,15,4,19,8,3,5
288;148;1648;369;15,8,2,13,11,5,10,18,4,14,7,12,6,17,19,3,9,0,1,16
289;167;2901;602;17,13,14,6,15,3,16,12,5,18,2,4,11,8,19,7,1,9,0,10
290;147;1326;304;3,16,14,2,9,19,5,18,0,8,13,4,6,11,15,12,1,17,10,7
291;144;1407;320;0,19,9,17,4,11,10,13,14,5,3,15,18,6,1,8,16,12,2,7
292;157;1603;335;3,9,14,10,7,13,5,11,17,8,0,19,1,18,15,16,12,6,2,4
293;158;2191;467;14,16,8,0,12,7,18,6,17,3,2,5,13,4,15,1,11,10,9,19
294;139;1056;253;3,18,14,2,13,15,16,8,12,6,0,1,7,19,4,5,17,9,10,11
295;147;1798;391;4,8,11,12,1,13,17,5,18,9,14,3,15,19,0,2,10,6,16,7
296;160;1746;385;15,18,8,19,10,5,13,3,7,4,9,11,0,17,12,14,16,1,2,6
297;160;3732;10832;8,0,15,4,2,19,14,9,1,12,10,17,11,7,3,13,5,16,18,6
298;149;1688;379;13,15,2,19,7,9,10,8,18,17,4,11,14,3,12,0,5,6,1,16
299;158;2516;539;19,17,0,15,6,9,8,18,13,1,7,12,11,3,5,2,14,10,4,16
300;153;1673;395;7,11,17,19,16,9,10,0,13,2,4,5,14,8,18,1,6,3,15,12
301;192;3154;693;13,14,8,6,9,19,0,1,3,18,5,2,4,12,7,16,11,10,17,15
302;155;1529;401;0,9,12,13,5,15,6,8,14,1,7,11,17,4,2,19,16,18,10,3
303;158;2067;460;3,12,11,10,16,1,9,14,2,18,7,4,17,6,15,5,19,8,0,13
304;192;2914;623;12,3,2,19,0,13,5,16,9,7,18,17,15,11,4,10,8,6,14,1
305;146;1754;384;14,9,3,13,6,18,5,0,15,8,7,17,12,11,19,16,1,10,2,4
306;157;2071;440;3,13,15,16,1,4,14,6,2,5,10,17,11,12,8,7,19,9,0,18
307;116;945;227;12,14,17,0,13,10,7,6,16,2,18,19,15,3,4,1,8,9,5,11
308;179;3478;683;4,9,8,3,16,5,13,18,10,6,2,12,7,11,0,14,17,1,19,15
309;158;1561;351;8,18,14,2,10,15,5,9,17,19,3,12,11,7,1,13,4,0,6,16
310;138;1363;312;1,15,6,11,10,8,2,9,13,7,18,12,3,17,4,0,5,19,14,16
311;153;1290;296;4,17,8,6,1,11,0,10,2,5,9,3,15,12,13,14,16,18,19,7
312;162;1851;403;4,2,14,13,9,12,3,17,7,15,18,6,16,10,11,8,0,1,19,5
313;152;1223;278;18,8,16,0,11,5,13,9,10,2,4,6,7,15,3,1,17,14,12,19
314;151;1865;381;15,1,11,19,4,2,10,12,5,9,7,18,0,17,13,3,8,6,16,14
315;144;1310;298;2,9,5,19,6,4,10,3,14,7,18,17,11,15,8,12,16,0,13,1
316;159;2423;499;7,8,17,16,1,13,10,0,2,9,5,3,4,12,11,18,6,14,19,15
317;180;3768;671;0,6,8,18,12,13,5,16,2,4,10,9,15,1,19,11,3,17,14,7
318;165;2536;478;16,0,14,12,2,6,10,13,4,1,9,15,11,8,5,3,17,18,7,19
319;147;1756;382;7,9,17,19,16,8,10,1,15,2,4,14,11,3,12,5,6,0,13,18
320;132;959;232;7,17,15,2,16,11,18,12,13,0,9,5,4,8,19,1,3,10,14,6
321;171;2387;504;16,8,6,14,10,5,0,4,13,1,2,12,15,17,7,3,11,18,9,19
322;157;1418;324;12,13,3,8,1,17,5,0,9,18,16,15,6,11,19,7,4,10,14,2
323;146;852;222;0,16,11,17,1,10,19,7,2,5,8,4,15,6,14,9,18,13,3,12
324;140;1179;273;11,14,6,18,13,4,7,0,10,12,8,3,15,16,1,19,9,5,2,17
325;151;1414;321;14,17,19,13,6,1,18,10,9,0,7,8,12,15,16,5,2,4,3,11
326;164;1595;354;12,1,17,6,4,19,13,5,10,18,9,11,15,2,3,0,8,14,16,7
327;143;2159;465;13,9,8,15,16,5,0,18,4,1,7,12,17,3,19,2,11,10,14,6
328;149;2078;429;15,11,4,17,16,9,10,3,0,14,19,7,12,8,5,18,13,1,2,6
329;148;1906;415;6,0,4,19,10,13,7,12,9,5,8,14,15,11,2,3,17,16,18,1
330;157;1543;335;15,2,3,7,0,16,18,10,13,11,9,4,5,8,19,17,6,1,14,12
331;158;1792;410;14,6,11,16,5,4,3,10,2,9,7,12,0,1,13,17,18,8,19,15
332;165;1528;342;15,19,17,3,5,6,9,14,7,10,1,2,12,18,11,16,4,0,13,8
333;147;1258;289;0,6,11,13,5,15,18,8,14,10,7,17,12,4,9,16,3,1,2,19
334;131;797;203;1,9,12,11,14,7,2,0,18,5,8,17,13,15,6,19,16,4,10,3
335;165;2974;610;2,18,16,7,4,19,10,3,14,6,15,17,8,11,13,12,5,9,0,1
336;138;1069;252;17,15,16,8,5,18,10,7,14,1,9,0,6,11,2,12,4,3,13,19
337;153;2191;469;19,10,1,13,3,17,18,16,14,12,7,0,6,11,2,8,15,4,9,5
338;148;1972;433;3,9,15,2,14,11,16,5,17,13,10,6,1,4,8,12,19,7,0,18
339;165;1953;10512;7,6,18,1,5,16,0,2,13,9,4,17,15,12,3,10,8,14,19,11
340;147;1034;261;5,11,8,6,16,17,13,10,12,0,9,1,15,2,19,7,3,14,18,4
341;148;1428;331;9,1,4,19,3,2,8,18,12,5,7,17,0,11,14,10,15,16,6,13
342;147;1394;323;16,14,11,1,8,5,0,12,4,13,3,18,19,15,17,2,7,10,9,6
343;134;1483;338;19,16,12,14,5,2,1,8,9,18,13,11,17,0,7,15,4,10,6,3
344;136;1975;423;0,8,11,15,1,13,9,6,2,7,4,10,14,16,18,17,19,5,3,12
345;145;1266;291;16,13,15,11,1,17,0,2,12,19,5,14,8,3,18,10,7,4,9,6
346;172;3705;783;15,8,19,16,10,5,3,4,13,18,9,1,0,6,14,2,11,7,12,17
347;148;1119;277;11,0,17,15,2,19,12,8,16,1,5,3,9,18,7,14,13,4,10,6
348;149;1279;295;15,8,3,19,1,17,18,12,7,9,4,14,5,6,13,11,2,10,16,0
349;131;1589;350;4,5,16,19,7,2,10,8,12,6,13,11,3,14,15,0,17,9,18,1
350;180;3563;718;14,5,15,2,12,8,18,4,13,3,19,16,1,10,9,6,17,0,7,11
351;150;1218;284;15,12,14,19,9,17,10,18,2,4,7,5,3,1,6,8,16,0,13,11
352;144;1742;388;2,4,8,17,1,3,12,16,10,5,14,15,11,6,13,18,19,9,0,7
353;139;905;223;12,16,3,14,4,13,5,8,10,9,0,11,19,17,15,7,2,6,18,1
354;147;1192;290;14,12,6,19,18,4,0,3,9,10,7,8,17,15,16,5,11,2,13,1
355;170;2770;582;9,4,15,14,12,6,3,0,10,13,8,7,5,17,16,1,19,2,18,11
356;166;2406;512;8,5,15,1,7,13,9,19,0,18,3,6,14,4,17,16,11,12,10,2
357;158;2204;475;4,7,15,16,11,6,14,0,10,9,1,2,18,5,8,13,19,12,3,17
358;157;1315;305;5,11,18,19,1,13,10,4,9,7,17,15,3,14,2,8,6,12,16,0
359;139;1144;271;16,10,8,17,6,19,13,12,14,1,2,5,7,4,0,3,11,18,9,15
360;168;2126;426;11,0,13,5,2,9,10,1,18,16,19,3,8,12,6,14,7,15,4,17
361;153;2309;10557;2,5,11,18,7,15,9,10,17,4,14,3,19,12,6,16,1,8,0,13
362;161;2087;452;11,9,19,8,12,4,0,13,7,3,18,14,15,17,16,5,6,2,10,1
363;161;1921;429;16,2,6,11,14,13,0,18,5,8,7,12,1,3,15,17,19,10,9,4
364;154;1972;419;6,7,4,12,19,2,14,1,16,10,9,11,15,0,5,13,3,18,8,17
365;136;1875;408;18,19,2,17,7,3,10,12,14,6,8,4,13,5,1,15,11,0,9,16
366;150;2319;502;12,13,15,8,14,2,3,1,19,18,16,0,6,11,9,7,5,10,4,17
367;136;1528;344;19,1,3,9,4,2,18,13,5,14,16,11,0,17,12,10,8,6,7,15
368;161;1737;388;14,16,11,3,7,2,18,4,10,9,0,1,19,6,13,5,17,8,12,15
369;150;1032;250;14,5,15,18,17,0,9,19,10,7,1,6,2,4,8,16,11,12,13,3
370;140;2336;498;19,17,3,0,13,12,8,9,2,18,7,6,4,11,15,1,5,10,14,16
371;165;1271;300;5,1,15,12,11,6,13,14,0,9,10,17,2,19,3,4,16,7,18,8
372;152;2120;459;13,4,16,15,1,17,18,9,10,12,7,0,8,6,3,11,19,5,14,2
373;148;1864;384;17,13,15,19,1,16,18,10,2,9,5,3,8,12,6,14,7,4,0,11
374;143;1932;396;19,10,3,11,4,1,18,9,7,5,2,12,13,17,15,0,8,6,16,14
375;177;3322;614;3,18,19,11,6,5,16,9,10,1,2,17,12,15,0,4,13,7,8,14
376;184;3801;663;14,6,11,3,18,4,19,7,10,9,1,2,12,16,0,5,17,8,13,15
377;163;1840;328;0,7,19,6,13,14,1,4,3,18,9,15,10,8,5,11,16,17,2,12
378;138;1384;248;1,10,15,11,2,9,14,19,13,16,18,3,17,12,8,0,5,7,4,6
379;153;1734;316;3,7,15,11,13,18,9,17,2,5,10,1,6,12,8,19,4,16,0,14
380;154;2174;389;6,9,12,2,5,13,1,10,8,0,7,17,11,4,19,16,14,18,3,15
381;176;3382;9448;3,16,12,6,7,13,10,8,4,9,0,11,19,14,2,15,5,18,1,17
382;152;2269;509;5,10,2,19,7,13,18,8,12,9,4,11,14,17,15,0,3,6,16,1
383;139;1305;325;14,11,19,6,2,17,18,10,9,5,7,8,0,15,3,4,16,12,13,1
384;148;800;203;12,1,2,15,8,16,14,13,0,4,10,11,9,19,5,17,3,7,18,6
385;136;1357;321;6,18,8,16,14,7,0,2,9,4,12,17,13,11,5,10,1,3,19,15
386;147;1897;442;6,5,2,8,11,1,13,0,9,10,12,17,3,15,16,7,19,14,18,4
387;141;1528;280;3,12,11,17,8,2,9,14,18,13,1,0,7,19,4,16,5,6,10,15
388;160;1655;287;13,8,17,2,16,15,12,18,14,10,7,4,5,6,19,9,3,0,1,11
389;134;1244;274;5,10,0,14,13,6,1,4,16,18,9,15,11,8,7,3,2,17,12,19
390;159;1574;277;14,2,15,8,13,7,9,5,12,18,1,0,6,11,17,19,4,16,10,3
391;138;1010;218;18,17,11,15,8,12,3,2,13,0,7,6,4,16,19,1,5,10,14,9
392;172;2112;374;12,0,14,18,2,8,3,7,6,4,10,19,11,1,5,17,15,13,9,16
393;153;1441;321;6,17,15,9,14,7,4,18,10,16,2,1,13,19,3,0,5,12,8,11
394;192;2868;459;10,2,14,4,0,12,5,7,1,19,18,11,15,9,3,17,8,16,13,6
395;163;2536;396;16,10,15,11,12,9,0,13,18,7,6,1,14,19,8,2,3,4,5,17
396;153;1229;261;17,15,12,11,5,9,7,10,4,2,18,3,16,14,1,13,6,19,0,8
397;126;1073;227;14,11,8,18,10,12,6,19,17,7,1,5,2,4,0,3,16,9,13,15
398;182;1630;285;18,17,3,11,1,4,14,9,5,8,7,12,13,2,15,0,6,10,16,19
399;137;1140;243;17,10,12,11,0,13,7,19,9,5,18,3,2,15,8,14,1,16,6,4
400;166;2097;344;16,13,6,14,7,11,10,12,9,18,0,19,4,1,2,3,17,8,5,15
401;146;1501;303;10,7,6,5,3,4,14,8,12,16,0,11,1,17,15,13,19,9,18,2
402;154;2275;360;14,5,11,0,16,4,19,8,6,10,13,9,12,15,17,7,3,2,18,1
403;155;1672;293;17,19,2,12,9,18,13,3,14,10,16,6,1,4,5,7,15,0,8,11
404;131;1271;248;3,16,12,15,9,19,18,8,0,2,4,14,6,11,13,5,7,10,17,1
405;117;865;201;12,13,15,5,7,6,8,2,10,0,16,19,3,17,11,1,4,18,14,9
406;159;2569;391;15,9,14,13,12,4,18,8,7,3,5,10,1,17,19,6,2,0,16,11
407;192;2913;583;7,5,6,19,16,9,10,0,13,17,11,15,14,8,4,18,1,3,2,12
408;172;2683;555;1,5,19,11,6,2,16,4,8,13,10,17,14,12,3,9,15,7,18,0
409;132;886;215;10,2,4,3,0,13,16,12,8,6,1,14,5,7,17,11,19,9,18,15
410;156;1986;416;1,9,17,14,16,11,7,0,10,2,18,3,15,19,12,5,6,13,8,4
411;142;1322;296;7,2,6,11,0,4,14,13,5,10,17,15,12,8,16,9,19,18,3,1
412;159;3923;897;19,0,3,15,10,8,18,13,4,2,16,14,6,11,12,5,17,1,7,9
413;125;993;238;9,13,3,5,0,10,18,1,6,16,2,14,12,11,19,4,7,8,17,15
414;124;785;196;11,3,17,7,2,19,10,18,1,16,14,6,4,15,13,0,9,5,8,12
415;142;1421;489;7,1,2,19,17,6,18,0,13,10,9,15,5,11,16,8,3,4,14,12
416;141;1272;295;6,2,11,17,14,12,9,10,13,8,1,0,19,16,15,7,3,5,18,4
417;134;1050;274;13,6,9,18,19,4,17,0,8,10,7,2,1,16,11,5,12,14,3,15
418;143;2600;645;1,6,7,11,2,15,9,14,8,18,10,17,4,12,3,19,5,16,13,0
419;159;1836;410;12,11,17,16,18,4,2,10,14,1,9,15,13,3,7,6,5,0,8,19
420;171;2551;504;2,1,11,4,3,5,9,7,14,18,0,19,6,12,17,8,10,16,13,15
421;160;1375;325;0,2,11,13,6,5,9,8,10,1,7,17,12,4,14,19,15,18,3,16
422;169;3106;753;13,16,8,19,4,17,5,18,7,9,2,12,1,3,15,11,10,6,14,0
423;148;1430;316;17,13,15,6,7,12,18,10,5,3,19,14,16,4,9,11,2,0,1,8
424;147;1671;412;2,1,8,17,4,5,16,7,10,6,0,19,11,12,15,18,14,9,3,13
425;147;1547;367;2,4,12,3,19,6,16,9,14,1,10,17,15,11,13,7,18,8,0,5
426;159;1099;280;1,19,17,8,4,13,0,16,10,9,18,5,15,14,11,2,6,3,12,7
427;151;1890;496;2,4,17,6,1,11,12,10,14,18,13,3,8,5,7,16,19,9,0,15
428;153;2234;490;14,2,15,12,0,7,4,1,18,9,10,17,13,11,6,19,5,16,8,3
429;155;1123;232;4,2,14,1,17,16,5,6,10,8,13,11,19,9,15,0,12,18,3,7
430;177;2252;413;19,3,6,9,2,18,10,11,15,16,14,8,4,12,13,0,17,5,7,1
431;174;2315;447;8,5,15,1,0,2,13,12,10,16,3,18,14,19,17,7,11,4,9,6
432;146;1530;370;8,0,4,18,17,13,5,9,6,10,1,16,19,15,11,2,14,12,3,7
433;168;1820;427;10,17,6,8,14,12,4,13,3,11,9,0,7,16,2,19,5,18,1,15
434;146;1059;268;7,18,6,14,5,17,4,3,19,10,9,11,15,0,16,12,8,2,13,1
435;190;2940;861;1,9,6,3,12,13,16,10,17,0,4,8,15,7,11,5,2,14,18,19
436;160;1946;425;13,5,17,1,18,19,7,0,3,14,8,15,4,9,11,16,6,2,10,12
437;154;2742;647;6,10,0,17,8,1,16,12,9,13,2,18,11,15,19,7,3,5,14,4
438;147;1146;223;12,8,3,7,1,13,18,5,9,14,4,11,6,0,19,17,2,10,16,15
439;153;1430;327;14,4,3,7,18,5,2,10,9,13,16,8,6,15,19,17,1,0,12,11
440;163;1939;467;8,13,2,3,7,16,5,6,17,10,4,14,11,19,1,15,0,9,18,12
441;184;2209;579;12,8,10,5,18,11,13,19,14,16,0,6,4,15,17,1,3,7,9,2
442;146;1640;383;8,15,13,14,1,18,5,0,3,2,9,4,11,6,16,7,19,17,10,12
443;134;1220;298;15,8,6,7,18,13,9,12,2,16,3,4,14,5,1,17,11,19,0,10
444;161;2133;620;12,3,1,16,5,11,0,13,18,7,9,10,15,2,6,17,8,14,4,19
445;173;2912;706;8,2,15,1,4,11,7,0,14,17,18,3,16,5,9,19,6,13,10,12
446;158;3094;858;3,18,19,17,4,13,16,5,8,6,0,11,7,14,1,12,2,9,10,15
447;143;1020;213;16,0,14,11,2,12,10,13,1,5,8,15,9,6,4,3,17,18,7,19
448;154;1757;390;16,2,17,11,14,9,4,18,15,10,13,19,12,3,7,0,8,1,5,6
449;172;1983;460;7,10,9,3,12,4,18,5,14,2,13,11,16,17,1,8,19,6,0,15
450;138;1206;316;10,17,14,8,0,2,16,7,1,19,18,3,15,12,11,5,6,9,13,4
451;168;2631;615;13,8,16,14,1,15,18,6,0,10,7,17,4,12,2,11,9,5,3,19
452;158;2295;618;7,4,1,14,16,5,18,13,10,2,9,15,11,17,12,8,3,0,19,6
453;141;2144;503;14,4,15,16,1,17,18,10,12,9,2,13,8,6,7,11,19,5,0,3
454;143;1793;465;13,1,4,14,3,6,5,16,15,9,10,11,17,19,2,0,18,12,7,8
455;167;2021;486;15,17,8,11,2,9,0,4,13,18,5,3,19,12,7,14,6,10,1,16
456;166;2019;433;16,0,4,15,19,9,8,18,13,10,7,17,12,11,5,2,3,1,14,6
457;141;1002;269;19,5,11,15,7,14,10,3,4,0,16,6,13,8,12,18,17,1,2,9
458;141;1261;297;12,3,6,2,13,19,1,18,0,8,14,4,5,11,15,7,9,17,10,16
459;180;2958;822;3,15,19,2,7,11,9,14,17,0,8,13,4,12,1,16,5,6,10,18
460;145;1283;264;14,18,4,0,12,15,9,16,3,10,2,1,5,19,17,6,13,7,8,11
461;147;1467;333;12,15,17,1,5,11,10,9,14,4,7,19,18,3,13,0,2,8,16,6
462;169;2523;609;18,19,5,9,4,3,7,11,12,8,0,6,1,15,14,13,17,16,10,2
463;145;1668;447;12,17,11,18,1,7,3,9,10,6,13,16,15,2,4,0,5,8,14,19
464;175;2289;624;14,1,11,12,18,6,13,9,2,16,10,17,5,7,0,15,4,19,8,3
465;138;1118;276;15,6,3,13,5,10,9,17,4,18,7,2,12,8,19,16,11,1,0,14
466;156;2142;406;6,1,4,19,8,2,10,12,5,7,9,18,0,15,17,3,13,11,16,14
467;189;2822;637;7,18,8,15,10,2,0,9,13,5,19,12,3,17,4,1,11,14,16,6
468;190;4936;1052;7,18,17,19,4,11,10,0,13,2,9,5,15,8,16,1,6,3,14,12
469;130;1342;325;18,16,15,6,7,2,4,1,10,17,9,11,13,0,12,19,5,3,8,14
470;134;1151;297;12,13,14,4,7,19,3,10,8,0,16,6,15,17,11,1,9,2,18,5
471;132;1123;291;12,17,3,1,8,11,19,9,4,14,10,6,16,7,15,2,0,13,18,5
472;238;6133;1562;18,17,9,11,1,13,4,12,8,5,3,14,15,7,2,19,6,16,10,0
473;195;3255;655;16,3,6,11,2,7,10,18,12,1,19,8,14,15,9,0,17,5,4,13
474;146;972;203;6,2,11,8,19,13,15,5,3,16,10,17,7,12,0,4,18,1,9,14
475;168;3568;880;8,10,15,12,0,14,13,4,11,16,18,3,2,19,6,5,9,7,1,17
476;148;1453;347;4,0,6,12,2,11,1,5,13,10,9,7,15,8,14,17,3,18,19,16
477;148;1789;440;15,3,6,14,17,16,4,18,13,10,2,1,5,9,7,19,8,12,0,11
478;158;1306;318;7,1,8,16,13,5,10,2,9,17,12,0,19,6,4,18,11,3,14,15
479;170;2257;544;12,16,5,18,13,1,19,2,9,8,10,17,15,11,4,7,3,6,14,0
480;160;1639;407;0,1,18,15,3,5,8,9,14,12,7,17,6,16,2,11,4,10,13,19
481;139;1544;398;12,17,1,16,3,7,0,10,18,5,9,8,13,15,14,2,11,4,6,19
482;147;1404;296;12,2,8,11,14,13,0,10,6,3,16,19,15,1,5,17,4,18,9,7
483;173;1739;427;8,5,19,3,17,0,13,9,1,10,4,6,14,15,16,7,11,2,18,12
484;165;1929;462;6,19,15,11,4,8,10,0,5,13,18,2,12,1,9,16,7,3,17,14
485;145;1459;370;9,15,1,12,17,6,10,4,8,5,14,19,3,11,2,0,13,18,16,7
486;162;1922;502;1,9,16,8,7,11,13,0,4,12,3,14,15,5,17,19,6,18,10,2
487;167;2359;621;5,3,8,16,10,18,0,14,7,9,19,1,12,6,15,2,11,17,13,4
488;179;3013;770;19,5,12,15,16,8,6,2,13,0,4,11,17,14,1,18,10,9,7,3
489;148;966;211;7,14,17,16,13,5,0,10,4,8,19,1,11,6,15,2,9,3,18,12
490;155;1788;475;10,6,11,3,18,13,9,16,8,4,0,5,1,7,17,14,2,19,12,15
491;158;1001;208;15,4,1,3,16,6,9,17,13,0,8,19,5,18,7,12,10,14,2,11
492;150;1779;395;14,11,8,6,18,13,5,0,9,3,12,2,7,1,19,16,4,17,10,15
493;142;1573;415;12,0,17,9,5,16,13,1,18,8,6,15,11,7,4,3,2,14,10,19
494;178;3913;1206;16,0,17,6,2,13,10,12,9,18,19,14,4,11,7,3,1,8,5,15
495;141;824;203;14,16,18,12,5,0,3,6,13,8,4,7,17,2,15,1,11,10,9,19
496;162;2784;895;13,16,5,14,10,0,2,19,11,9,18,15,3,17,1,8,12,6,7,4
497;177;2266;621;3,12,14,17,9,13,5,10,2,18,1,6,7,15,19,16,4,0,8,11
498;171;2966;722;3,19,5,17,7,13,9,12,18,8,0,11,1,14,4,16,2,6,10,15
499;157;1521;321;17,16,7,19,9,13,10,18,3,4,2,8,12,15,6,5,11,1,0,14
