0;219;4784;728;3,2,24,6,19,4,15,14,12,8,17,9,16,18,5,1,21,22,7,10,20,23,13,11,0
1;213;3164;573;16,23,0,8,12,18,13,10,6,3,11,21,14,20,22,2,4,17,15,1,7,19,24,9,5
2;294;8974;1462;9,14,20,17,15,8,10,23,2,16,3,6,4,24,12,7,21,22,1,13,5,11,0,18,19
3;201;3963;651;4,22,18,11,0,5,15,2,13,24,21,1,9,17,7,12,8,6,19,14,23,16,3,10,20
4;295;14308;2090;13,14,8,19,20,23,16,18,10,11,3,6,0,1,12,15,17,2,7,22,5,21,4,9,24
5;211;2981;560;2,17,12,13,0,23,16,5,11,24,4,8,9,15,6,1,22,19,7,3,10,14,21,18,20
6;231;7896;1146;4,17,3,13,0,8,14,9,11,23,2,6,16,24,12,1,20,19,7,5,15,10,18,21,22
7;188;3126;542;2,9,18,5,15,16,23,4,12,6,24,14,8,17,3,1,20,19,7,13,22,21,10,11,0
8;226;4655;881;8,14,24,12,15,4,19,18,2,17,3,9,16,6,5,1,21,22,7,10,20,23,13,11,0
9;248;6339;1122;23,24,4,10,20,13,5,21,15,11,9,17,0,22,2,1,18,19,7,3,16,14,6,8,12
10;214;4931;999;0,4,14,24,5,10,3,17,9,23,16,19,11,13,20,12,8,6,7,15,18,2,21,22,1
11;207;6370;1187;4,9,0,16,20,12,13,2,10,6,24,11,8,17,23,1,22,19,7,3,15,14,21,18,5
12;247;5497;984;18,3,24,14,20,8,9,21,10,23,5,12,16,22,6,1,15,19,7,17,11,4,2,13,0
13;197;3583;723;20,10,3,19,7,18,14,23,1,0,11,21,13,5,22,6,16,8,12,9,15,24,4,17,2
14;207;4074;643;12,6,4,23,20,13,16,9,10,11,8,17,0,24,2,1,22,19,7,3,15,14,21,18,5
15;340;24977;3383;18,3,17,21,22,16,4,13,12,6,14,2,8,0,15,5,24,9,19,23,7,11,10,20,1
16;225;4628;728;19,17,10,9,5,0,20,2,24,1,4,23,13,15,11,22,18,21,7,3,16,14,6,8,12
17;266;9502;1365;18,21,9,19,7,8,24,16,1,6,22,5,3,14,12,15,17,2,20,13,23,4,0,11,10
18;210;5801;817;24,14,0,2,15,23,13,5,20,17,16,11,4,9,10,1,22,19,7,21,18,3,8,6,12
19;216;4323;645;18,21,15,13,0,8,2,9,11,23,22,12,24,5,6,1,20,19,7,4,16,17,3,14,10
20;227;4262;601;11,23,10,24,5,2,14,13,9,4,16,20,17,0,15,7,21,22,1,18,19,3,8,6,12
21;204;3281;557;6,3,18,19,7,5,0,8,1,24,13,21,9,12,22,2,4,17,15,14,23,11,16,10,20
22;210;4162;703;15,4,14,24,5,12,23,17,9,6,16,3,8,2,19,1,21,22,7,11,10,13,0,18,20
23;211;4256;737;8,3,19,17,15,24,18,12,2,4,14,5,16,6,9,1,10,20,7,23,22,21,13,11,0
24;219;4532;945;23,11,5,10,20,4,13,14,15,2,0,9,17,16,24,12,8,6,7,18,19,3,21,22,1
25;195;4142;844;11,3,20,12,6,4,10,13,8,16,14,2,23,0,17,1,22,19,7,21,18,15,24,9,5
26;245;4355;935;10,23,13,8,12,4,0,14,6,20,11,2,16,3,17,7,21,22,1,9,15,24,18,5,19
27;241;5690;1195;14,4,12,0,20,16,2,3,10,11,17,8,23,13,6,1,22,19,7,9,15,24,21,18,5
28;206;3954;687;11,10,12,20,15,16,14,13,2,17,23,6,4,0,8,1,22,19,7,21,18,3,24,9,5
29;236;5154;731;0,11,5,10,20,4,23,21,15,2,13,9,17,22,24,1,18,19,7,3,16,14,6,8,12
30;222;6282;888;5,24,2,8,12,16,15,23,6,3,9,17,14,18,4,1,20,19,7,11,0,13,10,21,22
31;319;9644;1407;19,9,23,8,12,14,11,4,6,3,24,10,16,5,20,1,21,22,7,13,18,0,17,2,15
32;231;5499;1040;10,16,18,23,0,12,3,13,11,6,14,21,8,20,22,5,24,9,7,17,19,4,2,15,1
33;220;4195;827;3,14,5,8,12,17,24,10,6,16,9,15,4,20,2,7,21,22,1,11,19,23,13,0,18
34;209;2774;658;23,24,15,13,0,17,5,14,11,10,9,2,4,16,20,7,21,22,1,18,19,3,8,6,12
35;230;5573;1237;20,11,22,24,5,17,21,23,9,4,0,2,13,10,15,1,18,19,7,3,16,14,6,8,12
36;235;4930;1261;1,18,23,21,7,11,16,3,22,0,14,10,13,19,20,5,9,24,15,17,12,4,2,8,6
37;227;3731;927;14,24,5,12,6,17,18,19,8,16,9,15,4,3,2,1,13,0,7,23,22,21,11,10,20
38;221;4284;1099;24,3,0,12,20,16,13,4,10,6,14,11,8,9,23,7,21,22,1,2,15,17,5,18,19
39;218;4642;1083;18,14,19,8,6,4,23,21,12,5,3,24,16,22,9,1,10,20,7,13,0,11,17,2,15
40;261;6500;1402;3,6,12,24,5,17,23,14,9,4,8,2,16,19,15,1,10,20,7,11,18,13,0,21,22
41;262;8607;1884;9,14,19,17,15,8,18,5,2,16,3,6,4,24,12,22,21,10,20,13,7,1,23,11,0
42;261;8374;1457;5,9,14,8,12,4,3,10,6,2,24,16,17,20,15,7,21,22,1,11,19,23,13,0,18
43;264;6409;1079;3,14,24,8,12,4,15,18,6,2,16,9,17,19,5,1,21,22,7,10,20,23,13,11,0
44;228;4730;723;19,17,23,9,5,13,1,2,24,20,4,0,10,15,11,22,18,21,7,3,16,14,6,8,12
45;200;3494;531;22,15,4,12,20,3,17,23,10,6,2,16,8,21,14,1,18,19,7,13,0,11,24,9,5
46;201;3547;623;3,14,24,8,12,4,15,18,6,2,16,9,17,19,5,1,10,20,7,13,21,23,11,0,22
47;208;3872;572;3,24,15,12,6,4,5,18,8,16,9,2,14,19,17,1,21,22,7,10,20,23,13,11,0
48;234;6828;997;18,14,22,19,7,12,21,23,1,6,3,10,8,16,20,15,17,2,5,13,0,11,4,9,24
49;216;3468;516;23,11,19,22,7,8,3,9,1,21,13,12,0,24,6,20,5,10,15,16,18,14,4,17,2
50;224;4618;662;24,9,18,8,12,14,5,23,6,3,4,21,16,19,22,1,10,20,7,11,15,0,13,17,2
51;204;3298;492;13,23,6,24,5,8,12,11,9,17,16,15,4,0,2,1,22,19,7,3,10,14,21,18,20
52;273;9690;1433;14,6,12,24,15,4,23,3,5,9,8,17,16,18,2,1,20,19,7,13,22,21,10,11,0
53;218;5168;732;9,3,20,12,6,17,10,5,8,16,14,15,4,24,2,1,22,19,7,11,18,23,13,0,21
54;205;3623;565;15,14,24,2,17,6,5,10,4,8,3,9,16,20,12,7,21,22,1,11,19,23,13,0,18
55;227;4336;697;21,13,15,19,7,4,18,0,1,5,24,2,9,22,17,12,8,6,20,3,23,11,16,14,10
56;206;3019;591;3,9,11,8,12,23,5,4,6,16,24,10,14,19,20,1,21,22,7,17,0,13,18,2,15
57;217;4807;920;8,3,18,17,15,9,23,12,2,4,14,24,16,6,5,1,20,19,7,11,0,13,10,21,22
58;336;17063;2519;12,3,18,23,20,0,16,8,10,11,14,21,13,6,22,1,5,19,7,17,2,4,9,24,15
59;175;2985;452;0,11,10,12,6,17,14,3,8,16,23,20,4,13,2,1,22,19,7,9,15,24,21,18,5
60;184;2133;347;15,2,16,18,22,12,4,13,21,3,17,8,14,0,6,1,20,19,7,24,5,9,23,11,10
61;207;4350;634;18,3,15,21,22,4,16,19,5,9,14,2,24,1,17,12,8,6,7,0,23,13,11,10,20
62;228;4104;607;8,3,19,17,15,24,18,6,2,4,14,5,16,12,9,10,23,11,20,22,1,21,13,0,7
63;188;2942;443;10,3,9,18,22,13,19,14,21,0,23,24,11,20,5,1,6,12,7,17,16,4,8,2,15
64;213;5007;740;4,17,23,9,5,11,15,19,24,13,2,10,0,1,20,22,18,21,7,3,16,14,6,8,12
65;209;3763;655;3,17,16,9,5,12,23,14,24,15,4,8,2,18,6,1,22,19,7,11,10,13,21,0,20
66;248;4491;735;11,23,15,10,20,4,14,13,5,9,16,2,24,0,17,7,21,22,1,18,19,3,8,6,12
67;261;5941;910;11,3,9,8,12,10,4,13,6,23,14,24,16,0,20,7,21,22,1,2,15,17,5,18,19
68;226;5031;795;23,24,15,11,20,4,5,14,10,0,9,2,13,16,17,7,21,22,1,18,19,3,8,6,12
69;227;7656;1105;13,16,18,20,7,0,14,4,1,10,23,21,11,17,22,6,19,8,12,3,15,2,24,9,5
70;225;5182;1009;17,16,3,2,15,8,19,1,22,21,14,12,18,4,6,5,9,24,7,0,23,13,11,10,20
71;266;9221;1325;4,13,15,9,5,23,14,2,24,11,16,20,0,17,10,7,21,22,1,18,19,3,8,6,12
72;254;6650;1009;11,3,4,13,5,18,16,23,0,24,14,22,9,10,21,1,20,19,7,2,15,17,8,6,12
73;221;7708;1377;11,23,10,17,15,24,14,0,2,9,16,20,4,13,5,1,22,19,7,21,18,3,8,6,12
74;272;9613;1837;2,24,5,8,12,14,18,4,6,3,9,19,16,17,15,1,21,22,7,10,20,23,13,11,0
75;210;3916;717;3,6,15,12,19,4,16,14,5,9,8,2,24,18,17,1,21,22,7,10,20,23,13,11,0
76;240;4710;700;18,19,24,22,20,13,9,3,10,0,5,23,21,14,11,15,17,2,7,16,1,4,8,6,12
77;210;4467;674;14,17,1,18,22,8,15,4,21,19,2,12,3,16,6,5,9,24,7,0,20,13,23,11,10
78;279;9147;1247;18,3,4,21,22,8,16,13,15,12,14,17,6,0,2,1,20,19,7,10,23,11,24,9,5
79;206;3882;732;16,9,0,4,2,12,13,3,17,6,24,11,8,14,23,1,22,19,7,20,15,10,21,18,5
80;232;4190;695;17,4,14,15,1,3,16,24,19,22,9,18,21,2,5,10,23,11,20,0,7,13,8,6,12
81;221;3633;562;3,14,15,6,5,4,24,18,12,8,9,2,16,19,17,1,21,22,7,10,20,23,13,11,0
82;213;4482;666;3,4,8,5,19,2,16,14,15,24,17,6,9,18,12,1,21,22,7,10,20,23,13,11,0
83;212;3999;590;18,14,22,17,15,8,21,9,2,16,3,6,4,5,12,7,10,20,1,23,19,24,13,11,0
84;234;5632;802;10,4,3,20,19,8,14,23,5,9,16,12,24,11,6,1,21,22,7,2,15,17,13,0,18
85;217;6323;890;9,4,3,5,19,8,14,18,15,2,16,6,17,24,12,1,21,22,7,10,20,23,13,11,0
86;279;6772;1080;3,24,5,17,15,8,23,14,2,16,9,6,4,19,12,1,21,22,7,11,10,13,0,18,20
87;205;5548;802;3,24,15,8,12,4,5,18,6,16,9,2,14,19,17,1,21,22,7,10,20,23,13,11,0
88;210;4564;661;16,14,19,8,12,18,5,2,6,22,3,1,21,15,7,10,23,11,20,4,9,17,0,13,24
89;243;5515;775;16,3,5,8,12,4,19,14,6,2,15,9,17,23,24,1,13,0,7,20,18,10,11,21,22
90;235;5508;824;5,14,9,8,12,16,24,23,6,2,3,4,15,18,17,1,20,19,7,13,22,21,10,11,0
91;247;9547;1879;24,14,0,2,15,23,13,5,20,17,16,11,4,9,10,1,22,19,7,21,18,3,8,6,12
92;215;3561;756;14,3,22,17,15,9,21,13,2,24,18,19,4,16,5,12,8,6,7,11,23,0,10,20,1
93;212;3494;689;16,23,0,8,12,10,13,14,6,2,11,20,17,4,15,1,22,19,7,21,18,3,24,9,5
94;211;4190;884;3,24,15,12,6,4,5,23,8,16,9,2,14,18,17,1,20,19,7,13,22,21,10,11,0
95;207;3989;634;3,14,15,8,12,4,5,18,6,24,16,2,9,19,17,1,10,20,7,23,22,21,13,11,0
96;257;7957;1111;23,10,4,0,22,15,16,14,21,13,20,17,11,18,2,5,24,9,19,1,7,3,8,6,12
97;225;4207;766;24,16,12,23,20,13,3,4,10,11,14,8,0,9,6,1,22,19,7,2,15,17,21,18,5
98;217;5427;856;16,14,21,4,2,5,18,10,17,9,3,22,24,20,15,12,8,6,7,11,19,23,0,13,1
99;231;5745;867;3,14,20,8,12,9,10,11,6,23,4,5,16,19,24,1,21,22,7,2,15,17,13,0,18
100;216;3730;607;3,14,11,12,22,0,23,13,21,6,16,10,8,18,20,1,5,19,7,9,24,4,17,2,15
101;206;5376;864;3,5,15,18,22,4,24,10,21,16,9,2,14,20,17,1,13,19,7,6,12,8,23,11,0
102;250;7694;1188;5,24,19,17,15,8,3,14,2,16,9,6,4,18,12,1,10,20,7,23,22,21,13,11,0
103;222;5937;914;3,16,5,8,12,17,23,14,6,24,4,15,9,19,2,1,21,22,7,11,20,10,13,0,18
104;225;6452;955;16,4,19,24,5,8,3,14,9,15,17,6,2,18,12,1,21,22,7,10,20,23,13,11,0
105;237;4750;744;23,4,15,13,0,9,2,14,11,20,17,5,10,16,24,1,18,19,7,6,12,8,3,21,22
106;227;4543;706;9,14,12,5,15,16,19,18,2,17,3,6,4,24,8,1,21,22,7,10,20,23,13,11,0
107;197;4091;651;19,18,13,5,20,23,22,14,10,24,21,0,9,3,11,12,8,6,7,17,16,4,2,15,1
108;254;6999;1188;10,24,16,13,0,2,14,5,11,15,9,4,23,20,17,1,22,19,7,6,12,8,3,21,18
109;239;6355;1234;9,4,19,8,12,14,23,24,6,3,17,15,16,5,2,1,21,22,7,11,20,10,13,0,18
110;201;4654;783;19,14,15,5,7,4,13,3,1,9,16,2,24,18,17,12,8,6,20,0,22,21,23,11,10
111;190;3787;840;14,24,5,17,15,8,23,3,2,16,9,6,4,18,12,1,20,19,7,13,22,21,10,11,0
112;199;2559;575;10,3,5,13,0,4,18,21,11,23,14,9,16,22,24,1,20,19,7,2,15,17,8,6,12
113;190;3051;514;23,24,15,13,0,2,5,14,11,17,9,10,4,16,20,12,8,6,7,18,19,3,21,22,1
114;245;9408;1427;6,3,18,12,20,0,13,16,10,11,14,21,23,8,22,15,17,2,7,24,1,19,4,9,5
115;282;7512;1107;5,16,20,18,22,8,10,24,21,3,23,12,14,9,6,1,15,19,7,17,11,4,2,13,0
116;217;3311;562;3,14,17,8,12,11,2,9,6,23,4,13,16,24,0,1,20,19,7,5,15,10,18,21,22
117;238;5459;821;14,6,19,17,15,5,12,3,2,4,8,24,16,18,9,1,21,22,7,10,20,23,13,11,0
118;254;4502;727;9,24,1,8,12,23,19,3,6,11,13,20,0,5,10,22,18,21,7,16,15,14,4,17,2
119;228;5577;838;3,24,5,12,6,17,19,18,8,16,9,15,4,14,2,1,21,22,7,10,20,23,13,11,0
120;202;5118;867;23,10,18,13,0,5,3,4,11,24,14,21,9,16,22,1,20,19,7,2,15,17,8,6,12
121;241;4107;650;13,3,16,23,0,12,4,9,11,20,14,8,10,24,6,7,21,22,1,2,15,17,5,18,19
122;251;6104;951;18,3,10,9,19,0,20,21,5,24,14,23,13,22,11,1,6,12,7,4,15,16,8,17,2
123;227;5021;768;11,10,12,20,15,16,14,13,2,17,23,6,4,0,8,5,24,9,7,21,22,3,18,19,1
124;265;5077;775;14,0,20,12,6,4,10,13,8,16,11,2,23,3,17,7,21,22,1,9,15,24,18,5,19
125;203;3296;543;4,13,21,5,20,11,15,2,10,24,23,22,9,17,0,1,18,19,7,14,3,16,8,6,12
126;202;4826;887;9,14,19,17,15,8,18,5,2,16,3,6,4,24,12,1,10,20,7,23,22,21,13,11,0
127;237;6193;1269;12,9,23,19,7,13,5,8,1,20,24,11,10,6,0,2,4,17,15,21,22,3,16,14,18
128;267;9052;1549;4,14,19,9,5,0,3,17,24,11,13,20,23,16,10,12,8,6,7,21,22,18,2,15,1
129;248;6911;1073;13,2,16,0,20,8,4,14,10,11,17,12,23,3,6,7,21,22,1,9,15,24,18,5,19
130;206;4895;755;15,14,18,19,7,12,5,16,1,6,3,21,8,2,22,10,4,17,20,24,23,9,13,0,11
131;231;5585;1024;10,23,13,20,15,9,0,14,2,17,11,24,4,16,5,7,21,22,1,18,19,3,8,6,12
132;250;6712;1003;16,4,19,2,15,8,3,14,5,24,17,6,9,23,12,10,0,11,20,13,1,18,21,22,7
133;266;8638;1245;23,17,19,13,0,9,3,14,11,10,4,5,24,16,20,1,21,22,7,18,15,2,8,6,12
134;199;3900;629;0,14,22,11,20,8,21,18,10,23,3,12,16,13,6,1,5,19,7,17,2,4,9,24,15
135;213;3238;563;0,11,24,21,7,19,23,14,22,1,13,9,18,3,5,15,2,10,20,4,12,16,17,8,6
136;232;4537;769;12,3,0,18,22,11,13,8,21,23,16,20,14,6,10,5,9,24,15,1,7,19,4,17,2
137;243;7232;1084;20,16,12,24,5,2,3,14,9,4,15,8,17,10,6,1,22,19,7,11,18,23,13,0,21
138;214;4668;722;5,9,3,17,15,8,14,23,2,16,24,6,4,19,12,1,10,20,7,11,18,13,0,21,22
139;234;5575;844;3,24,5,12,6,4,19,18,8,15,9,17,16,14,2,1,21,22,7,10,20,23,13,11,0
140;232;6507;983;17,4,5,13,0,9,14,15,11,23,16,20,24,2,10,1,22,19,7,6,12,8,3,21,18
141;207;5288;952;5,23,19,18,22,13,20,9,21,0,10,1,11,24,7,6,16,8,12,14,15,3,4,17,2
142;226;5306;1086;3,4,8,5,19,2,16,14,15,24,17,6,9,18,12,1,10,20,7,23,22,21,13,11,0
143;234;6449;1257;14,12,24,17,15,8,23,3,2,4,6,9,16,18,5,1,20,19,7,13,22,21,10,11,0
144;213;5061;800;3,9,15,12,6,4,23,10,8,16,24,2,14,20,17,1,22,19,7,13,5,11,0,21,18
145;266;8528;1284;23,14,24,12,6,17,9,10,8,16,3,15,4,20,2,1,22,19,7,13,5,11,0,21,18
146;220;6059;970;11,2,3,12,6,23,4,13,8,20,17,14,10,0,16,7,21,22,1,18,19,15,24,9,5
147;201;3880;562;18,14,4,21,22,13,16,3,5,0,23,9,11,10,24,1,20,19,7,2,15,17,8,6,12
148;221;6250;881;12,6,20,24,5,17,10,14,9,4,8,15,16,3,2,1,22,19,7,11,13,23,18,21,0
149;207;4386;664;22,9,12,5,20,23,13,18,10,11,24,8,0,21,6,1,15,19,7,14,16,3,2,17,4
150;249;4959;736;8,4,13,2,15,23,14,12,20,10,16,0,17,6,11,5,24,9,7,19,1,3,18,21,22
151;199;4384;633;24,8,12,13,0,14,3,4,11,23,6,20,16,9,10,1,22,19,7,2,15,17,21,18,5
152;221;4059;808;22,14,2,13,0,4,15,18,11,10,16,17,23,21,20,5,9,24,7,19,1,3,8,6,12
153;234;3425;602;3,14,24,8,12,4,15,23,6,2,16,9,17,18,5,1,20,19,7,13,22,21,10,11,0
154;222;4330;635;21,18,4,13,0,5,16,3,11,23,14,9,10,22,24,12,8,6,7,17,19,20,2,15,1
155;185;2929;447;3,4,10,12,6,2,23,21,8,16,17,20,14,22,15,1,18,19,7,13,0,11,24,9,5
156;229;5896;829;3,16,0,8,12,15,13,14,6,2,4,21,17,18,22,5,24,9,19,23,7,11,10,20,1
157;190;2632;400;16,14,13,8,12,23,24,9,6,20,3,0,10,4,11,1,22,19,7,2,15,17,21,18,5
158;205;3437;522;20,14,24,19,7,18,4,16,1,22,3,9,21,10,5,15,17,2,12,11,0,23,8,6,13
159;221;4819;681;13,24,2,11,20,16,15,5,10,23,9,17,14,0,4,7,21,22,1,18,19,3,8,6,12
160;188;3341;583;10,23,13,20,15,9,0,14,2,17,11,24,4,16,5,12,8,6,7,18,19,3,21,22,1
161;208;4229;641;3,14,20,6,22,17,10,18,12,8,4,15,16,21,2,7,0,13,1,9,19,5,11,23,24
162;205;5247;852;3,14,17,8,12,18,4,1,6,22,16,2,21,19,15,10,23,11,20,9,7,5,24,13,0
163;202;3229;670;11,6,12,23,20,4,3,13,10,17,8,14,2,0,16,7,21,22,1,9,15,24,18,5,19
164;245;3957;640;3,14,15,8,12,4,5,18,6,24,16,2,9,19,17,1,21,22,7,10,20,23,13,11,0
165;216;3874;717;0,23,4,8,12,16,9,11,6,3,24,21,14,13,22,1,20,19,7,2,18,17,10,15,5
166;204;3400;774;16,3,15,8,12,4,19,14,6,24,5,2,9,23,17,10,0,11,20,13,1,18,21,22,7
167;234;5204;796;24,21,20,8,12,23,5,9,6,0,22,10,13,3,11,1,15,19,7,16,18,14,4,17,2
168;224;4421;729;9,4,15,5,19,8,2,18,3,14,17,12,16,24,6,1,10,20,7,23,22,21,13,11,0
169;229;6090;859;3,14,17,18,22,8,4,9,21,12,16,2,6,5,15,7,10,20,1,23,19,24,13,11,0
170;233;4036;900;10,14,12,20,15,16,18,21,2,17,3,6,4,22,8,5,9,24,7,11,19,23,0,13,1
171;200;5098;739;17,4,14,2,15,18,3,10,5,24,16,21,9,20,22,1,12,19,7,11,0,23,8,6,13
172;225;3483;600;19,23,18,13,0,5,20,14,11,24,10,21,9,3,22,15,17,2,7,16,1,4,8,6,12
173;200;4843;709;3,14,9,8,12,4,24,18,6,2,16,5,17,19,15,1,10,20,7,13,21,23,11,0,22
174;242;5512;819;23,11,5,10,20,4,13,14,15,2,0,9,17,16,24,7,21,22,1,18,19,3,8,6,12
175;206;3011;458;15,2,24,8,12,16,5,18,6,3,17,9,14,19,4,1,21,22,7,10,20,23,13,11,0
176;186;2976;452;15,14,7,18,22,11,1,17,21,0,23,10,13,2,20,5,24,9,19,16,3,4,8,6,12
177;199;3608;535;11,3,18,23,20,8,16,13,10,22,14,12,21,0,6,15,17,2,7,24,1,19,4,9,5
178;209;4060;588;18,21,17,8,12,16,4,1,6,3,22,2,14,19,15,5,9,24,7,10,20,23,13,11,0
179;208;4417;631;23,4,15,13,0,5,2,19,11,24,17,20,9,1,10,22,18,21,7,14,3,16,8,6,12
180;228;4181;753;21,23,5,22,7,11,9,19,1,0,24,10,13,18,20,6,16,8,12,14,15,3,4,17,2
181;241;7504;1034;8,16,20,4,24,13,10,12,9,17,23,0,2,6,11,1,22,19,7,3,15,14,21,18,5
182;227;5434;786;16,8,12,24,5,2,3,14,9,4,6,19,17,18,15,1,10,20,7,23,22,21,13,11,0
183;261;7267;1200;14,6,13,18,22,23,12,16,21,20,8,0,10,3,11,5,9,24,15,1,7,19,4,17,2
184;238;6937;1417;3,24,15,12,6,4,5,18,8,16,9,2,14,19,17,1,21,22,7,10,20,23,13,11,0
185;272;8098;1392;4,14,20,9,5,23,19,16,24,0,3,10,13,17,11,1,21,22,7,15,18,2,8,6,12
186;194;3062;478;3,6,16,12,5,4,14,18,15,2,8,24,17,19,9,1,21,22,7,10,20,23,13,11,0
187;232;3864;572;3,6,24,12,15,4,19,18,2,17,8,9,16,14,5,1,21,22,7,10,20,23,13,11,0
188;204;3401;504;18,2,16,15,19,4,13,21,5,9,17,14,24,22,3,1,10,20,7,11,23,0,8,6,12
189;239;8319;1159;3,24,5,8,12,4,19,18,6,15,9,17,16,14,2,1,21,22,7,10,20,23,13,11,0
190;279;14846;2053;0,17,14,11,20,8,3,2,10,23,4,6,16,13,12,5,24,9,7,18,19,15,21,22,1
191;249;8132;1151;15,16,3,4,2,8,23,18,17,24,14,6,9,5,12,1,20,19,7,11,0,13,10,21,22
192;243;6515;1065;18,16,11,12,22,0,13,14,21,6,23,10,8,3,20,15,17,2,7,24,1,19,4,9,5
193;235;6690;933;14,24,5,12,6,17,23,18,8,16,9,15,4,3,2,1,22,19,7,11,10,13,21,0,20
194;194;3354;676;9,3,5,8,12,4,18,23,6,15,14,17,16,24,2,1,20,19,7,11,0,13,10,21,22
195;201;4871;710;14,3,15,18,19,4,22,23,5,9,21,2,24,16,17,1,10,20,7,6,12,8,13,11,0
196;218;5263;739;3,14,17,8,12,18,4,9,6,22,16,2,21,5,15,1,20,19,7,23,13,24,10,11,0
197;200;4347;626;11,14,9,18,22,23,19,13,21,20,3,24,10,0,5,1,2,15,7,17,16,4,6,8,12
198;229;5412;767;9,4,14,3,19,2,18,5,12,6,17,16,8,24,15,1,21,22,7,10,20,23,13,11,0
199;236;4970;713;10,14,8,18,22,23,16,13,21,0,3,6,11,20,12,1,5,19,7,2,4,17,15,24,9
200;237;6363;1165;3,9,15,12,6,4,23,10,8,16,24,2,14,20,17,1,22,19,7,13,5,11,0,21,18
201;236;4881;948;24,14,18,23,20,0,19,9,10,11,3,21,13,5,22,1,2,15,7,4,12,16,17,8,6
202;227;4549;898;5,9,3,17,15,8,14,18,2,16,24,6,4,19,12,1,21,22,7,10,20,23,13,11,0
203;251;10958;1883;18,4,15,21,22,23,2,16,0,11,17,20,13,14,10,12,8,6,7,19,1,3,24,9,5
204;201;3323;506;19,18,13,5,20,23,22,14,10,24,21,0,9,3,11,1,2,15,7,17,16,4,6,8,12
205;226;5178;738;13,0,21,12,6,4,23,14,8,2,11,22,17,3,16,1,20,19,7,10,15,18,24,9,5
206;214;4969;854;17,14,19,15,22,9,1,16,21,18,3,24,4,2,5,12,8,6,7,0,20,13,23,11,10
207;255;7953;1197;18,19,10,21,22,13,20,14,5,24,23,11,9,3,0,12,8,6,7,4,1,16,17,2,15
208;208;5437;886;14,16,13,5,20,23,17,19,10,24,4,0,9,3,11,12,8,6,7,15,18,2,21,22,1
209;222;2770;559;11,3,9,8,12,10,4,13,6,23,14,24,16,0,20,1,22,19,7,2,15,17,21,18,5
210;227;4595;708;10,23,5,11,0,4,15,14,13,17,16,9,2,20,24,7,21,22,1,8,19,3,6,12,18
211;274;7868;1134;14,24,5,12,6,17,23,19,8,16,9,15,4,3,2,1,21,22,7,11,20,10,13,0,18
212;242;6810;1084;14,3,12,24,5,17,6,19,9,4,8,2,16,18,15,1,10,20,7,13,21,23,11,0,22
213;229;5100;811;16,3,24,8,12,4,19,14,6,2,15,9,17,18,5,1,21,22,7,10,20,23,13,11,0
214;226;3812;608;14,3,5,17,15,8,24,19,2,16,9,6,4,18,12,1,13,0,7,23,22,21,11,10,20
215;299;11924;1940;21,14,24,8,12,18,4,23,6,19,16,9,3,22,5,1,10,20,7,2,15,17,13,11,0
216;216;4038;849;19,23,18,20,7,0,5,9,1,10,13,21,11,24,22,6,16,8,12,14,15,3,4,17,2
217;202;4473;755;13,23,5,8,12,4,15,11,6,2,16,9,17,0,24,1,22,19,7,14,20,10,3,21,18
218;223;3126;632;9,16,18,8,12,5,23,4,6,19,14,21,3,24,22,1,10,20,7,11,15,0,13,17,2
219;196;3498;649;4,24,19,2,15,14,5,23,12,8,9,3,16,17,6,1,10,20,7,11,18,13,0,21,22
220;207;4258;704;10,0,16,18,22,12,23,13,21,3,11,8,14,20,6,5,9,24,15,1,7,19,4,17,2
221;219;5276;811;17,9,5,2,15,11,14,16,20,10,24,13,23,4,0,12,8,6,7,18,19,3,21,22,1
222;194;2529;447;2,17,23,18,22,11,16,14,21,0,4,10,13,15,20,1,5,19,7,9,24,3,8,6,12
223;205;4241;736;2,4,23,20,7,13,24,5,1,10,9,0,17,15,11,12,8,6,22,14,19,16,3,21,18
224;255;6086;921;18,13,23,21,22,11,19,3,5,24,0,20,9,14,10,15,17,2,7,16,1,4,8,6,12
225;199;2698;495;18,21,23,19,7,11,16,14,1,0,22,10,13,3,20,6,15,8,12,9,5,24,4,17,2
226;220;7115;1041;14,24,5,6,15,4,23,18,12,8,9,17,16,3,2,1,22,19,7,11,10,13,21,0,20
227;245;6366;985;2,16,19,8,12,18,1,4,6,15,14,21,3,17,22,10,23,11,20,9,7,5,24,13,0
228;235;5690;882;24,3,6,13,5,23,8,14,18,0,12,22,11,9,21,1,15,19,7,4,10,16,17,2,20
229;216;5812;982;20,14,1,8,12,21,19,23,6,18,16,7,3,10,22,15,17,2,5,13,0,11,4,9,24
230;215;3463;603;5,9,16,0,22,23,4,3,21,11,24,14,10,13,18,1,20,19,7,2,15,17,8,6,12
231;216;4087;660;20,11,15,5,7,4,0,23,1,9,13,2,24,10,17,12,8,6,22,14,19,16,3,21,18
232;214;5230;817;24,6,23,5,22,11,12,3,21,0,8,10,13,9,20,1,15,19,7,16,18,14,4,17,2
233;232;4157;673;14,18,22,8,12,23,13,3,6,20,21,0,10,16,11,1,15,19,7,9,5,24,4,17,2
234;281;12791;2208;14,4,12,23,0,16,2,3,11,20,17,8,10,13,6,1,22,19,7,21,18,15,24,9,5
235;196;2577;514;15,4,5,8,12,14,24,17,6,3,9,18,16,2,19,1,21,22,7,10,20,23,13,11,0
236;236;8528;1561;15,9,3,4,2,8,23,18,17,16,24,6,14,5,12,1,20,19,7,13,22,21,10,11,0
237;197;4554;650;0,14,4,11,20,24,17,3,10,23,16,9,13,19,5,1,21,22,7,15,18,2,8,6,12
238;208;3530;525;3,24,5,12,6,17,19,23,8,16,9,15,4,14,2,10,0,11,20,13,1,18,21,22,7
239;272;9890;1390;4,9,23,17,15,13,5,19,2,20,24,0,10,1,11,12,8,6,7,14,18,16,3,21,22
240;210;3388;668;16,4,18,8,12,9,23,14,6,15,17,24,2,3,5,1,20,19,7,11,0,13,10,21,22
241;213;4412;757;19,3,8,17,15,24,6,14,2,9,16,12,4,18,5,1,21,22,7,10,20,23,13,11,0
242;215;4679;733;8,16,24,6,22,19,4,23,21,18,14,9,3,12,5,1,10,20,7,11,13,0,17,2,15
243;231;6252;928;0,4,3,11,20,9,14,17,10,24,16,19,23,13,5,1,21,22,7,15,18,2,8,6,12
244;219;5204;804;14,8,18,23,20,13,12,3,10,11,6,21,0,16,22,15,17,2,7,24,1,19,4,9,5
245;277;13549;2016;14,2,5,8,12,4,23,18,6,15,17,9,16,3,24,1,20,19,7,13,22,21,10,11,0
246;228;3255;558;14,3,24,23,20,8,9,4,10,11,13,12,0,16,6,1,22,19,7,2,5,17,15,21,18
247;202;3726;594;10,23,16,24,5,12,4,11,9,19,14,8,3,20,6,1,21,22,7,2,15,17,13,0,18
248;221;2829;492;17,3,23,8,12,9,18,15,6,16,14,24,4,2,5,1,20,19,7,11,0,13,10,21,22
249;257;10234;1435;15,14,12,24,5,2,3,23,9,4,16,6,17,18,8,1,22,19,7,11,10,13,21,0,20
250;232;4595;944;5,9,3,17,15,8,14,23,2,16,24,6,4,18,12,1,20,19,7,13,22,21,10,11,0
251;201;4653;881;14,24,5,12,6,17,23,18,8,16,9,15,4,3,2,1,22,19,7,11,10,13,21,0,20
252;263;9337;1694;18,14,19,1,15,8,3,21,2,17,16,6,4,22,12,10,23,11,20,24,5,9,13,0,7
253;236;6959;1072;23,14,24,12,6,17,9,10,8,16,3,15,4,20,2,1,22,19,7,13,5,11,0,21,18
254;223;4494;710;0,13,22,8,12,9,18,23,6,24,21,5,3,11,19,1,10,20,7,16,15,14,4,17,2
255;245;7336;1054;16,21,20,17,15,8,10,18,2,3,22,12,14,4,6,5,9,24,7,11,19,23,0,13,1
256;191;3340;636;13,4,3,0,22,8,14,23,21,2,16,12,17,11,6,1,20,19,7,10,15,18,24,9,5
257;185;3464;668;10,23,18,9,5,0,14,19,24,13,3,21,11,20,22,1,6,12,7,4,15,16,8,17,2
258;221;9991;1415;11,23,16,10,20,8,14,13,15,2,4,12,17,0,6,1,22,19,7,21,18,3,24,9,5
259;178;2922;539;10,24,18,21,7,13,5,23,22,0,9,19,11,20,1,6,15,8,12,14,4,3,16,2,17
260;248;6068;908;9,3,5,17,15,8,18,23,2,16,14,6,4,24,12,1,20,19,7,13,22,21,10,11,0
261;223;4810;746;13,17,12,0,22,23,15,18,20,10,2,8,11,21,6,1,5,19,7,4,14,16,24,9,3
262;253;10164;1473;3,14,9,8,12,4,24,23,6,2,16,5,17,19,15,1,21,22,7,20,18,10,11,0,13
263;245;7182;1057;3,17,16,9,5,12,23,14,24,15,4,8,2,19,6,1,10,20,7,11,18,13,0,21,22
264;234;6013;917;0,14,21,11,20,8,18,16,10,12,3,22,23,13,6,15,17,2,7,24,1,19,4,9,5
265;240;4501;735;13,23,12,24,5,2,15,11,9,4,16,6,17,0,8,1,22,19,7,3,10,14,21,18,20
266;241;6401;1254;16,14,1,4,2,5,18,21,17,9,3,19,24,22,15,12,8,6,7,0,23,13,11,10,20
267;296;11212;2027;10,23,13,20,5,4,0,16,15,2,11,24,17,14,9,7,21,22,1,18,19,3,8,6,12
268;221;4435;847;12,8,18,19,7,11,3,17,1,0,6,21,13,2,22,5,9,24,15,16,14,4,23,10,20
269;179;3555;510;16,17,12,13,0,8,3,4,11,10,2,6,23,14,20,1,22,19,7,21,18,15,24,9,5
270;215;4646;786;8,23,13,17,15,9,0,12,2,4,11,5,16,6,24,1,22,19,7,14,20,10,3,21,18
271;255;7747;1085;21,3,8,10,22,23,16,13,20,11,14,6,0,18,12,1,5,19,7,17,2,4,9,24,15
272;222;5839;823;4,16,0,9,5,23,13,2,24,20,14,11,15,17,10,1,22,19,7,21,18,3,8,6,12
273;255;6475;900;9,14,19,17,15,8,18,5,2,16,3,6,4,24,12,1,13,0,7,23,22,21,11,10,20
274;226;5869;829;14,16,22,10,20,8,21,3,15,2,4,6,17,23,12,1,18,19,7,13,0,11,24,9,5
275;242;9408;1473;14,17,15,24,5,8,23,3,9,16,2,12,4,18,6,1,22,19,7,11,10,13,21,0,20
276;261;6346;885;14,24,4,12,5,16,23,3,15,8,9,17,6,18,2,1,20,19,7,13,22,21,10,11,0
277;208;4561;655;14,23,0,12,20,18,13,16,10,6,11,21,8,3,22,5,9,24,15,1,7,19,4,17,2
278;234;4603;662;24,13,3,23,20,8,14,4,10,11,16,12,0,9,6,1,22,19,7,2,15,17,21,18,5
279;238;6165;858;10,24,4,5,20,8,16,14,15,12,9,17,6,3,2,7,21,22,1,11,19,23,13,0,18
280;280;11001;1451;16,4,0,9,19,11,13,3,5,24,17,20,23,14,10,1,21,22,7,18,15,2,8,6,12
281;228;9561;1740;8,16,20,13,0,4,10,12,11,24,23,2,9,6,17,1,22,19,7,3,15,14,21,18,5
282;256;8481;1629;15,14,21,4,2,6,18,9,17,8,3,22,16,5,12,1,20,19,7,13,23,24,0,11,10
283;240;5910;1111;21,3,16,18,19,12,4,23,5,9,14,8,24,22,6,1,10,20,7,2,15,17,13,11,0
284;235;4016;686;3,14,24,8,12,17,5,18,6,2,16,9,15,19,4,1,21,22,7,10,20,23,13,11,0
285;196;2691;465;2,16,18,10,15,0,13,4,20,11,14,21,23,17,22,5,24,9,7,6,12,8,3,19,1
286;323;13802;2088;19,18,24,23,20,21,9,3,10,11,13,5,0,14,22,15,17,2,7,16,1,4,8,6,12
287;234;7357;1086;20,14,24,17,15,8,9,23,2,16,3,6,4,10,12,1,22,19,7,13,5,11,0,21,18
288;249;8900;1296;3,20,23,18,22,12,13,16,21,6,10,11,8,14,0,1,15,19,7,9,5,24,4,17,2
289;202;4392;687;13,24,5,0,22,18,14,3,21,11,9,20,23,19,10,12,8,6,7,4,1,16,17,2,15
290;259;8017;1167;5,9,14,8,12,4,3,10,6,2,24,16,17,20,15,1,22,19,7,11,18,23,13,0,21
291;247;6243;940;14,8,18,23,20,13,12,3,10,11,6,21,0,16,22,5,24,9,19,2,7,15,17,4,1
292;279;11463;1509;4,9,11,17,15,12,23,16,2,6,24,0,8,5,13,7,21,22,1,3,10,14,18,19,20
293;234;4002;580;11,10,1,24,5,17,19,23,9,4,20,2,13,0,15,22,18,21,7,3,16,14,6,8,12
294;263;7572;1157;5,14,9,17,15,8,24,18,2,4,3,6,16,19,12,1,10,20,7,23,22,21,13,11,0
295;244;8470;1664;15,16,20,4,24,8,10,14,9,17,23,12,2,3,6,1,22,19,7,13,5,11,0,21,18
296;196;3931;817;0,2,16,11,20,21,4,15,10,22,17,14,23,13,18,1,5,19,7,9,3,24,8,6,12
297;216;3591;802;24,4,12,13,0,2,16,5,11,23,17,8,15,9,6,1,22,19,7,3,10,14,21,18,20
298;211;4014;584;16,14,18,9,5,12,19,23,24,6,3,21,8,4,22,1,10,20,7,11,15,0,13,17,2
299;231;5468;787;9,3,5,12,6,17,18,23,8,16,14,15,4,24,2,1,20,19,7,13,22,21,10,11,0
300;236;7177;1004;3,6,19,17,15,24,12,23,2,4,8,5,16,14,9,10,0,11,20,13,1,18,21,22,7
301;206;4217;622;20,14,22,24,5,2,21,3,9,4,16,18,17,10,15,1,12,19,7,11,0,23,8,6,13
302;252;6610;1039;19,17,5,13,0,23,16,14,11,20,4,9,10,3,24,1,21,22,7,18,15,2,8,6,12
303;218;5431;807;8,3,18,17,15,9,23,12,2,4,14,24,16,6,5,1,22,19,7,11,10,13,21,0,20
304;251;4858;719;16,24,19,18,22,8,5,4,21,3,9,12,14,23,6,1,10,20,7,13,0,11,17,2,15
305;185;2587;418;2,4,5,8,12,3,24,23,6,16,9,19,14,17,15,1,13,0,7,20,18,10,11,21,22
306;215;4303;628;13,0,20,12,6,4,10,9,8,16,11,2,23,24,17,1,22,19,7,3,15,14,21,18,5
307;223;5705;806;24,3,0,8,12,11,13,4,6,23,14,20,16,9,10,1,22,19,7,2,15,17,21,18,5
308;198;4174;701;16,4,13,8,12,0,2,14,6,11,17,20,23,3,10,1,22,19,7,9,15,24,21,18,5
309;233;5154;839;9,3,18,17,15,8,23,24,2,16,14,6,4,5,12,1,20,19,7,11,13,10,21,22,0
310;213;4130;656;14,6,20,18,22,23,12,16,21,0,8,10,13,3,11,1,5,19,7,17,2,4,9,24,15
311;203;3919;629;14,24,5,8,12,17,18,19,6,16,9,15,4,3,2,1,10,20,7,23,22,21,13,11,0
312;220;3886;641;5,9,3,17,15,8,14,23,2,16,24,6,4,18,12,1,20,19,7,13,22,21,10,11,0
313;311;9694;1597;15,14,5,4,2,8,23,3,17,24,16,6,9,19,12,1,21,22,7,11,10,13,0,18,20
314;240;5110;1089;0,3,16,10,7,12,19,13,20,23,14,8,11,1,6,18,5,21,22,17,2,4,9,24,15
315;212;5865;1098;11,24,15,12,6,4,5,13,8,16,9,2,23,0,17,1,22,19,7,14,20,10,3,21,18
316;207;3698;844;16,8,19,17,15,5,3,14,2,4,6,24,12,18,9,1,10,20,7,23,22,21,13,11,0
317;272;9547;1428;5,3,2,8,12,16,15,23,6,9,14,17,24,18,4,1,22,19,7,11,10,13,21,0,20
318;222;4373;689;3,4,18,8,12,15,14,9,6,2,16,21,17,5,22,10,23,11,20,19,7,24,13,0,1
319;219;4035;723;5,9,3,17,15,8,14,23,2,16,24,6,4,19,12,1,21,22,7,11,10,13,0,18,20
320;241;6750;990;0,2,19,18,7,8,3,17,1,22,15,12,21,13,6,10,23,11,20,4,16,14,24,9,5
321;207;3861;624;5,6,3,17,15,24,12,19,2,4,8,14,9,18,16,22,21,10,20,13,7,1,23,11,0
322;213;4933;860;14,4,5,13,19,24,17,16,0,11,9,20,23,3,10,1,21,22,7,18,15,2,8,6,12
323;217;5729;861;17,14,20,18,22,8,10,16,21,15,3,12,2,4,6,1,5,19,7,11,0,23,9,24,13
324;197;3887;726;9,3,20,12,6,17,10,23,8,16,14,15,4,24,2,1,22,19,7,13,5,11,0,21,18
325;200;4827;751;3,24,5,12,6,17,19,23,8,16,9,15,4,14,2,10,0,11,20,13,1,18,21,22,7
326;234;6025;910;11,23,10,24,5,2,14,0,9,4,16,20,17,13,15,1,22,19,7,6,12,8,3,21,18
327;223;4269;674;21,11,17,10,22,12,13,23,20,6,0,2,8,18,15,5,24,9,7,3,16,14,4,19,1
328;198;2291;419;9,24,10,8,12,14,11,4,6,3,23,20,16,5,19,1,0,13,7,21,22,18,17,2,15
329;229;5911;886;11,23,20,12,6,17,14,13,8,16,10,15,4,0,2,1,22,19,7,21,18,3,24,9,5
330;235;5278;992;16,23,11,4,2,12,0,3,17,6,13,10,8,14,20,1,22,19,7,21,18,15,24,9,5
331;215;4700;945;13,23,6,24,5,8,12,11,9,17,16,15,4,0,2,7,21,22,1,3,10,14,18,19,20
332;220;4050;850;11,3,9,8,12,10,4,13,6,23,14,24,16,0,20,1,22,19,7,2,15,17,21,18,5
333;262;8222;1655;9,4,14,2,19,16,23,24,15,6,17,3,8,5,12,1,21,22,7,11,20,10,13,0,18
334;345;16411;2453;19,17,13,9,5,23,1,2,24,20,4,0,10,15,11,12,8,6,7,14,18,16,3,21,22
335;269;8597;1213;4,14,0,9,5,11,19,16,24,23,3,20,13,17,10,12,8,6,7,15,18,2,21,22,1
336;229;4980;745;14,17,15,24,5,8,23,3,9,16,2,12,4,18,6,1,22,19,7,11,10,13,21,0,20
337;226;5960;951;0,4,3,11,20,9,14,17,10,24,16,19,23,13,5,1,21,22,7,15,18,2,8,6,12
338;217;4752;740;17,24,18,8,12,14,23,15,6,16,9,5,4,2,3,1,20,19,7,13,22,21,10,11,0
339;202;5049;716;21,3,24,18,19,17,16,1,5,9,14,15,4,22,2,12,8,6,7,0,20,13,23,11,10
340;198;3245;555;9,4,14,24,20,0,3,19,10,11,17,16,13,5,23,1,21,22,7,6,12,8,18,2,15
341;224;5603;789;19,9,23,18,22,11,5,14,21,0,24,10,13,3,20,1,6,12,7,4,15,16,8,17,2
342;236;7335;1019;16,8,20,12,15,9,10,3,2,17,6,24,4,14,5,7,21,22,1,11,19,23,13,0,18
343;258;9154;1255;18,24,10,19,7,13,20,9,1,22,23,11,21,5,0,6,16,8,12,14,15,3,4,17,2
344;210;3751;624;17,16,18,13,0,20,15,4,11,10,14,21,23,2,22,12,8,6,7,9,5,24,3,19,1
345;226;6475;918;16,8,19,2,15,12,3,14,5,4,6,24,17,18,9,1,21,22,7,10,20,23,13,11,0
346;257;6805;1359;5,3,9,12,6,16,24,19,8,2,14,4,15,18,17,1,21,22,7,10,20,23,13,11,0
347;207;4769;929;24,3,23,19,7,11,18,5,1,0,14,10,13,9,20,2,4,17,15,16,22,21,8,6,12
348;241;7285;1481;23,11,2,8,12,3,13,10,6,16,0,17,14,20,4,1,22,19,7,21,18,15,24,9,5
349;210;5367;834;14,24,5,8,12,4,18,19,6,15,9,17,16,3,2,10,23,11,20,22,1,21,13,0,7
350;251;7505;1042;10,23,13,12,6,4,0,14,8,20,11,2,16,3,17,1,22,19,7,9,15,24,21,18,5
351;195;4297;735;21,18,15,5,7,4,19,0,1,9,13,2,24,22,17,12,8,6,20,14,11,3,16,23,10
352;257;7292;1029;0,13,5,10,20,4,23,19,15,2,11,9,17,1,24,22,18,21,7,8,12,16,14,3,6
353;218;4926;769;23,24,16,10,20,12,4,5,19,6,9,14,8,11,3,1,21,22,7,13,17,0,18,15,2
354;196;4002;582;24,13,18,5,20,0,3,16,10,11,14,21,23,9,22,1,15,19,7,17,12,4,2,8,6
355;233;4407;645;17,16,21,8,12,0,13,4,6,10,23,22,11,2,20,1,15,19,7,3,18,14,24,9,5
356;217;5463;768;9,3,5,12,6,17,18,23,8,16,14,15,4,24,2,1,20,19,7,13,22,21,10,11,0
357;264;9166;1346;3,4,18,19,7,9,13,16,1,15,17,24,2,14,5,12,8,6,20,0,22,21,23,11,10
358;217;5177;733;16,4,5,13,0,9,19,3,11,23,17,20,24,14,10,12,8,6,7,21,22,18,2,15,1
359;198;4239;624;3,24,5,12,6,17,19,18,8,16,9,15,4,14,2,10,23,11,20,22,1,21,13,0,7
360;205;3053;454;4,23,20,17,15,13,10,21,2,24,11,0,9,22,5,1,18,19,7,3,16,14,6,8,12
361;202;2686;408;18,14,6,0,22,10,8,16,21,11,3,12,23,13,20,5,9,24,15,1,7,19,4,17,2
362;199;5038;715;24,9,2,8,12,3,17,5,6,16,4,15,14,23,19,10,0,11,20,13,1,18,21,22,7
363;231;4497;710;16,4,24,17,15,12,19,14,2,6,3,9,8,18,5,1,13,0,7,23,22,21,11,10,20
364;239;6828;1388;14,16,13,5,20,23,17,19,10,24,4,0,9,3,11,12,8,6,7,15,18,2,21,22,1
365;232;4615;830;5,3,23,18,22,11,19,9,21,0,14,10,13,24,20,12,8,6,7,4,1,16,17,2,15
366;235;4502;795;23,17,7,11,20,8,15,21,10,0,2,12,13,22,6,5,24,9,19,14,18,3,4,16,1
367;238;5089;956;18,4,3,21,22,17,14,9,12,6,16,15,8,5,2,10,23,11,20,19,7,24,13,0,1
368;194;3531;769;11,24,15,12,6,4,5,13,8,16,9,2,23,0,17,1,22,19,7,3,10,14,21,18,20
369;266;6576;971;14,24,5,17,15,8,23,3,2,16,9,6,4,18,12,1,20,19,7,13,22,21,10,11,0
370;225;7839;1290;0,14,22,11,20,8,21,18,10,23,3,12,16,13,6,1,5,19,7,17,15,2,4,9,24
371;264;6682;974;21,13,1,17,15,9,19,0,2,24,18,7,4,22,5,6,16,8,12,10,20,11,3,14,23
372;236;4880;750;16,4,13,8,12,23,24,14,6,20,9,0,10,3,11,1,22,19,7,2,15,17,21,18,5
373;236;6037;948;16,24,5,8,12,18,19,4,6,3,9,22,14,23,21,1,0,13,7,11,20,10,17,2,15
374;206;4257;689;15,2,16,18,22,12,4,13,21,3,17,8,14,0,6,5,9,24,7,23,19,11,10,20,1
375;236;6451;1050;3,13,23,4,2,8,11,21,17,16,0,6,14,22,12,1,20,19,7,10,15,18,24,9,5
376;228;5424;850;5,9,16,18,22,12,4,23,21,3,24,8,14,19,6,1,10,20,7,2,15,17,13,11,0
377;287;8490;1212;12,17,18,0,22,23,15,8,21,11,2,20,13,6,10,1,5,19,7,4,14,16,24,9,3
378;232;8207;1170;4,17,0,9,5,11,13,14,24,23,2,20,15,16,10,1,22,19,7,21,18,3,8,6,12
379;208;5059;778;11,23,6,18,22,10,8,13,21,3,16,12,14,0,20,1,15,19,7,9,5,24,4,17,2
380;214;3662;823;14,24,5,17,15,8,18,3,2,16,9,6,4,19,12,1,10,20,7,13,21,23,11,0,22
381;230;5909;1214;9,4,3,5,19,17,14,18,12,6,16,15,8,24,2,1,10,20,7,23,22,21,13,11,0
382;210;3739;749;21,14,20,24,5,17,10,3,9,4,16,2,18,22,15,1,12,19,7,11,0,23,8,6,13
383;249;6795;1230;10,0,16,18,22,12,23,13,21,3,11,8,14,20,6,1,15,19,7,9,5,24,4,17,2
384;200;2957;459;9,4,21,5,19,14,22,23,12,6,16,18,8,24,3,1,10,20,7,13,0,11,17,2,15
385;206;4265;733;11,23,5,10,20,4,14,13,15,2,16,9,17,0,24,12,8,6,7,21,22,18,3,19,1
386;211;3252;545;3,14,9,8,12,4,24,18,6,2,16,5,17,19,15,10,23,11,20,22,1,21,13,0,7
387;192;3922;674;19,18,13,9,5,23,22,14,24,20,21,0,10,3,11,15,17,2,7,16,1,4,8,6,12
388;192;2764;477;18,14,17,23,20,13,4,21,10,11,16,2,0,22,15,12,8,6,7,9,24,3,5,19,1
389;218;5323;839;23,11,2,8,12,14,13,21,6,16,0,17,3,22,4,1,20,19,7,10,15,18,24,9,5
390;187;2304;450;11,24,5,20,7,13,0,23,1,17,9,15,4,10,2,12,8,6,22,14,19,16,3,21,18
391;210;3429;561;23,24,15,13,0,4,5,19,11,20,9,2,10,1,17,22,18,21,7,3,16,14,6,8,12
392;222;4495;813;10,14,12,24,5,16,19,11,9,23,3,8,4,20,6,1,21,22,7,2,15,17,13,0,18
393;254;6577;1010;3,6,19,16,4,24,12,23,17,2,8,5,15,14,9,10,0,11,20,21,22,18,13,1,7
394;273;7338;1067;13,3,7,0,20,8,16,19,10,11,14,12,23,1,6,18,5,21,22,17,15,2,4,9,24
395;205;4844;776;3,14,24,8,12,4,5,10,6,2,16,9,17,20,15,1,22,19,7,11,18,23,13,0,21
396;203;2772;477;5,24,7,8,12,16,4,23,6,3,9,1,14,18,19,22,21,10,20,2,15,17,13,11,0
397;224;6094;908;14,16,13,5,20,23,17,19,10,24,4,0,9,3,11,12,8,6,7,15,18,2,21,22,1
398;226;3732;679;11,10,17,12,6,4,2,13,8,16,20,9,23,0,24,7,21,22,1,3,15,14,5,18,19
399;266;9253;1424;23,11,20,4,2,13,10,14,17,9,0,5,24,16,15,12,8,6,7,18,19,3,21,22,1
400;197;3978;759;9,3,12,5,15,16,18,19,2,17,14,6,4,24,8,1,10,20,7,23,22,21,13,11,0
401;232;8176;1384;18,14,4,8,12,5,23,21,6,19,16,9,3,22,24,1,10,20,7,11,15,0,13,17,2
402;209;5873;969;14,20,11,19,7,13,23,16,1,21,10,0,18,3,22,5,9,24,15,8,12,6,4,17,2
403;200;3993;779;11,3,9,8,12,10,4,13,6,23,14,24,16,0,20,1,22,19,7,2,15,17,21,18,5
404;178;3147;550;11,14,17,23,20,12,4,13,10,6,16,2,8,0,15,1,22,19,7,21,18,3,24,9,5
405;240;4635;725;16,9,13,23,20,8,3,4,10,11,24,12,0,14,6,7,21,22,1,2,15,17,5,18,19
406;217;3867;631;24,3,0,12,20,16,13,4,10,6,14,11,8,9,23,1,22,19,7,2,15,17,21,18,5
407;212;4826;764;11,23,15,10,20,4,14,13,5,9,16,2,24,0,17,7,21,22,1,18,19,3,8,6,12
408;185;3141;529;14,3,13,18,22,24,10,4,21,5,23,11,9,16,0,1,20,19,7,2,15,17,8,6,12
409;202;4190;849;19,18,13,5,20,23,22,14,10,24,21,0,9,3,11,1,2,15,7,4,12,16,17,8,6
410;213;4781;927;4,18,20,17,15,13,10,14,2,22,23,11,21,16,0,1,5,19,7,9,24,3,8,6,12
411;224;3692;601;3,24,5,12,6,17,19,23,8,16,9,15,4,14,2,1,10,20,7,21,22,18,13,11,0
412;206;4289;703;0,13,2,11,20,9,17,16,10,24,4,15,23,14,5,1,22,19,7,21,18,3,8,6,12
413;195;3942;628;3,14,17,8,12,18,4,10,6,22,16,2,21,20,15,1,5,19,7,11,0,23,9,24,13
414;284;10490;1581;20,16,7,8,12,18,1,23,6,19,14,21,3,10,22,15,17,2,5,9,11,24,4,13,0
415;284;12374;1713;13,14,21,17,15,10,18,16,2,0,23,22,11,4,20,1,5,19,7,9,3,24,8,6,12
416;223;5099;1071;4,16,18,17,15,12,14,9,2,6,3,21,8,5,22,1,20,19,7,13,23,24,0,11,10
417;225;4600;846;21,18,4,13,0,5,16,3,11,23,14,9,10,22,24,1,20,19,7,2,15,17,8,6,12
418;208;5375;982;11,23,18,8,12,14,20,13,6,3,10,21,16,0,22,15,17,2,7,24,1,19,4,9,5
419;175;2374;549;2,18,11,8,12,0,23,17,6,22,13,10,21,15,20,1,5,19,7,4,14,16,24,9,3
420;221;4386;797;9,14,19,5,22,8,23,4,21,18,16,12,3,24,6,1,10,20,7,13,0,11,17,2,15
421;207;4758;741;3,23,7,18,22,8,1,16,21,0,11,12,13,14,6,15,17,2,5,20,19,10,4,9,24
422;237;5477;829;14,24,5,17,15,8,23,3,2,16,9,6,4,18,12,1,20,19,7,13,22,21,10,11,0
423;217;6725;1005;2,17,18,8,12,3,19,1,6,16,4,21,14,15,22,10,23,11,20,9,7,5,24,13,0
424;200;2703;537;14,16,24,8,12,4,23,18,6,2,15,9,17,3,5,1,20,19,7,13,22,21,10,11,0
425;233;3378;558;17,3,0,8,12,11,13,4,6,23,14,20,16,2,10,7,21,22,1,9,15,24,18,5,19
426;217;4528;784;3,14,9,8,12,4,24,10,6,2,16,5,17,20,15,7,21,22,1,11,19,23,13,0,18
427;223;5241;998;18,3,4,12,1,15,16,21,19,6,14,17,8,22,2,0,13,11,7,24,5,9,23,10,20
428;205;3419;564;19,9,23,18,22,11,5,14,21,0,24,10,13,3,20,12,8,6,7,4,1,16,17,2,15
429;253;9320;1315;5,24,19,8,12,18,3,2,6,22,9,1,21,15,7,10,23,11,20,4,13,17,14,16,0
430;235;5109;781;4,13,23,16,22,8,11,14,21,2,0,12,17,3,6,5,9,24,7,10,15,18,20,19,1
431;226;4773;790;0,2,4,21,22,3,23,11,12,6,17,14,8,13,16,1,20,19,7,10,15,18,24,9,5
432;227;4169;699;14,24,5,17,15,8,23,3,2,16,9,6,4,18,12,1,20,19,7,0,11,13,21,22,10
433;221;4110;660;2,16,15,18,22,23,13,4,21,0,14,20,11,17,10,5,24,9,19,8,7,3,6,12,1
434;234;6660;1008;8,16,19,12,15,9,3,18,2,17,14,24,4,6,5,1,21,22,7,10,20,23,13,11,0
435;222;6393;1172;22,3,13,8,12,23,16,18,6,20,14,0,10,21,11,1,5,19,7,9,24,4,17,2,15
436;236;5516;1005;3,4,13,12,6,23,2,21,8,16,17,11,14,22,0,1,20,19,7,9,15,24,10,18,5
437;205;2790;490;4,14,1,17,15,11,19,3,2,0,23,10,13,16,20,12,8,6,7,21,22,18,24,9,5
438;244;6081;997;22,6,5,0,7,23,12,18,1,13,8,9,11,21,24,19,15,10,20,14,16,3,2,17,4
439;326;12432;1853;23,10,19,11,0,18,5,14,13,22,20,1,21,3,7,6,16,8,12,9,15,24,4,17,2
440;235;6213;967;14,4,6,5,7,3,8,23,1,24,16,12,9,18,19,22,21,10,20,2,15,17,13,11,0
441;229;6113;986;5,24,16,18,22,12,4,23,21,6,9,14,8,19,3,1,10,20,7,2,15,17,13,11,0
442;198;3627;605;8,9,17,12,20,13,2,16,10,23,4,0,24,6,11,1,22,19,7,3,15,14,21,18,5
443;205;4525;742;14,16,5,23,20,13,17,19,10,11,4,9,0,3,24,12,8,6,7,15,18,2,21,22,1
444;213;4194;685;17,4,3,2,15,12,14,10,22,6,16,18,8,20,21,7,0,13,1,9,19,5,11,23,24
445;249;7027;978;21,3,8,22,20,23,16,13,10,11,14,6,0,18,12,1,5,19,7,9,24,4,17,2,15
446;245;4493;796;3,14,9,8,12,10,4,13,6,23,16,24,11,0,20,1,22,19,7,2,15,17,21,18,5
447;226;4647;683;4,3,10,17,15,6,23,24,2,8,14,20,16,9,12,1,22,19,7,13,5,11,0,21,18
448;263;8730;1202;10,23,0,24,5,18,13,14,9,19,11,22,3,20,21,15,17,2,7,16,1,4,8,6,12
449;248;10500;1398;0,17,14,11,20,8,3,2,10,23,4,6,16,13,12,5,9,24,7,19,1,15,18,21,22
450;190;3787;569;19,3,16,18,7,12,23,10,1,22,14,8,21,20,6,2,4,17,15,13,0,11,24,9,5
451;253;7253;1460;9,3,5,17,15,8,18,23,2,16,14,6,4,24,12,1,20,19,7,13,22,21,10,11,0
452;306;10793;1868;16,24,5,8,12,18,19,4,6,3,9,21,14,23,22,1,2,15,7,11,20,10,17,13,0
453;207;3608;627;12,3,18,13,0,20,16,8,11,10,14,21,23,6,22,1,5,19,7,9,24,4,17,2,15
454;231;5604;815;14,3,8,24,5,2,6,23,9,4,16,12,17,18,15,1,20,19,7,11,0,13,10,21,22
455;234;5081;891;14,12,5,17,15,8,23,3,2,4,6,24,16,19,9,1,10,20,7,21,22,18,13,11,0
456;246;8848;1220;14,24,20,12,6,4,10,23,8,15,9,17,16,3,2,1,22,19,7,13,5,11,0,21,18
457;208;5922;894;16,23,0,17,15,8,13,14,2,20,11,6,10,4,12,1,22,19,7,9,24,3,21,18,5
458;188;3017;469;9,4,14,8,12,3,18,5,6,2,16,19,17,24,15,1,21,22,7,10,20,23,13,11,0
459;232;11721;1588;17,4,5,13,0,23,14,15,11,10,16,9,20,2,24,12,8,6,7,18,19,3,21,22,1
460;261;7504;1146;1,18,23,21,7,11,14,17,22,0,16,10,13,4,20,5,24,9,19,3,15,2,8,6,12
461;238;6113;852;23,10,13,24,5,17,0,14,9,4,11,2,20,16,15,7,21,22,1,18,19,3,8,6,12
462;219;5170;738;9,14,12,5,15,16,19,18,2,17,3,6,4,24,8,1,21,22,7,10,20,23,13,11,0
463;173;3442;517;2,16,21,15,1,3,18,4,19,6,14,22,8,17,12,5,9,24,7,10,20,23,13,11,0
464;233;4823;685;15,2,19,21,7,9,4,13,22,18,17,1,24,0,5,12,8,6,20,14,11,3,16,23,10
465;182;2931;442;11,16,18,23,20,8,3,13,10,22,14,12,21,0,6,2,4,17,15,1,7,19,24,9,5
466;212;3735;652;21,3,15,18,19,4,16,13,5,9,14,2,24,22,17,1,10,20,7,11,23,0,8,6,12
467;180;3955;653;23,24,15,11,20,4,5,14,10,0,9,2,13,16,17,12,8,6,7,18,19,3,21,22,1
468;266;9128;1576;24,14,18,23,20,0,19,9,10,11,3,21,13,5,22,12,8,6,7,4,1,16,17,2,15
469;213;4493;812;18,19,24,21,22,11,9,3,20,10,5,13,23,14,0,12,8,6,7,4,1,16,17,2,15
470;290;20210;3070;2,17,14,8,12,16,3,13,6,23,4,20,11,0,10,1,22,19,7,9,15,24,21,18,5
471;219;7400;1037;3,16,12,24,5,17,6,18,9,19,8,2,4,14,15,10,23,11,20,22,1,21,13,0,7
472;230;4510;668;13,3,8,10,7,23,16,19,20,11,14,6,0,1,12,5,9,24,15,17,18,4,2,21,22
473;246;6296;900;14,6,13,18,22,23,12,16,21,20,8,0,10,3,11,5,9,24,15,1,7,19,4,17,2
474;200;5010;833;3,14,22,8,12,17,21,1,6,16,18,15,4,19,2,5,9,24,7,0,20,13,23,11,10
475;245;6929;1275;5,9,3,17,15,8,14,18,2,16,24,6,4,19,12,1,10,20,7,13,21,23,11,0,22
476;219;3155;555;13,23,12,17,15,24,6,11,2,4,8,5,16,0,9,1,22,19,7,3,10,14,21,18,20
477;217;5952;839;3,18,15,8,12,4,22,23,6,16,21,2,14,19,17,1,10,20,7,11,0,13,24,9,5
478;256;4671;673;11,23,15,10,20,4,14,13,5,9,16,2,24,0,17,7,21,22,1,18,19,3,8,6,12
479;207;4027;587;16,2,19,18,22,8,1,17,21,3,15,12,14,4,6,10,23,11,20,0,7,13,24,9,5
480;232;4202;626;3,24,5,12,6,4,19,18,8,15,9,17,16,14,2,1,21,22,7,10,20,23,13,11,0
481;191;2122;342;18,14,10,23,0,8,20,16,11,22,3,12,21,13,6,1,5,19,7,17,2,4,9,24,15
482;226;4717;666;14,23,13,10,20,17,0,3,5,4,11,24,16,19,9,1,21,22,7,18,15,2,8,6,12
483;234;7167;1096;2,9,18,8,12,14,23,4,6,3,24,5,16,17,15,1,20,19,7,13,22,21,10,11,0
484;215;4837;921;2,17,0,15,20,9,13,16,10,11,4,5,23,14,24,12,8,6,7,18,19,3,21,22,1
485;225;4689;818;3,18,11,8,12,0,13,14,6,22,23,10,21,16,20,5,9,24,15,1,7,19,4,17,2
486;218;4872;909;14,24,5,6,15,4,23,18,12,8,9,17,16,3,2,1,22,19,7,11,10,13,21,0,20
487;214;4657;820;9,4,21,6,19,16,22,23,12,3,5,18,8,24,14,1,10,20,7,2,15,17,13,11,0
488;183;3004;580;11,23,8,10,20,3,16,13,22,21,14,6,18,0,12,1,15,19,7,9,5,24,4,17,2
489;271;9305;1368;16,8,10,4,24,12,23,3,9,2,6,20,17,14,15,1,22,19,7,13,5,11,0,21,18
490;199;4126;588;20,14,9,18,22,4,24,3,21,2,16,5,17,10,15,7,6,12,1,11,19,23,8,13,0
491;204;2782;441;0,17,16,11,20,9,14,2,10,23,4,5,13,15,24,1,22,19,7,21,18,3,8,6,12
492;288;14846;1969;11,3,23,18,22,8,16,13,21,6,14,10,12,0,20,15,17,2,7,24,1,19,4,9,5
493;271;8308;1424;19,9,23,18,22,11,5,14,21,0,24,10,13,3,20,12,8,6,7,17,16,4,2,15,1
494;197;4113;623;23,18,22,13,7,8,3,14,1,0,21,12,11,16,6,15,17,2,5,20,19,10,4,9,24
495;219;3959;572;24,4,15,13,0,2,14,9,11,23,16,20,17,5,10,7,21,22,1,18,19,3,8,6,12
496;209;3970;576;11,3,9,8,12,10,4,13,6,23,14,24,16,0,20,1,22,19,7,2,15,17,21,18,5
497;242;5032;762;16,14,9,4,2,12,24,10,17,6,3,5,8,20,15,7,21,22,1,11,19,23,13,0,18
498;230;4611;671;5,9,11,18,22,12,23,3,21,6,24,13,8,19,0,1,2,15,7,14,20,10,17,4,16
499;220;4875;773;3,24,5,12,6,17,19,23,8,16,9,15,4,14,2,1,21,22,7,11,20,10,13,0,18
