0;290;13191;2303;22,33,5,14,7,34,2,21,20,29,27,8,17,1,18,6,15,9,12,26,13,25,31,11,28,10,0,19,30,23,16,3,4,24,32
1;256;11125;2079;25,1,24,3,2,30,27,21,8,10,32,9,17,4,31,12,20,18,33,26,14,13,7,5,15,29,6,22,0,23,34,28,16,19,11
2;264;11609;2526;33,8,5,22,7,27,4,29,14,9,6,15,32,1,18,34,20,2,12,26,28,13,21,25,30,17,24,31,0,10,23,3,16,19,11
3;240;6489;1805;32,8,16,19,27,11,23,7,4,18,13,20,22,29,1,0,33,28,12,26,3,2,21,6,34,17,5,24,15,25,30,14,10,9,31
4;256;12403;2925;12,24,22,18,32,33,23,7,25,6,27,30,29,34,5,20,9,28,1,8,26,16,4,17,2,10,21,19,13,11,31,0,3,14,15
5;263;7854;1582;25,30,10,17,11,2,16,4,24,28,9,0,19,3,23,21,31,13,8,26,14,22,18,20,34,7,27,33,6,1,15,5,29,12,32
6;281;12605;2251;30,24,34,20,31,22,17,29,3,23,6,10,21,25,28,5,27,2,15,14,26,8,7,19,11,9,16,18,13,1,33,0,4,12,32
7;248;7911;1626;21,24,10,32,33,31,3,8,25,7,2,28,1,17,23,9,4,30,12,26,14,16,20,34,6,18,5,22,13,27,15,29,19,0,11
8;248;9493;1702;14,5,24,3,2,30,31,10,6,17,25,15,9,34,21,28,23,29,8,26,0,22,7,13,11,27,16,18,20,33,1,19,4,12,32
9;280;12225;2161;1,4,10,17,11,2,19,18,8,13,31,0,16,32,29,9,21,7,12,26,3,27,14,30,25,15,24,28,22,23,33,20,34,6,5
10;261;15059;3662;33,10,4,2,15,32,19,21,31,18,1,23,14,9,7,8,17,28,12,26,0,20,22,13,11,34,16,6,30,5,29,3,27,25,24
11;240;10026;1993;14,13,5,22,19,29,2,21,15,7,34,16,17,0,33,6,1,11,8,26,32,20,23,25,12,31,24,28,3,10,4,30,27,9,18
12;269;12900;2310;6,5,29,16,20,18,19,17,14,22,8,15,21,34,27,1,13,31,33,26,0,11,7,28,24,2,25,23,3,10,9,30,4,12,32
13;236;10062;1922;3,5,16,19,22,11,21,30,6,15,13,29,7,34,14,0,20,17,33,26,28,4,2,24,9,27,25,10,32,31,23,12,18,8,1
14;301;17243;2956;14,5,30,24,23,28,9,21,6,22,3,15,10,34,27,20,25,7,33,26,13,4,17,16,19,2,11,18,8,29,0,1,31,12,32
15;279;11309;2159;25,28,9,31,17,4,33,1,24,21,10,30,7,23,2,32,8,3,12,26,6,18,0,5,22,11,34,16,20,13,29,27,19,14,15
16;249;7667;1534;27,9,5,14,21,22,17,7,31,28,34,25,2,10,23,6,15,24,33,26,8,32,18,13,11,29,0,16,12,19,1,4,20,3,30
17;246;4735;1258;4,1,17,10,11,21,7,32,8,13,9,16,0,18,29,2,31,19,12,26,25,6,23,27,22,3,20,30,5,28,24,34,33,14,15
18;525;93943;17323;24,28,11,13,2,0,17,19,25,10,4,23,21,30,3,32,16,31,12,26,14,8,29,34,22,7,27,5,33,6,15,20,9,1,18
19;284;9893;2356;24,3,4,21,11,2,19,31,25,23,9,28,7,30,10,32,17,0,12,26,22,8,33,34,6,18,5,27,15,1,20,14,29,13,16
20;251;13052;2328;19,1,0,4,10,11,21,2,33,9,16,31,17,18,7,13,32,23,12,26,25,34,8,28,14,29,15,30,5,3,24,6,27,20,22
21;269;9744;1933;34,5,18,19,24,11,4,29,6,30,27,3,32,22,20,16,12,25,0,13,28,21,17,33,14,2,15,1,23,7,8,26,31,9,10
22;284;12551;2176;20,30,5,27,10,22,17,31,3,23,6,25,21,24,28,34,15,2,14,26,11,29,9,13,4,7,0,16,12,18,19,32,33,8,1
23;239;7776;1547;28,24,10,32,3,31,11,7,25,17,23,30,0,21,2,9,4,19,12,26,8,34,33,20,29,16,22,27,5,18,1,6,13,15,14
24;257;8367;1659;22,32,34,15,28,14,23,33,12,25,5,24,7,20,27,6,29,30,8,26,21,3,18,17,31,4,2,10,16,9,1,13,19,0,11
25;237;8129;1535;25,23,30,13,2,0,16,4,28,17,24,31,11,10,21,3,32,19,12,26,34,18,29,5,22,20,6,27,1,15,14,8,7,9,33
26;261;10720;2826;14,13,34,22,17,15,2,18,0,19,6,11,21,16,29,5,27,31,20,26,28,4,9,24,3,7,30,25,32,10,23,12,33,8,1
27;252;7228;1926;5,34,15,33,2,1,21,29,6,9,22,31,17,27,18,14,7,10,8,26,28,19,25,3,13,20,0,30,11,24,23,16,4,12,32
28;241;6263;1201;18,16,6,22,10,5,17,29,9,31,27,3,21,13,19,34,15,2,14,26,8,11,23,4,12,20,32,33,28,7,1,0,30,25,24
29;228;10941;1955;5,34,3,33,18,30,16,7,6,15,22,28,19,27,14,20,1,23,12,26,0,2,11,32,8,21,4,29,25,17,13,24,31,9,10
30;237;9213;1766;24,21,4,1,23,8,15,7,25,9,31,17,28,2,10,32,33,14,12,26,13,27,18,11,19,29,16,3,22,30,0,20,34,6,5
31;240;8116;1484;11,3,16,8,28,4,33,18,0,20,13,24,1,30,19,32,29,25,12,26,15,31,27,5,23,7,6,34,10,22,14,9,21,2,17
32;257;12072;2119;3,24,34,20,21,22,17,31,30,23,6,28,2,25,10,5,27,29,9,26,13,4,7,16,11,15,0,19,8,33,18,1,14,12,32
33;251;9120;1869;28,30,16,19,34,11,17,21,3,5,13,25,29,24,6,0,15,23,14,26,33,2,22,1,31,7,8,18,10,27,20,9,4,12,32
34;272;13519;3416;6,22,0,11,27,16,25,8,5,30,29,34,24,20,3,13,4,28,32,12,26,7,17,10,31,18,9,2,33,21,23,1,19,14,15
35;272;11325;2554;18,1,11,12,9,4,22,29,8,27,19,31,7,33,20,16,32,10,13,0,30,14,17,24,28,23,25,21,15,2,3,26,34,6,5
36;272;10925;1915;30,6,16,19,15,11,7,23,3,22,13,34,33,5,20,0,28,14,12,26,31,4,24,10,9,32,2,17,8,25,21,1,29,27,18
37;294;15886;2881;1,19,15,0,32,7,30,28,8,18,33,4,3,11,16,14,13,20,12,26,6,17,22,31,10,29,9,34,21,27,5,2,23,25,24
38;346;32433;5766;13,11,17,4,1,2,7,10,0,18,29,19,31,16,9,21,32,33,8,26,24,34,23,3,20,14,30,28,5,15,25,6,27,12,22
39;267;11879;3036;32,8,11,30,18,3,33,20,12,29,13,1,19,4,16,0,28,7,25,24,34,10,22,5,26,23,6,14,9,15,27,31,21,2,17
40;300;13677;2599;27,6,30,28,18,25,19,10,34,22,20,31,9,5,3,24,23,16,32,12,8,21,15,1,26,11,33,7,17,14,4,2,29,13,0
41;241;6346;1208;3,24,11,19,10,16,27,32,30,23,0,25,4,28,9,13,18,20,12,26,8,31,33,6,34,7,5,29,15,22,1,14,21,2,17
42;242;8499;1522;1,28,7,21,18,2,22,19,31,9,33,25,20,23,10,15,17,27,14,26,13,34,24,16,29,8,3,11,5,30,0,6,4,12,32
43;281;16338;2897;24,21,8,31,23,1,0,7,25,9,4,17,28,2,10,32,33,11,12,26,22,16,30,34,6,18,5,27,13,3,20,29,19,14,15
44;253;10048;1785;15,1,5,22,2,34,9,27,33,17,14,31,18,7,21,6,29,10,8,26,12,3,13,4,20,0,32,11,24,16,19,30,23,25,28
45;263;11254;2066;3,24,34,20,10,22,7,14,30,23,6,25,33,28,15,5,27,9,12,26,13,31,18,1,29,19,8,16,32,11,0,4,21,2,17
46;227;7475;1968;9,1,10,17,15,21,29,32,8,7,2,18,14,33,4,31,23,19,12,26,25,34,11,24,3,16,30,0,5,13,28,6,27,20,22
47;216;8665;2324;8,24,11,16,10,13,18,19,25,2,4,31,9,21,17,0,29,1,32,12,3,28,27,6,34,23,5,22,15,20,30,14,7,26,33
48;273;8925;1647;29,0,34,27,8,22,32,14,13,19,6,11,15,16,18,5,20,4,12,26,3,31,1,24,23,7,25,28,9,33,30,10,21,2,17
49;239;10104;1857;29,31,5,15,2,14,9,18,22,17,34,13,16,27,21,6,1,10,8,26,12,3,7,4,20,0,32,11,24,19,33,30,23,25,28
50;236;7797;1475;15,21,5,27,10,22,4,32,14,2,34,23,7,17,31,6,29,9,12,26,3,33,25,13,11,28,0,30,19,24,20,16,18,8,1
51;401;53197;10295;11,13,4,27,1,32,22,5,0,18,8,19,6,16,29,12,34,7,14,15,26,28,9,17,2,33,21,10,24,23,31,25,20,3,30
52;281;12649;2344;1,9,13,11,10,0,23,7,8,17,18,31,21,4,2,16,19,29,33,26,14,34,28,30,20,22,3,24,6,25,15,5,27,12,32
53;300;9289;1674;13,11,2,9,1,31,8,32,0,18,17,19,29,16,4,21,10,7,12,26,24,34,33,30,20,27,3,28,5,23,25,6,22,15,14
54;267;7866;1496;11,13,2,10,8,9,29,21,0,1,4,19,17,16,18,32,31,7,12,26,3,23,27,20,24,22,30,5,28,34,6,25,33,15,14
55;268;13274;2312;22,5,7,9,10,1,17,2,6,31,14,23,21,34,27,15,18,29,33,26,20,11,8,24,3,16,30,25,0,19,28,13,4,12,32
56;273;12215;2141;14,8,34,27,32,22,2,21,15,7,6,1,17,33,29,5,20,4,12,26,0,23,19,25,28,18,24,11,3,16,13,30,9,31,10
57;267;9627;1868;30,24,5,34,9,22,7,14,3,23,20,10,15,25,28,6,27,21,33,26,0,29,12,11,13,18,16,4,1,32,19,8,17,31,2
58;229;4733;1157;4,1,24,21,23,2,9,31,8,28,25,0,10,33,7,32,17,11,12,26,14,29,19,27,22,13,34,18,6,16,15,5,20,3,30
59;253;8059;1962;23,10,30,25,7,24,0,4,9,17,28,15,11,2,21,3,32,14,12,26,33,22,13,8,18,29,1,19,20,16,31,27,34,6,5
60;250;6735;1514;0,16,4,33,30,32,25,28,13,20,11,3,24,18,19,12,7,27,1,8,14,17,22,5,26,23,6,34,2,29,15,21,31,9,10
61;295;14623;2746;14,1,5,27,4,22,17,29,8,7,34,18,2,33,15,6,20,9,32,12,26,11,10,25,30,31,24,28,0,23,21,3,19,13,16
62;217;7516;1374;31,17,23,7,22,1,5,27,2,15,10,29,34,21,14,9,18,6,33,26,16,20,4,11,0,8,13,12,30,32,19,3,28,25,24
63;284;14311;2540;27,6,30,25,15,24,7,33,34,28,20,14,23,5,22,3,32,29,12,26,1,11,10,9,31,21,18,4,16,2,8,19,17,0,13
64;276;9186;1643;18,27,19,11,22,0,7,1,14,5,16,15,33,34,6,13,31,20,12,26,8,10,21,4,24,25,32,2,3,17,29,30,9,28,23
65;265;12911;2512;14,6,23,9,25,7,17,2,34,31,15,27,21,5,22,28,10,24,33,26,12,16,30,32,11,29,4,19,13,3,20,0,18,8,1
66;229;6024;1605;22,5,16,19,30,18,9,11,6,3,20,29,0,34,13,27,31,10,12,26,28,17,7,15,8,4,14,33,21,1,23,2,32,25,24
67;250;9035;2220;14,5,21,25,27,10,7,28,6,31,2,15,23,34,17,9,24,22,33,26,12,16,1,32,8,18,4,3,19,30,20,11,29,0,13
68;239;8017;1987;9,24,31,2,30,21,22,7,25,28,10,27,20,18,23,1,17,3,33,26,14,16,19,6,29,11,8,5,0,34,15,13,4,12,32
69;225;6283;1188;25,30,10,2,13,21,0,23,3,11,9,16,28,24,19,31,17,18,14,26,8,34,7,32,29,15,12,1,5,33,4,6,27,20,22
70;336;27247;4747;3,5,25,23,31,28,2,21,6,22,30,27,10,34,20,24,15,17,14,26,33,11,7,1,16,29,8,18,0,19,9,13,4,12,32
71;261;13921;2448;23,9,6,14,27,22,16,29,31,17,34,2,13,10,21,5,15,18,3,26,12,33,4,24,20,7,30,25,1,28,32,8,19,0,11
72;267;11108;2212;31,16,17,25,18,4,1,30,19,9,2,13,3,11,10,21,24,0,8,26,12,15,32,22,5,7,6,20,14,27,29,34,33,28,23
73;270;14590;3327;25,30,10,2,13,9,29,21,3,16,4,19,17,24,11,31,18,32,1,8,26,34,7,33,15,12,14,28,5,23,0,6,27,20,22
74;272;9459;1761;20,30,5,27,10,34,4,29,3,23,22,28,8,24,25,6,32,31,12,26,0,33,9,16,19,7,11,18,14,1,13,15,17,2,21
75;240;8007;1723;20,13,5,27,30,34,25,23,0,11,22,3,28,16,19,6,15,24,14,26,31,33,29,12,4,10,32,2,1,17,21,8,7,9,18
76;230;6295;1165;5,22,27,19,23,31,25,9,6,30,34,28,10,20,3,15,18,24,14,26,33,13,7,1,29,0,8,17,32,2,21,4,11,12,16
77;272;10776;1880;22,30,6,32,28,12,7,8,20,25,34,3,23,27,24,5,29,33,15,14,26,31,4,13,11,10,0,17,19,2,21,16,9,1,18
78;252;8866;1695;14,13,10,21,11,2,23,1,15,19,9,0,7,16,18,31,17,28,33,26,12,27,4,6,34,25,5,29,20,32,8,22,24,3,30
79;286;14498;2587;3,13,24,23,19,28,31,17,0,9,30,16,2,11,10,25,21,18,12,26,20,8,32,6,34,4,5,22,15,29,27,14,7,1,33
80;276;12024;2677;11,8,16,1,2,18,21,7,19,29,0,31,17,4,32,13,9,10,12,26,24,34,33,30,20,27,3,28,5,23,25,6,22,15,14
81;329;17559;3926;34,5,15,2,18,21,33,23,6,9,31,22,7,27,10,14,17,1,12,26,25,16,32,0,30,19,24,11,13,4,28,3,20,8,29
82;249;9339;1869;34,15,22,3,16,20,7,33,14,18,5,31,1,27,19,6,30,11,12,26,0,21,32,13,29,4,8,25,2,24,28,17,23,9,10
83;224;8769;1646;3,24,5,13,10,29,11,28,30,21,34,2,23,25,17,6,0,4,8,26,1,7,16,27,20,9,22,18,12,19,31,33,32,14,15
84;253;6395;1185;20,5,24,28,15,25,7,23,6,22,3,14,33,34,27,30,32,29,12,26,9,4,21,18,8,17,1,31,13,2,10,16,19,0,11
85;241;12739;2286;20,5,24,32,8,25,2,21,22,29,34,3,17,6,30,27,14,4,12,26,33,19,31,7,28,18,23,9,0,10,1,15,11,13,16
86;282;16272;2907;29,13,5,27,11,34,7,4,8,1,6,0,33,16,18,22,20,19,32,12,14,10,3,25,23,9,28,24,21,30,15,26,17,31,2
87;295;21723;5431;0,16,30,23,18,20,1,9,13,25,28,19,31,11,24,3,10,27,33,26,8,34,21,32,29,7,12,2,5,17,4,6,22,15,14
88;289;8007;1480;16,19,3,20,34,30,6,22,11,14,0,15,5,18,27,13,29,28,1,8,26,31,4,17,2,7,21,12,10,32,33,9,23,25,24
89;218;6574;1222;31,16,5,22,2,27,23,21,19,13,6,9,17,18,29,34,15,10,14,26,8,20,7,28,24,11,25,33,3,0,1,30,4,12,32
90;287;16122;2942;29,0,4,30,21,3,31,25,13,17,8,16,10,11,2,32,24,19,12,26,1,22,28,7,20,27,33,18,14,23,9,15,34,6,5
91;243;11388;1999;13,19,20,28,22,30,32,33,16,5,0,15,7,11,6,3,23,29,12,26,25,18,17,10,31,4,9,21,1,2,24,8,27,14,34
92;245;9959;1783;0,14,11,1,27,18,20,7,13,5,16,34,22,15,6,19,33,29,8,26,28,4,9,30,24,31,25,3,32,10,23,12,21,2,17
93;229;8907;2174;0,16,24,28,2,25,9,23,13,17,3,19,10,11,21,30,15,31,14,26,20,29,7,27,8,4,22,1,32,18,33,12,34,6,5
94;351;31247;6695;25,21,4,1,23,8,30,7,2,10,24,9,28,17,31,32,33,3,12,26,14,16,29,5,34,19,6,22,18,20,15,27,11,0,13
95;235;8925;1618;29,0,34,14,11,22,4,7,13,18,6,12,19,16,27,5,15,32,1,8,26,9,20,30,28,21,3,24,10,25,33,23,17,31,2
96;257;8565;1602;20,30,5,29,25,22,17,4,12,32,34,24,21,3,27,6,14,2,8,26,0,15,11,1,7,18,33,19,23,16,13,28,10,31,9
97;236;4723;889;8,33,17,4,28,21,24,29,1,9,31,23,25,7,10,2,32,0,12,26,34,19,18,5,14,30,6,22,3,20,27,15,11,13,16
98;254;11571;2153;2,17,31,9,24,10,30,7,8,25,4,29,3,21,1,32,33,20,12,26,28,11,6,14,0,22,15,34,16,5,23,13,27,19,18
99;266;10471;1954;27,1,5,14,19,22,32,29,8,33,34,31,7,18,20,6,15,4,12,26,28,0,17,25,30,2,24,10,13,21,23,3,9,16,11
100;257;10509;2730;11,16,4,33,15,32,2,29,19,13,1,14,17,18,0,8,7,21,12,26,20,23,34,3,24,27,30,6,28,5,22,25,31,9,10
101;268;13012;2961;24,3,32,21,16,2,31,29,25,13,12,0,10,30,11,4,17,19,8,26,33,34,28,15,22,20,14,7,6,23,1,5,27,9,18
102;256;5229;986;13,31,11,18,21,4,29,33,0,17,16,10,7,9,2,19,1,23,8,26,14,25,22,34,20,28,27,5,24,6,15,30,3,12,32
103;236;5570;1044;14,3,34,20,33,22,7,32,15,25,6,28,29,30,24,5,27,23,12,26,0,17,1,19,4,8,11,16,2,18,13,31,21,9,10
104;236;7329;1478;3,18,11,13,10,16,17,29,1,25,8,9,2,30,24,4,0,21,32,12,22,33,23,6,34,7,5,27,14,28,20,15,19,26,31
105;241;8606;1570;33,15,9,2,11,10,0,17,14,18,1,16,4,19,7,31,21,13,8,26,12,3,32,6,22,23,5,34,30,27,29,20,28,25,24
106;246;7838;1545;3,24,16,4,21,11,2,29,30,10,13,25,17,28,23,0,32,9,12,26,31,22,18,15,34,7,14,27,6,20,19,5,33,8,1
107;262;11911;2092;28,9,30,32,17,3,15,33,23,21,25,31,7,10,2,24,4,14,12,26,6,18,22,29,1,20,8,34,16,27,5,13,19,0,11
108;266;7446;1469;27,6,3,25,23,24,11,32,34,15,20,14,4,5,22,30,28,19,12,26,8,21,33,13,1,7,0,16,2,18,29,17,10,31,9
109;242;9738;2587;0,30,11,4,10,19,31,27,3,25,13,28,9,24,20,16,18,23,32,12,15,33,7,5,14,17,6,34,1,29,22,8,2,26,21
110;287;13096;3426;14,33,5,27,16,22,0,29,15,19,6,7,13,1,18,34,20,11,8,26,12,10,17,32,25,31,24,2,3,21,4,30,23,9,28
111;262;10994;1988;13,11,9,1,2,18,21,7,0,10,16,4,17,28,23,19,31,25,33,26,20,29,3,34,6,24,5,22,32,30,27,12,15,8,14
112;252;9102;1869;5,15,22,27,9,20,10,1,6,23,34,28,18,19,7,14,31,16,33,26,12,25,2,4,24,21,32,29,3,17,8,30,11,0,13
113;265;16482;2856;34,6,16,29,19,13,30,11,14,20,27,15,3,5,22,18,0,28,1,8,12,17,7,4,31,23,32,10,2,9,33,26,21,25,24
114;258;7771;1544;1,31,19,13,2,11,21,29,8,32,18,10,17,9,4,16,0,7,12,26,34,30,33,5,14,23,6,22,3,20,27,15,28,25,24
115;277;16003;3230;14,5,16,19,17,11,2,27,6,29,13,15,21,34,22,0,18,7,31,26,8,20,9,32,33,23,12,4,30,10,1,3,28,25,24
116;278;13702;3220;31,21,8,18,34,1,22,7,2,29,9,6,23,17,10,4,27,5,32,12,24,16,19,30,28,33,3,20,13,11,25,0,15,26,14
117;262;10765;1932;28,9,24,17,34,2,5,29,23,15,25,7,6,10,14,21,32,22,12,26,3,18,31,13,11,4,0,20,19,27,30,16,33,8,1
118;272;10609;1995;31,17,10,7,16,23,11,0,2,19,9,15,13,21,18,1,28,14,33,26,8,22,30,32,6,20,12,29,34,3,4,5,27,25,24
119;275;10196;1808;15,1,5,22,31,6,2,21,33,18,14,9,17,7,27,34,29,10,8,26,12,19,25,32,3,28,4,30,16,24,20,11,23,0,13
120;273;13578;2454;14,16,34,22,17,27,10,31,15,13,6,9,21,18,29,5,3,2,12,26,24,4,23,30,33,7,20,28,8,32,25,1,19,0,11
121;278;13166;2484;29,0,22,27,3,34,23,30,13,11,6,18,28,16,19,5,20,8,15,14,24,9,4,32,2,10,12,21,31,17,25,26,7,1,33
122;260;8014;2167;0,6,30,28,34,25,27,4,13,16,3,5,8,29,11,24,20,22,32,12,26,31,23,1,7,19,33,9,14,10,18,15,21,2,17
123;272;10980;2574;8,15,5,29,2,22,13,21,14,7,34,33,17,1,4,6,32,0,12,26,20,23,31,16,11,10,19,18,30,9,27,3,24,28,25
124;290;12290;2164;0,16,7,4,10,32,31,17,13,9,1,19,21,11,18,33,2,23,12,26,14,25,8,6,34,28,5,22,20,29,15,27,24,3,30
125;236;6027;1124;23,0,6,34,19,5,21,7,28,16,15,11,17,13,29,14,22,2,33,26,8,25,27,10,4,20,9,31,32,18,1,12,24,3,30
126;267;12204;2235;6,5,0,11,20,16,33,18,14,27,29,15,1,34,22,13,19,7,8,26,24,2,21,30,10,17,3,28,31,23,25,9,4,12,32
127;241;10935;1909;30,25,10,32,21,9,29,2,28,0,3,13,17,24,11,23,4,16,12,26,15,20,18,5,22,7,6,34,1,27,14,33,19,8,31
128;266;11417;2092;8,13,14,22,4,27,7,12,0,19,15,11,32,16,18,34,29,1,5,6,26,10,17,20,30,31,3,21,25,2,33,24,9,28,23
129;270;8097;1450;1,9,11,13,2,0,14,17,31,7,19,10,21,18,33,16,4,15,8,26,12,3,34,32,20,27,22,6,24,5,29,30,23,25,28
130;220;4268;1143;27,16,5,22,17,29,10,3,13,31,34,9,21,18,1,6,14,2,8,26,20,25,15,28,24,19,30,23,32,7,33,12,4,0,11
131;303;12668;2705;15,3,5,22,16,34,18,7,28,11,14,0,23,30,19,6,27,13,33,20,8,21,31,4,12,10,32,29,2,17,1,26,9,25,24
132;233;7318;1746;0,16,28,17,9,2,7,31,13,10,3,19,4,11,23,30,21,18,24,25,14,29,20,34,6,33,5,22,8,27,15,26,1,12,32
133;274;14133;2486;4,32,19,13,21,18,7,29,12,2,11,10,17,9,31,16,0,23,1,8,26,27,3,6,34,30,5,22,15,20,33,14,24,28,25
134;279;13594;2437;3,24,15,34,2,5,7,21,30,10,28,9,17,25,23,6,14,31,33,26,12,29,20,1,18,22,8,4,13,27,32,16,19,0,11
135;261;10199;1801;0,8,16,18,21,1,7,9,13,17,11,29,10,4,2,19,31,32,33,26,14,22,23,15,34,12,27,28,6,24,25,5,20,3,30
136;252;9875;1760;24,21,30,11,15,3,6,32,25,17,23,9,7,10,2,28,4,5,0,26,8,22,29,33,18,31,1,16,27,19,13,20,34,12,14
137;227;6606;1282;9,18,32,10,7,31,30,23,1,19,12,33,3,16,11,4,2,20,8,26,28,34,17,24,29,27,25,13,5,21,0,6,22,15,14
138;265;13055;3006;13,11,2,21,10,17,33,4,0,9,31,19,7,16,18,1,29,23,8,26,14,22,32,12,34,28,27,25,6,24,15,5,20,3,30
139;235;12650;2997;29,14,16,4,1,11,7,19,8,2,13,15,18,21,17,0,32,33,12,26,28,34,9,24,3,31,30,25,5,10,23,6,27,20,22
140;258;14033;2554;14,0,5,8,23,29,19,11,15,7,34,28,16,13,22,6,4,33,32,12,26,20,17,25,9,31,24,10,3,2,21,30,27,1,18
141;241;7463;1357;3,24,4,1,17,8,27,9,30,21,31,2,18,25,10,32,29,20,12,26,22,0,7,6,34,19,5,28,14,23,33,15,11,13,16
142;260;15660;2894;29,5,16,11,20,18,7,4,6,22,13,12,32,34,27,0,19,33,1,8,9,2,28,10,24,23,25,3,21,30,31,26,17,14,15
143;252;8901;1607;14,13,5,27,11,22,33,20,15,19,34,0,1,16,18,6,29,7,8,26,12,2,4,30,25,23,24,3,10,28,32,9,17,31,21
144;260;8478;1594;15,25,5,22,29,34,2,21,28,30,14,23,17,24,20,6,27,32,12,26,33,0,3,9,18,19,1,31,13,10,7,16,11,8,4
145;228;8251;2093;31,10,5,27,7,22,13,32,9,21,34,23,4,2,17,6,29,0,12,26,30,33,11,24,28,16,25,20,14,19,3,15,18,8,1
146;239;10161;2269;24,32,23,9,0,10,1,33,25,11,30,8,7,4,28,3,20,2,12,26,14,16,18,34,6,19,5,22,13,27,15,29,21,31,17
147;276;16780;3077;6,34,0,11,2,16,10,4,14,21,29,15,31,5,17,13,19,3,8,26,33,20,7,32,27,22,12,18,24,9,1,25,23,28,30
148;229;9763;1750;28,23,30,20,16,3,7,33,0,9,25,13,19,11,10,24,4,18,32,12,8,34,2,29,15,31,14,17,5,21,1,6,27,26,22
149;278;12834;2245;14,23,5,32,17,22,4,25,15,8,34,7,21,28,29,6,24,2,12,26,3,1,33,0,16,27,13,11,18,20,30,19,10,9,31
150;262;8779;1798;15,8,34,27,17,22,2,32,14,7,6,1,4,33,29,5,20,21,12,26,0,24,18,11,28,9,19,16,3,23,13,30,10,31,25
151;265;10210;1902;24,30,17,10,11,2,15,23,3,0,25,16,31,13,28,21,9,19,14,26,1,27,7,8,12,29,32,4,22,18,33,20,34,6,5
152;292;19709;4362;32,4,17,5,1,6,33,24,8,10,21,9,25,2,31,29,34,7,12,26,3,18,23,13,11,22,0,20,19,28,30,16,27,14,15
153;277;11716;2595;20,24,5,27,21,34,17,32,25,28,22,23,29,30,15,6,14,2,12,26,0,18,7,11,19,3,16,4,1,33,13,8,10,31,9
154;286;14971;2853;15,2,5,7,10,22,27,29,14,31,34,9,23,21,17,6,1,18,33,26,0,28,20,11,30,8,3,16,25,19,13,24,4,12,32
155;253;8899;1613;15,30,11,0,34,13,7,23,20,5,19,22,14,3,6,16,28,27,33,26,21,4,24,17,31,18,2,10,8,9,25,1,29,12,32
156;245;8732;1577;29,13,34,14,0,22,4,7,8,18,6,1,19,16,27,5,15,11,32,12,3,10,33,30,25,31,24,28,9,23,20,26,17,2,21
157;258;12549;2343;29,0,4,5,30,6,21,2,13,24,8,3,17,16,11,32,34,25,12,26,31,22,15,18,33,7,1,27,9,14,19,20,10,28,23
158;258;16385;4071;15,5,2,31,27,17,1,23,6,7,14,22,33,34,9,21,10,18,12,26,3,11,8,30,25,29,24,32,0,4,20,28,19,13,16
159;256;7636;1940;14,33,5,29,9,22,10,21,15,2,34,7,31,1,17,6,27,18,8,26,25,11,23,24,30,20,28,32,0,4,12,3,19,13,16
160;244;10326;2079;3,28,11,19,10,16,2,21,30,9,0,23,17,24,25,13,18,31,12,26,8,22,4,1,20,15,33,29,5,7,32,6,27,14,34
161;212;6579;1201;9,10,1,29,13,4,27,5,31,21,18,3,34,2,17,8,6,16,32,12,24,23,22,30,28,7,20,15,26,14,25,33,19,0,11
162;259;11313;2093;11,13,18,1,21,9,10,32,0,2,16,17,31,4,7,19,33,23,12,26,14,27,28,6,34,25,5,8,20,29,15,22,24,3,30
163;242;9830;1846;31,17,14,27,4,18,7,12,21,10,33,25,32,2,9,1,34,24,8,26,22,16,23,5,20,19,6,15,3,28,29,30,11,13,0
164;274;11466;2030;9,10,4,18,6,1,22,34,31,17,8,21,5,2,29,32,27,7,12,26,13,23,24,16,11,25,0,30,28,20,3,19,33,15,14
165;257;9548;1959;8,32,18,10,3,31,30,25,4,17,1,13,24,29,2,9,21,16,12,26,28,34,20,14,22,27,15,23,6,7,33,5,19,0,11
166;248;10491;2674;12,30,27,14,11,22,32,29,3,16,20,0,19,13,18,34,15,4,5,6,26,24,28,10,2,7,9,21,25,17,23,31,33,8,1
167;267;12814;2564;1,4,11,19,2,16,7,9,8,17,13,31,21,32,29,0,18,10,12,26,14,6,23,22,27,25,20,15,5,28,33,34,24,3,30
168;258;10567;2032;20,6,24,28,31,25,17,10,22,27,3,15,21,5,34,30,23,2,14,26,12,18,7,33,1,9,8,4,16,29,32,13,19,0,11
169;260;9938;1841;25,30,17,32,15,10,5,29,24,28,21,14,6,3,23,2,4,34,12,26,9,11,22,13,18,7,0,27,19,20,31,16,33,8,1
170;253;12666;2451;13,11,5,29,23,34,31,21,0,28,15,3,2,16,19,6,17,10,14,26,12,33,9,4,20,7,32,27,1,18,22,8,30,25,24
171;215;7894;1750;29,6,16,4,17,11,2,19,8,14,13,34,21,5,15,0,32,7,12,26,20,10,18,24,3,9,30,25,23,27,22,28,31,33,1
172;331;15841;3270;27,13,5,29,12,22,32,1,0,19,34,11,7,16,18,6,8,4,15,14,26,10,17,28,24,31,25,21,3,2,23,30,9,20,33
173;270;9407;2424;22,30,5,15,33,14,32,23,20,25,34,3,7,27,24,6,28,29,12,26,31,9,10,19,0,4,11,17,16,2,21,13,18,8,1
174;266;9879;2558;29,21,16,19,9,11,33,32,17,1,13,31,7,2,18,0,4,10,8,26,12,30,23,20,34,28,27,22,6,15,14,5,24,3,25
175;272;12168;2546;15,5,24,28,31,25,17,10,6,27,3,22,21,34,20,30,23,2,14,26,0,4,33,11,13,7,16,18,8,9,19,1,29,12,32
176;246;5368;1012;5,34,15,23,32,28,7,30,6,24,22,12,33,27,25,14,20,29,8,26,31,3,21,10,18,4,9,2,13,17,1,16,19,0,11
177;232;6617;1371;34,5,16,21,10,17,9,19,6,31,29,3,18,22,27,13,2,23,15,14,25,32,7,24,20,11,30,33,12,0,28,26,4,8,1
178;245;10127;1894;24,31,3,22,34,27,6,29,25,2,30,10,5,21,17,20,32,23,12,26,0,33,4,16,19,7,11,18,8,9,13,1,28,14,15
179;269;14001;2807;3,24,16,4,21,11,2,29,30,10,13,25,17,28,23,0,32,8,12,26,9,22,7,18,34,19,27,1,6,33,31,5,20,14,15
180;228;8528;2341;22,5,30,10,2,23,31,21,6,7,20,15,17,34,14,3,9,27,33,26,0,1,24,13,11,18,16,19,4,25,28,8,29,12,32
181;262;10415;2761;5,34,29,19,12,11,32,8,22,30,6,20,4,27,3,16,18,24,0,13,26,7,17,15,23,25,28,2,1,21,14,33,10,31,9
182;262;11944;2352;19,13,18,20,17,27,2,7,16,15,31,11,21,0,14,1,22,29,33,26,6,28,34,3,32,25,12,30,8,24,5,4,23,9,10
183;242;6325;1296;32,4,31,17,28,2,24,29,8,23,1,9,25,7,10,33,21,18,12,26,34,16,0,5,20,11,6,22,30,13,27,3,19,14,15
184;264;11701;2507;29,4,11,19,9,16,7,1,8,21,13,2,31,32,17,0,18,10,12,26,34,25,33,5,14,23,6,22,28,20,27,15,24,3,30
185;336;24040;4834;30,33,25,2,18,21,11,27,3,9,31,1,19,20,10,24,17,16,12,26,8,23,4,6,34,7,5,29,15,22,32,14,13,28,0
186;244;10010;2649;23,10,28,3,4,30,1,33,9,17,25,31,7,2,21,24,32,8,12,26,14,16,20,34,6,18,5,22,13,27,15,29,19,0,11
187;321;18142;3281;13,11,4,17,5,8,10,21,0,6,29,3,31,16,19,32,2,34,12,26,1,20,27,33,15,22,14,7,28,9,18,23,30,25,24
188;244;11049;2245;4,29,24,2,22,21,30,27,8,5,32,14,20,6,34,25,17,3,12,26,1,28,7,18,13,15,16,19,9,11,33,0,23,31,10
189;282;12034;2148;20,30,5,27,23,34,7,32,3,28,22,25,29,24,15,6,14,33,12,26,13,18,21,11,19,2,16,4,1,17,0,8,10,31,9
190;269;13149;2414;14,13,5,27,19,22,7,20,15,1,34,0,33,16,18,6,29,11,8,26,23,9,17,28,24,31,25,10,3,2,21,30,4,12,32
191;228;5857;1252;28,13,30,29,14,3,15,5,0,17,25,11,34,16,21,24,6,19,8,26,12,27,4,20,1,2,33,22,9,7,32,18,23,31,10
192;318;24132;5586;17,2,0,11,7,16,33,18,31,9,29,10,1,21,4,13,19,32,8,26,22,28,3,6,34,23,5,27,15,30,20,14,24,12,25
193;237;9889;2181;15,13,5,27,2,34,23,10,16,17,14,19,21,29,31,6,22,7,18,9,26,28,0,20,30,11,3,33,25,8,1,24,4,12,32
194;241;10024;1882;1,9,17,15,5,14,29,23,31,27,2,18,22,10,34,21,7,6,33,26,12,11,8,30,25,3,24,32,0,4,20,28,19,13,16
195;243;8488;1682;4,1,29,34,9,5,7,27,8,21,32,31,18,2,17,6,22,10,12,26,15,28,33,16,0,20,13,11,30,19,14,3,23,25,24
196;241;10104;1865;29,13,3,24,17,30,21,25,8,11,32,16,28,0,4,12,34,2,5,6,26,27,15,20,1,19,33,22,9,7,14,18,23,31,10
197;307;14083;2604;16,18,11,29,10,4,24,1,19,2,13,31,21,9,17,0,32,25,8,26,33,22,23,15,20,7,14,30,5,3,28,6,27,12,34
198;293;15835;4168;29,6,16,19,22,11,14,27,8,32,13,34,20,5,4,0,18,15,12,26,3,9,17,24,10,31,25,21,28,2,30,23,7,33,1
199;273;12163;2894;0,16,5,14,22,34,7,28,13,20,3,19,23,11,30,6,15,27,33,26,31,4,24,2,9,29,10,17,32,25,21,12,18,8,1
200;290;17471;3247;9,30,31,21,16,2,0,29,3,19,10,25,13,24,11,4,17,18,32,12,8,34,20,33,15,27,14,7,6,22,1,5,23,26,28
201;247;10327;1866;22,1,5,15,31,14,2,21,33,18,34,9,17,7,27,6,29,10,8,26,13,3,23,0,25,4,28,11,30,19,16,24,20,12,32
202;233;11730;2057;10,3,28,2,4,21,0,31,9,32,24,12,7,30,23,25,17,11,33,26,14,22,19,20,34,16,27,18,6,1,15,5,13,8,29
203;266;10059;1978;29,2,34,15,10,14,9,27,17,16,6,31,18,21,13,5,22,23,3,26,12,28,19,32,30,7,20,4,25,11,0,24,33,8,1
204;312;15843;3582;13,11,5,20,24,22,21,29,0,30,6,19,17,16,3,34,27,25,14,26,12,10,15,33,1,2,8,4,9,7,32,18,28,31,23
205;231;6789;1380;3,13,5,28,29,15,2,21,0,30,6,11,17,16,24,34,25,19,14,26,31,20,22,18,1,7,9,10,12,23,27,33,32,8,4
206;302;16428;3203;25,24,31,27,21,18,17,22,28,23,9,3,7,30,10,1,20,2,33,26,0,8,19,6,34,29,5,16,15,11,13,14,4,12,32
207;242;7251;1409;19,11,10,1,4,23,14,21,0,2,9,13,17,16,18,31,7,15,33,26,8,20,32,6,34,27,5,22,30,12,29,3,28,25,24
208;244;7027;1429;13,11,34,6,4,5,32,22,0,18,15,19,7,16,27,14,29,12,1,8,26,28,17,9,23,33,10,21,24,2,31,25,20,3,30
209;298;10433;1937;9,10,16,19,4,11,8,1,31,17,13,23,7,2,21,0,18,29,33,26,24,34,28,32,20,27,12,30,5,3,25,6,22,14,15
210;274;9719;1804;4,11,6,34,18,5,31,27,8,16,29,19,20,0,13,32,22,1,26,12,3,9,17,24,10,7,25,21,28,2,30,23,33,14,15
211;280;13265;2946;29,21,16,3,1,11,7,24,17,4,13,8,25,2,32,0,30,33,12,26,31,6,10,20,22,23,27,18,5,9,19,34,28,14,15
212;246;7667;1616;4,1,25,30,2,28,21,23,8,9,32,31,7,33,10,24,3,17,12,26,14,16,20,34,6,18,5,22,13,27,15,29,19,0,11
213;247;9557;1892;8,18,10,32,29,4,7,21,1,11,9,13,17,16,19,31,2,0,12,26,14,24,27,34,6,33,5,22,30,20,15,3,23,25,28
214;253;5251;1484;11,13,4,21,10,2,23,29,0,30,24,3,28,16,25,32,17,9,12,26,14,18,6,22,27,7,20,34,1,5,15,33,19,8,31
215;240;6687;1373;22,5,18,19,1,16,7,31,6,15,27,29,33,34,14,20,11,8,13,0,3,2,9,30,25,4,24,23,12,10,28,32,17,26,21
216;235;9005;1585;20,30,5,27,23,34,21,31,3,25,22,28,10,24,29,6,32,17,12,26,0,7,4,16,19,2,11,18,14,9,13,15,33,8,1
217;236;10110;1816;6,34,29,21,18,17,16,33,5,7,15,27,13,22,1,14,2,9,8,26,12,3,31,32,30,10,20,11,25,19,4,24,23,0,28
218;236;7700;1484;0,17,30,25,9,24,16,4,13,10,3,2,11,21,23,28,32,29,12,26,8,34,18,1,22,19,33,20,5,27,31,6,7,14,15
219;219;4974;928;14,28,5,20,3,22,10,7,15,24,34,25,9,23,30,6,27,21,33,26,0,29,18,16,8,31,13,11,32,19,1,4,17,12,2
220;271;8598;1579;27,5,13,11,1,0,7,20,34,29,18,8,33,6,22,16,19,4,15,14,9,28,17,10,30,23,3,2,25,21,31,24,32,26,12
221;275;14273;3427;20,30,22,6,11,5,19,32,12,16,27,13,4,3,18,34,29,0,1,8,26,23,7,21,31,15,14,2,9,17,33,10,28,25,24
222;357;21175;3972;33,1,5,22,9,27,10,28,8,18,6,19,23,31,7,34,20,25,14,15,12,17,11,4,26,16,32,24,21,30,3,2,29,0,13
223;252;12384;2307;14,6,17,31,7,2,10,18,15,27,29,22,9,5,34,21,1,33,8,26,0,24,19,4,12,20,32,11,30,16,13,3,23,25,28
224;239;7769;1489;0,2,25,30,9,24,19,11,13,10,23,31,16,17,21,28,3,7,15,26,12,27,4,6,34,14,5,29,20,8,32,22,18,33,1
225;259;8018;1537;27,16,5,12,19,29,7,4,13,11,34,0,15,18,22,6,32,14,1,8,26,28,17,9,23,33,10,21,24,2,31,25,20,3,30
226;275;8835;1654;22,5,13,11,1,16,4,18,6,29,20,8,32,34,27,0,19,33,12,26,30,2,31,24,9,17,25,10,23,21,3,28,7,14,15
227;235;5544;1212;24,21,9,23,31,4,33,8,25,3,10,17,7,2,30,32,28,1,12,26,15,18,27,5,29,20,6,34,16,22,14,13,19,0,11
228;240;12013;2916;30,28,25,11,10,4,17,29,3,16,24,23,21,0,13,32,8,2,12,26,33,27,19,1,22,31,20,18,5,7,9,6,15,14,34
229;292;16511;4648;14,5,33,23,21,7,2,0,6,17,15,22,13,34,29,1,28,20,8,26,3,31,25,11,4,10,19,16,12,24,30,32,27,9,18
230;296;13566;2604;27,5,3,32,16,12,18,11,34,29,20,13,19,6,22,30,4,0,25,24,8,7,17,2,1,23,9,10,33,21,31,26,28,14,15
231;307;12407;2186;25,30,10,21,13,2,18,19,24,11,23,3,16,28,0,9,17,4,31,26,20,8,7,22,34,1,27,14,6,15,33,5,29,12,32
232;291;11237;2089;20,5,24,28,17,25,2,10,6,31,3,22,21,34,27,30,23,29,12,26,0,33,32,16,19,9,11,18,1,4,13,8,7,14,15
233;297;16265;2921;1,4,10,17,22,2,27,23,8,7,9,29,18,32,33,31,21,20,12,26,3,34,25,16,0,19,13,11,5,24,30,6,28,14,15
234;230;7035;1856;20,30,5,27,10,34,21,15,3,23,22,25,31,24,28,6,14,33,12,26,8,19,2,29,0,7,13,4,16,17,32,11,1,9,18
235;267;12060;2853;6,34,1,32,2,29,21,20,14,7,33,15,17,5,22,8,4,27,12,26,0,23,19,3,24,18,30,11,25,16,13,28,31,9,10
236;264;15410;2822;28,9,16,3,1,11,7,19,23,4,0,8,32,10,18,13,30,33,24,25,26,27,2,15,34,29,14,21,6,17,31,5,22,12,20
237;271;11604;2084;20,6,24,32,17,25,2,10,22,34,30,29,21,5,27,3,31,23,12,26,0,33,4,16,19,7,11,18,8,9,13,1,28,14,15
238;261;14468;2630;10,31,25,30,15,24,7,32,9,17,23,14,4,2,21,28,3,33,12,26,34,16,19,5,29,11,6,22,0,20,27,13,18,8,1
239;236;7921;1591;19,27,11,14,17,0,2,7,20,31,16,22,21,18,1,13,15,29,33,26,34,25,23,5,24,10,6,30,32,3,28,12,9,8,4
240;288;9907;2288;24,30,4,1,2,8,17,7,25,9,31,28,21,3,10,32,33,23,12,26,6,16,20,5,14,18,34,22,13,27,29,15,19,0,11
241;245;7771;1880;23,11,24,3,31,30,7,21,0,2,28,9,17,4,10,25,32,19,12,26,15,1,33,14,5,18,34,22,8,27,20,6,16,29,13
242;294;6908;1723;25,30,9,21,11,2,7,32,3,28,10,0,4,24,23,31,17,19,12,26,1,27,15,16,8,20,13,18,22,14,33,29,34,6,5
243;296;13381;2458;1,4,13,11,21,0,10,31,8,17,18,2,9,32,29,16,19,7,12,26,20,15,23,3,28,14,30,22,25,27,33,24,34,6,5
244;257;9773;1882;20,24,5,27,10,22,17,31,30,23,6,3,21,25,28,34,15,2,14,26,8,4,9,0,16,7,13,1,19,18,33,11,29,12,32
245;238;8731;1628;6,34,30,32,17,24,10,2,5,29,20,22,21,27,25,3,4,31,12,26,15,33,9,19,13,7,16,11,1,18,14,0,23,8,28
246;240;6926;1323;29,5,4,17,7,2,23,31,6,15,8,22,10,34,14,32,21,9,12,26,3,19,25,30,13,27,0,20,16,24,28,11,18,33,1
247;228;9911;1896;13,16,17,32,30,2,34,6,0,15,29,3,5,11,14,21,4,24,12,26,8,10,7,33,18,19,1,27,31,22,20,9,25,28,23
248;233;6885;1571;11,13,24,32,17,25,9,10,0,2,3,19,31,16,21,30,4,18,12,26,8,34,7,33,15,29,14,28,5,23,1,6,27,20,22
249;255;6903;1553;11,13,32,18,10,1,28,7,0,9,4,31,23,16,19,8,33,3,12,26,20,29,24,5,34,25,6,22,15,27,30,14,21,2,17
250;286;12820;2922;16,0,15,33,29,18,20,27,13,5,19,6,22,11,34,14,7,9,1,8,31,28,17,32,23,21,12,10,24,2,4,25,3,26,30
251;285;18919;3433;31,10,8,32,22,4,27,29,9,21,1,23,18,2,17,33,7,20,12,26,13,3,15,0,25,14,28,11,30,19,16,24,34,6,5
252;258;8372;1656;29,0,34,14,19,22,7,1,13,18,6,11,33,16,27,5,15,20,8,26,28,4,9,30,24,31,25,3,32,10,23,12,21,2,17
253;266;11382;2087;11,16,33,32,9,4,10,30,0,18,1,13,3,19,7,8,20,31,12,26,14,28,29,5,34,23,6,22,24,27,15,25,17,2,21
254;230;7226;1391;20,30,5,27,25,22,10,9,3,11,6,24,31,16,19,34,18,21,14,26,15,4,23,33,8,2,1,7,32,0,28,12,17,13,29
255;250;6215;1313;13,8,16,18,2,1,7,9,0,21,11,4,10,29,17,19,31,23,33,26,20,27,6,30,25,5,24,28,32,22,3,12,34,14,15
256;292;15100;3419;31,10,2,21,0,17,19,4,9,15,33,28,11,23,7,1,14,25,8,26,5,3,16,22,27,18,34,29,30,13,6,20,24,12,32
257;273;12313;3040;22,5,12,29,30,32,24,18,6,14,20,15,7,34,27,33,4,3,1,8,26,16,9,31,11,10,19,21,13,17,2,0,25,28,23
258;248;7682;1486;28,24,10,2,11,21,19,7,25,13,23,3,31,30,0,9,17,16,33,26,14,1,20,34,6,18,5,22,8,27,15,29,4,12,32
259;261;7018;1277;29,24,5,27,10,34,17,31,32,9,8,4,21,25,18,6,1,2,12,26,33,30,22,28,19,23,20,15,11,7,14,0,16,3,13
260;206;6783;1234;22,33,5,15,16,14,0,7,20,18,34,19,13,27,1,6,29,11,8,26,28,3,9,21,25,31,2,17,30,10,23,24,4,12,32
261;283;21295;5551;23,10,24,3,0,30,7,4,9,17,25,31,11,2,21,28,32,19,12,26,8,34,33,16,29,15,13,18,5,14,1,6,27,20,22
262;252;8832;2464;19,21,16,4,9,11,1,8,31,2,13,10,18,17,29,0,32,7,12,26,34,3,33,6,22,23,5,14,30,15,27,20,28,25,24
263;256;8430;2357;27,33,5,14,16,34,0,29,20,18,22,19,13,1,7,6,15,11,8,26,31,3,17,10,25,28,9,2,30,21,23,24,4,12,32
264;242;7091;2179;4,12,16,24,21,0,2,19,8,29,11,14,17,32,25,13,28,15,30,3,6,31,7,5,27,10,34,22,33,23,20,26,9,1,18
265;275;15329;4535;13,11,6,22,7,5,10,21,0,2,29,16,23,4,17,32,3,9,12,26,20,19,14,24,28,15,25,27,31,34,30,33,18,8,1
266;241;8881;2640;6,34,27,29,28,8,1,30,5,25,22,15,33,14,24,20,32,7,12,26,0,23,18,16,31,4,13,11,10,19,3,9,21,2,17
267;277;10603;3029;23,10,20,24,34,28,6,33,9,27,3,18,5,31,22,30,25,1,12,26,15,29,32,19,16,7,11,8,13,4,14,0,21,2,17
268;271;11296;2342;8,33,18,11,21,19,32,29,1,17,9,31,10,7,2,16,4,12,0,13,28,22,24,15,34,25,14,3,6,30,23,5,27,26,20
269;285;11265;2952;2,21,33,32,24,4,18,23,31,9,1,25,28,17,10,8,7,27,12,26,20,29,11,30,22,19,3,13,6,16,0,5,34,15,14
270;249;9448;2433;3,24,5,28,10,15,29,0,30,17,6,2,13,25,21,34,23,9,14,26,20,18,7,33,1,32,12,27,19,31,22,8,4,16,11
271;253;5762;1868;24,28,34,22,16,27,19,29,25,13,6,14,11,15,0,5,20,18,30,3,12,21,7,10,2,17,9,4,26,23,32,31,33,8,1
272;239;11022;3552;33,9,4,20,10,29,27,21,1,17,8,18,31,7,2,32,22,23,12,26,24,16,14,30,11,19,3,28,13,15,25,0,34,6,5
273;248;10153;3149;23,10,15,5,21,34,24,27,9,7,28,2,25,31,22,14,6,17,33,26,20,0,3,12,11,29,19,32,13,4,30,16,18,8,1
274;267;14530;4170;31,16,21,13,3,17,24,32,19,9,4,18,25,11,10,2,29,30,1,8,26,34,7,33,15,12,14,28,5,23,0,6,27,20,22
275;245;8758;2884;3,24,13,11,2,16,17,7,30,10,28,9,21,25,23,0,19,31,33,26,14,29,18,22,5,1,34,27,8,20,15,6,4,12,32
276;240;6664;2261;3,10,5,12,25,29,30,4,9,21,34,31,24,2,17,6,32,27,8,26,33,18,22,14,28,20,15,7,16,23,1,19,11,13,0
277;274;13125;4096;28,24,5,22,10,27,2,29,25,21,6,3,17,30,23,34,20,31,15,14,12,8,9,19,16,7,11,4,0,18,32,13,1,26,33
278;282;14710;4222;8,32,5,16,1,34,7,19,12,27,29,20,18,4,22,6,11,33,13,0,26,2,21,30,23,17,3,24,9,25,28,10,31,14,15
279;237;6676;1876;4,9,13,19,32,16,33,29,31,21,11,10,7,2,17,0,18,12,1,8,26,34,23,30,20,27,3,24,5,28,25,6,22,14,15
280;243;6581;1998;30,23,5,15,9,22,11,4,3,25,20,10,0,28,24,6,7,2,32,12,8,33,34,16,1,17,18,13,19,27,29,31,21,26,14
281;272;10122;3137;14,5,10,21,29,2,4,7,6,15,9,22,32,34,23,31,17,8,12,26,19,20,1,16,0,27,13,11,30,18,33,3,28,24,25
282;256;6357;1976;29,16,34,22,2,27,10,15,13,17,6,9,31,18,21,5,14,19,3,26,20,0,7,30,25,1,24,28,32,23,33,12,11,8,4
283;308;16730;5272;15,19,1,4,2,7,21,31,14,9,8,16,10,11,18,33,32,17,12,26,24,34,23,20,3,22,30,28,5,27,25,6,29,0,13
284;282;11265;3597;30,24,13,11,17,16,18,4,28,21,3,23,2,25,10,0,19,9,31,26,12,27,7,33,8,29,1,14,22,15,32,20,34,6,5
285;255;7777;2590;13,11,4,1,5,8,27,20,0,6,12,19,22,16,29,32,18,34,33,26,15,21,3,25,23,7,28,24,9,30,14,10,17,31,2
286;253;7240;5774;34,15,29,32,7,8,9,31,14,2,5,22,10,21,17,6,4,23,12,26,0,20,1,13,11,27,16,19,30,18,33,3,28,25,24
287;276;14765;9709;25,30,23,11,21,4,15,7,24,2,28,9,17,3,10,32,0,14,12,26,16,27,34,13,8,18,29,6,20,5,19,22,31,33,1
288;222;7132;12484;24,32,20,16,33,11,27,18,12,25,30,8,1,4,28,3,19,7,13,0,26,34,9,21,29,23,17,2,5,10,31,6,22,15,14
289;202;5661;1928;9,17,5,15,1,14,18,22,2,10,34,31,27,21,23,6,7,29,33,26,3,11,8,30,12,19,24,25,4,28,20,32,16,0,13
290;239;6073;2000;11,32,28,13,21,0,9,23,12,17,25,19,10,4,2,24,16,31,30,3,20,6,7,27,14,15,22,1,5,18,33,34,29,26,8
291;261;15291;3188;0,19,4,29,9,32,7,21,11,18,13,31,2,16,1,8,17,10,12,26,22,25,3,6,34,24,5,27,15,30,20,14,23,33,28
292;271;7624;1373;18,1,13,11,7,0,9,32,8,27,19,20,29,33,31,16,4,22,12,26,3,14,17,30,25,2,24,23,15,21,10,28,34,6,5
293;265;12067;2306;0,16,4,9,17,31,7,2,13,1,8,19,21,11,18,32,10,29,12,26,24,27,33,28,3,15,30,23,22,14,25,20,34,6,5
294;256;13761;3516;6,34,25,21,31,24,9,2,5,8,29,22,10,27,4,32,17,23,12,26,3,15,20,13,11,7,0,28,19,33,30,16,1,14,18
295;246;8684;1702;30,0,25,10,16,4,17,21,3,11,24,13,2,28,23,32,31,19,12,26,33,34,9,1,22,7,8,27,6,18,20,5,29,14,15
296;252;7696;1534;20,30,5,14,12,34,7,29,28,25,22,23,32,24,27,6,15,33,8,26,11,21,1,16,13,31,0,19,2,18,4,17,10,3,9
297;263;14702;3074;14,28,5,27,31,22,9,18,15,7,34,19,1,23,33,6,20,10,12,26,8,3,2,29,16,21,13,4,0,17,32,11,30,25,24
298;228;7855;2891;32,3,17,10,0,31,7,23,4,25,2,11,28,30,24,21,9,19,12,26,14,1,20,34,6,33,5,22,8,27,15,29,18,13,16
299;309;18971;5591;1,9,13,11,10,0,4,15,33,17,18,2,31,7,21,16,19,23,14,26,12,3,8,5,22,27,6,34,30,29,32,20,24,28,25
300;265;10068;3330;32,4,24,11,17,25,31,19,8,0,3,2,21,29,13,30,16,10,12,26,34,7,20,5,15,18,6,22,1,27,14,33,9,28,23
301;245;9408;3134;28,9,24,3,11,30,7,17,23,4,25,31,0,10,2,32,21,19,12,26,22,18,13,6,34,16,5,27,15,29,20,14,33,8,1
302;255;8012;3217;18,16,33,4,14,7,23,15,9,0,1,13,28,19,11,8,32,29,12,26,20,10,5,3,24,6,30,27,31,34,22,25,17,2,21
303;231;7641;2554;3,5,25,0,13,28,18,19,6,27,30,22,16,34,20,24,11,29,32,12,9,7,4,2,26,23,31,21,1,17,10,33,15,8,14
304;254;9249;2428;24,9,4,6,17,29,33,34,25,21,8,31,1,10,2,32,5,7,12,26,3,19,22,30,16,23,13,18,11,27,20,0,28,14,15
305;232;11237;3495;5,13,15,24,19,28,21,23,6,11,34,29,22,0,16,14,25,17,30,3,20,4,7,33,8,10,1,18,32,9,27,12,2,26,31
306;277;17347;5747;4,1,11,13,10,0,21,29,8,2,19,9,17,18,31,16,32,7,12,26,24,34,23,30,20,22,3,28,5,27,25,6,33,15,14
307;248;6900;1338;25,28,17,1,7,31,29,14,24,9,2,0,15,23,10,21,33,13,8,26,12,30,4,34,6,18,5,27,3,22,32,20,16,19,11
308;262;12186;2445;23,25,17,15,3,14,6,34,28,9,2,30,5,24,10,21,7,31,33,26,20,19,27,32,8,29,12,1,11,18,22,4,16,0,13
309;296;17034;4387;28,21,30,32,31,3,33,8,23,9,25,17,1,2,10,24,4,7,12,26,0,22,19,16,34,20,13,27,6,18,11,5,29,14,15
310;269;9715;1907;3,20,16,18,34,13,10,6,30,27,19,22,5,24,25,11,9,31,0,26,12,14,23,32,8,29,4,15,33,7,28,1,21,2,17
311;294;6884;1270;19,11,14,7,10,15,4,21,0,9,31,13,17,16,18,1,2,23,33,26,12,34,25,27,22,24,20,29,5,8,32,6,28,3,30
312;292;10495;1851;33,10,4,25,7,32,0,28,31,17,1,9,23,2,21,8,24,11,12,26,6,15,18,5,27,19,34,13,14,16,29,22,3,20,30
313;229;11504;2189;30,28,25,17,6,21,34,4,3,29,24,13,5,23,10,32,2,0,12,26,14,18,7,19,33,9,31,16,8,11,15,1,27,20,22
314;262;9773;1732;19,10,16,3,4,13,32,24,31,17,11,9,25,2,21,0,30,18,12,26,33,22,23,15,34,7,14,27,6,28,20,5,29,8,1
315;296;15320;3252;21,15,25,23,17,28,22,31,14,6,24,2,27,34,5,30,10,20,3,26,18,4,7,16,0,19,13,1,8,33,9,11,29,12,32
316;280;15302;3817;13,11,1,33,9,29,20,17,0,19,4,3,2,16,18,8,7,30,32,12,22,24,10,6,34,21,5,27,25,23,31,26,28,14,15
317;258;10911;1920;0,16,34,15,23,14,2,7,13,17,6,19,21,11,29,5,22,28,33,26,20,32,9,25,30,18,24,31,12,10,27,3,1,8,4
318;260;7516;1494;31,18,17,25,0,21,32,7,9,11,1,16,4,19,10,2,24,13,33,26,28,34,3,15,22,27,14,20,6,30,23,5,12,8,29
319;330;31095;5355;9,10,8,33,24,1,23,18,31,21,4,25,29,2,17,32,7,28,12,26,22,16,15,34,6,19,5,20,13,14,27,0,11,3,30
320;259;11801;2482;4,32,11,19,21,16,7,9,12,17,13,31,10,29,2,0,18,23,1,8,33,34,24,15,26,25,14,3,5,30,28,6,27,22,20
321;303;12230;3123;14,5,10,2,28,21,24,7,6,15,9,22,25,34,23,31,17,27,33,26,8,4,18,13,11,29,0,16,32,19,1,12,20,3,30
322;270;9871;2000;13,11,34,22,1,29,7,28,0,18,6,8,23,16,19,5,27,33,14,15,3,2,4,30,25,17,24,12,21,32,20,26,31,9,10
323;247;8703;1555;20,30,5,14,32,34,29,7,12,28,22,24,23,3,27,6,15,25,33,26,9,13,21,31,8,4,1,2,16,17,10,18,19,0,11
324;321;16852;2934;30,24,13,11,21,16,17,4,28,10,3,31,2,25,23,0,19,9,8,26,14,27,32,6,34,7,5,12,20,29,15,22,18,33,1
325;229;5789;1152;15,5,9,21,1,10,7,17,6,18,14,22,23,34,27,31,2,33,12,26,8,30,32,16,11,20,13,19,3,4,29,0,28,25,24
326;234;6209;1136;0,16,30,25,5,24,20,4,13,6,3,19,8,11,29,28,32,22,12,26,14,7,23,2,31,34,15,17,1,10,21,33,27,9,18
327;253;6364;1167;4,11,30,25,29,24,5,20,8,16,3,19,6,0,13,32,28,22,12,26,15,9,21,7,33,10,14,2,31,17,23,1,18,34,27
328;222;6621;1241;20,27,19,3,29,11,8,4,12,5,18,34,32,22,6,16,30,1,0,13,25,17,31,23,26,7,28,10,2,9,24,21,33,14,15
329;230;8096;2106;20,30,5,27,0,34,16,21,3,13,22,25,17,24,29,6,32,11,12,26,8,23,2,18,1,19,9,31,7,10,4,33,28,14,15
330;327;14094;3367;31,2,18,19,0,16,15,4,9,13,33,10,7,21,17,1,11,14,8,26,34,24,29,5,20,32,6,22,30,12,27,3,25,28,23
331;230;8714;1625;32,10,16,11,22,0,6,15,4,7,3,23,5,9,18,13,19,29,12,26,20,31,34,30,25,14,24,28,1,27,33,8,21,2,17
332;232;8311;1577;19,27,16,0,22,13,21,29,14,5,18,15,17,34,6,1,11,31,8,26,9,25,2,10,3,7,23,32,24,4,12,30,33,20,28
333;233;5408;1009;22,27,5,1,14,29,21,31,20,16,34,19,17,18,13,6,33,15,8,26,12,25,7,4,3,23,32,9,24,10,2,30,11,28,0
334;238;7277;1379;12,4,20,27,19,22,33,18,32,13,8,0,1,11,16,29,34,7,5,6,15,21,31,14,28,17,23,10,25,2,9,26,24,3,30
335;265;9825;1798;14,1,5,27,16,22,7,31,8,18,6,29,19,33,15,34,20,13,12,26,9,30,0,10,28,3,23,4,24,11,32,25,21,2,17
336;249;7484;1421;22,27,29,32,18,12,19,0,20,16,5,3,11,34,13,6,4,30,8,26,33,31,14,28,25,24,23,7,10,15,1,9,21,2,17
337;240;10901;2464;14,5,2,10,7,31,28,1,34,23,17,15,33,6,29,21,9,22,8,26,12,19,24,4,0,25,11,3,16,30,32,13,18,20,27
338;247;12845;3333;8,9,34,22,17,27,21,31,1,4,6,2,10,18,29,5,32,7,12,26,25,19,23,28,13,20,0,30,11,3,24,16,33,14,15
339;243;7291;1352;34,6,24,20,8,32,4,17,14,29,27,15,2,5,22,25,21,7,12,26,19,9,33,11,13,10,16,18,3,1,31,0,30,28,23
340;226;6226;1270;14,5,17,13,23,2,10,4,6,7,29,22,32,34,15,21,0,9,8,26,25,19,11,24,3,16,30,33,31,1,28,20,18,12,27
341;247;7356;1366;19,13,18,20,29,27,2,22,16,32,12,0,7,11,4,31,33,17,1,8,15,25,9,5,3,21,6,34,24,10,14,30,23,26,28
342;244;7399;1340;2,17,4,33,25,1,28,23,31,9,8,29,24,21,10,32,7,18,12,26,15,11,27,5,20,19,6,34,3,22,14,30,16,0,13
343;245;9726;1872;0,16,9,7,21,33,14,10,13,17,18,19,31,11,2,1,4,15,8,26,12,3,29,6,22,23,5,34,30,27,32,20,28,25,24
344;277;15127;2654;29,0,34,15,2,14,7,32,13,17,6,11,4,16,21,5,22,19,12,26,20,27,23,3,24,31,30,28,9,10,33,25,18,8,1
345;300;18190;3994;10,17,24,23,11,32,16,7,21,0,9,31,13,2,4,25,28,19,12,26,1,34,30,20,22,3,8,27,6,18,33,5,29,15,14
346;264;12254;2934;20,30,5,27,10,22,17,31,3,23,6,25,21,24,28,34,15,2,14,26,33,11,7,1,12,16,8,18,4,19,9,32,29,0,13
347;287;15083;2728;20,3,5,34,4,29,18,16,12,24,22,8,11,30,32,6,27,19,0,13,15,10,17,28,33,21,23,7,9,2,14,26,25,31,1
348;239;5447;1027;16,11,32,18,2,1,10,31,13,17,4,0,21,19,29,8,9,7,12,26,34,3,33,6,22,23,5,14,30,15,27,20,28,25,24
349;247;7323;1377;13,11,5,14,18,34,7,1,0,27,29,19,33,16,22,6,15,20,8,26,28,31,17,24,3,2,30,25,9,21,23,10,4,12,32
350;271;11470;1998;25,28,17,4,7,32,33,11,24,9,2,30,0,23,10,21,31,3,12,26,15,22,13,27,34,20,14,18,6,16,19,5,29,8,1
351;362;19088;3517;16,0,18,31,17,9,21,10,13,4,19,29,2,11,8,1,7,23,33,26,15,20,22,5,12,32,6,34,30,27,14,3,28,25,24
352;246;7692;2069;29,0,4,33,19,1,24,21,13,2,8,16,20,11,17,32,7,30,12,26,9,22,25,31,34,28,27,10,6,23,18,5,3,14,15
353;277;9315;2378;27,5,30,25,10,24,2,21,34,29,20,31,17,6,22,3,32,23,12,26,0,7,4,11,8,9,19,16,33,18,13,1,28,14,15
354;265;13026;2368;6,34,16,12,19,18,0,4,14,22,29,15,11,5,27,13,32,20,8,26,33,25,17,31,10,21,9,7,28,2,1,23,24,3,30
355;249;8245;1575;27,18,5,29,32,22,24,21,31,10,34,12,25,9,2,6,17,4,1,8,26,15,7,20,3,14,30,28,13,23,33,0,19,16,11
356;236;8196;1480;23,10,24,3,1,30,27,22,9,17,25,31,7,2,21,28,20,18,33,26,12,15,4,6,8,14,29,5,16,34,32,13,19,0,11
357;265;11349;2068;14,6,33,23,18,7,10,19,34,20,15,27,9,5,22,1,28,31,8,26,0,24,21,13,11,25,16,17,30,2,29,3,4,12,32
358;265;10695;2093;3,13,24,23,31,25,2,21,0,19,30,9,17,16,11,28,10,7,33,26,12,27,32,6,34,4,5,22,15,29,20,14,18,8,1
359;255;5201;1053;20,30,22,6,28,5,7,29,3,15,27,25,33,24,14,34,32,23,12,26,8,18,21,11,13,1,0,2,19,17,4,16,10,9,31
360;297;20062;4631;15,5,33,17,23,21,9,31,6,29,14,22,10,34,7,1,2,28,8,26,0,20,27,19,4,25,11,16,32,18,13,12,24,3,30
361;272;15428;2987;3,5,24,28,10,25,1,7,6,27,20,9,31,34,22,30,23,18,33,26,8,29,15,0,4,14,13,11,12,16,19,32,21,2,17
362;238;6819;1320;3,24,5,27,31,22,2,21,30,10,6,28,17,25,23,34,20,15,14,26,33,4,29,18,8,7,1,16,32,13,9,12,19,0,11
363;229;4404;978;13,16,8,17,10,29,28,24,0,9,4,18,25,11,2,32,21,23,12,26,33,22,30,15,20,19,14,7,5,3,1,6,27,31,34
364;213;5628;1186;13,11,33,32,15,4,21,17,0,18,1,19,2,16,7,8,29,14,12,26,6,28,22,20,30,31,3,34,25,27,5,24,23,9,10
365;267;11019;2015;8,9,2,17,11,21,0,13,31,18,4,19,16,10,1,32,29,7,12,26,34,24,15,5,20,33,6,22,30,14,27,3,23,25,28
366;218;5394;1084;23,10,24,28,19,25,16,13,9,17,3,31,11,2,21,30,0,18,20,26,14,1,33,34,6,7,5,22,8,27,15,29,4,12,32
367;261;8367;1657;25,3,4,21,11,2,13,8,28,23,24,0,29,30,10,32,17,16,12,26,20,34,19,15,22,31,14,7,6,1,33,5,27,9,18
368;209;8211;2111;27,5,16,19,21,18,10,9,34,17,31,22,2,6,29,13,11,3,0,26,8,20,23,1,28,4,33,15,32,7,14,12,30,25,24
369;288;10780;2228;28,1,3,25,9,24,22,27,8,10,20,31,18,33,23,30,4,7,32,12,13,19,34,16,11,17,0,6,15,5,29,14,2,26,21
370;269;11883;2424;11,19,13,32,2,4,7,17,16,31,0,9,21,18,1,8,29,10,12,26,6,25,23,5,22,28,34,14,20,15,33,27,24,3,30
371;260;13605;2549;28,24,10,32,17,9,0,7,25,21,23,31,11,30,2,3,4,19,12,26,8,15,18,29,5,33,6,13,14,16,1,34,27,20,22
372;266;11557;2075;34,15,22,32,17,29,2,25,14,16,5,18,21,27,13,6,24,9,12,26,20,31,4,30,33,10,3,1,23,7,8,28,19,0,11
373;361;22553;4294;30,25,22,34,16,5,21,29,24,13,20,0,17,28,23,6,27,11,3,26,8,31,2,12,1,10,33,32,18,7,4,9,19,14,15
374;309;20658;4902;11,13,8,33,28,1,22,15,0,18,4,29,14,16,19,32,7,23,12,26,6,10,20,3,24,31,30,34,9,27,5,25,17,2,21
375;265;11059;2115;3,24,16,19,1,11,27,29,30,20,13,28,18,25,8,0,4,33,32,12,26,34,17,10,23,7,9,2,5,21,31,6,22,14,15
376;257;8214;1555;29,5,19,11,20,16,33,7,6,27,14,8,1,34,22,15,18,31,13,0,26,3,17,23,25,2,28,10,30,21,9,24,4,12,32
377;239;6714;1296;34,5,28,7,17,33,2,31,6,0,14,29,21,22,23,15,1,13,8,26,12,24,18,4,20,27,32,11,3,16,19,30,10,25,9
378;266;4961;1011;33,8,5,27,7,22,0,13,14,18,6,15,16,1,29,34,20,19,12,26,3,2,11,25,23,4,28,24,9,32,30,10,17,31,21
379;282;17955;3254;1,29,34,15,2,14,9,23,8,21,6,31,10,17,7,5,22,4,33,26,28,13,27,25,30,18,24,12,0,32,20,3,16,19,11
380;242;9117;2007;23,11,25,30,7,24,31,21,0,2,28,9,17,4,10,32,3,33,12,26,15,22,13,14,34,20,27,18,6,16,19,5,29,8,1
381;245;11371;2846;0,19,18,33,34,1,27,7,11,5,16,14,22,15,6,13,29,20,8,26,23,17,3,25,10,31,9,24,2,30,28,21,4,12,32
382;269;13189;2605;13,11,34,22,20,27,31,8,0,19,6,3,1,16,18,5,29,30,15,14,33,17,23,32,26,10,12,4,21,7,28,2,9,25,24
383;281;16820;3023;34,5,15,33,18,1,2,32,6,20,14,29,4,22,27,8,7,9,12,26,3,13,17,30,25,23,24,10,0,21,31,28,16,19,11
384;217;7012;1415;10,2,4,25,16,8,11,1,9,29,31,13,18,21,17,32,24,19,12,26,34,28,3,6,22,23,5,20,15,30,27,14,7,0,33
385;279;10698;1948;14,19,34,20,28,22,24,29,15,13,6,0,18,11,16,5,27,25,30,3,26,7,17,9,33,2,31,10,8,21,23,1,4,12,32
386;289;15050;2757;27,6,25,3,31,30,18,10,34,29,20,8,9,5,22,24,4,1,32,12,16,33,23,0,15,7,13,19,26,28,11,14,17,2,21
387;294;12858;3182;29,0,34,14,19,22,7,1,13,18,6,11,33,16,27,5,15,20,8,26,28,31,32,30,23,4,3,24,9,25,12,10,21,2,17
388;262;8697;1967;27,6,33,16,13,18,7,11,34,22,8,29,0,5,20,1,19,31,15,14,12,3,17,32,25,30,24,2,10,21,4,9,28,26,23
389;247;7943;1659;2,21,1,4,23,8,18,29,14,9,31,15,7,17,10,33,32,28,12,26,25,0,6,24,30,22,20,34,13,5,27,3,19,16,11
390;269;12659;2302;0,16,11,7,10,33,21,2,13,31,19,23,17,18,9,1,4,28,8,26,34,32,15,6,22,25,5,27,12,29,14,20,24,3,30
391;216;6086;1190;15,5,13,11,29,16,21,7,6,23,28,22,17,34,14,0,19,2,33,26,20,31,3,24,12,10,25,32,1,4,30,8,27,9,18
392;239;5325;1194;8,13,2,21,18,17,7,10,29,11,4,16,9,0,1,32,31,19,12,26,24,22,33,3,20,27,30,28,15,23,25,14,34,6,5
393;234;6873;1322;13,11,29,5,2,6,21,7,0,15,8,19,17,16,14,1,34,4,33,26,20,28,18,32,25,9,12,27,30,31,22,24,10,3,23
394;243;7206;1394;22,13,34,30,27,3,29,24,20,11,6,19,25,16,0,5,28,18,15,14,26,33,17,10,31,7,9,2,8,21,23,1,4,12,32
395;310;14206;3191;31,10,18,16,7,19,32,13,9,17,1,4,0,2,21,33,11,23,12,26,34,15,8,5,20,14,6,22,30,29,27,3,25,28,24
396;270;12888;3430;34,6,20,18,23,1,10,19,14,7,27,15,9,5,22,33,31,28,12,26,8,25,16,0,3,29,13,4,24,11,32,30,21,2,17
397;240;9910;1932;16,18,13,29,31,4,10,21,19,7,11,9,2,1,33,0,17,23,8,26,3,15,22,20,24,27,30,5,28,34,6,25,14,12,32
398;241;7106;1452;1,16,15,5,20,34,13,29,19,27,33,11,7,18,22,14,6,0,8,26,9,30,17,10,28,3,23,2,24,21,31,25,4,12,32
399;324;22168;3926;16,0,18,4,17,9,21,10,13,31,1,19,2,11,29,8,32,7,12,26,3,34,23,30,22,27,20,24,6,28,25,5,33,14,15
400;258;9279;1641;13,11,5,14,18,34,33,20,0,27,29,19,1,16,22,6,15,7,8,26,3,4,17,24,10,31,25,2,32,21,30,9,23,12,28
401;274;10585;1899;31,10,28,14,30,33,4,7,25,17,23,24,9,21,2,1,15,3,8,26,16,22,11,18,34,29,27,13,6,0,19,5,20,12,32
402;259;9807;2519;1,32,13,11,17,0,10,31,8,2,18,29,21,4,9,16,19,7,12,26,20,28,25,27,34,23,22,30,6,24,3,5,33,15,14
403;249;14586;3328;27,5,10,21,13,2,15,23,34,29,9,22,14,6,18,31,17,16,12,26,8,28,7,1,20,25,33,4,3,24,32,30,19,0,11
404;256;7254;1440;19,13,27,15,17,14,2,29,0,1,31,11,7,16,18,34,22,21,5,6,12,23,8,3,24,10,30,32,28,4,20,25,9,26,33
405;299;18161;3205;6,5,1,29,7,20,21,4,14,27,33,15,17,34,22,8,32,2,12,26,13,28,18,0,30,31,3,11,25,19,16,24,23,9,10
406;263;8448;1499;28,10,30,4,31,3,5,29,23,17,25,9,6,2,21,24,8,34,32,12,20,7,11,16,19,22,18,13,33,0,27,1,15,26,14
407;207;7162;1391;34,5,33,18,2,27,21,31,6,7,14,23,10,22,15,1,9,17,8,26,12,19,20,32,25,28,24,30,0,3,4,11,29,13,16
408;259;8419;1509;30,25,5,22,17,34,2,14,3,32,20,8,21,24,29,6,27,4,12,26,0,1,15,11,13,23,19,33,18,7,28,16,10,31,9
409;249;5880;1267;22,5,30,25,15,24,7,33,6,28,20,14,23,34,27,3,32,29,12,26,9,4,21,18,8,17,1,31,13,2,10,16,19,0,11
410;247;8836;2308;20,30,5,27,23,34,32,33,3,28,22,25,7,24,15,6,14,29,12,26,0,21,9,11,31,10,19,16,17,18,13,2,4,8,1
411;250;8439;2178;9,19,4,33,21,32,24,2,18,10,1,16,17,11,31,8,7,25,12,26,34,14,13,5,20,0,6,22,30,29,27,3,23,15,28
412;256;10260;2248;2,31,4,33,25,32,13,29,9,21,1,18,24,10,17,8,7,16,12,26,3,34,11,14,22,27,15,20,6,19,30,5,23,0,28
413;248;10175;1868;27,6,3,32,1,12,11,33,34,8,20,29,7,5,22,30,4,0,25,24,26,31,15,21,2,19,17,23,9,14,28,10,18,13,16
414;252;7113;1388;22,20,5,15,28,14,23,33,12,24,34,30,7,27,32,6,29,25,8,26,31,11,17,10,18,4,9,2,16,21,1,19,3,0,13
415;298;15087;2783;8,33,34,22,13,27,11,29,1,16,6,31,7,18,19,5,20,0,15,14,12,10,4,2,24,3,21,17,9,30,32,25,28,26,23
416;241;9348;1845;24,21,3,10,5,23,1,31,25,6,30,29,34,17,2,28,9,8,33,26,0,7,20,16,19,22,11,18,15,27,13,14,4,12,32
417;267;10153;2493;20,30,4,1,27,8,10,19,3,18,12,25,31,24,16,32,11,9,33,26,0,17,2,15,13,21,14,23,29,7,28,22,34,6,5
418;281;10695;2315;27,22,16,11,15,13,30,29,20,5,19,14,3,34,6,18,0,33,1,8,31,21,7,9,2,17,10,32,23,4,12,26,24,28,25
419;242;8608;1881;28,24,5,23,0,15,29,2,25,9,6,3,17,30,10,34,21,13,14,26,20,4,7,33,8,31,1,18,32,27,22,12,16,19,11
420;258;8234;1497;9,2,4,33,19,32,11,24,31,21,1,17,25,10,18,8,7,16,12,26,28,34,3,15,22,27,14,20,6,30,23,5,29,0,13
421;291;11048;2018;6,34,29,2,7,4,33,21,5,15,8,27,1,22,14,32,17,20,12,26,0,24,31,16,28,23,13,11,30,18,19,3,10,25,9
422;233;9310;1731;22,5,1,12,19,33,11,32,6,18,20,29,4,34,27,8,7,16,15,14,26,21,31,3,28,2,30,23,25,10,9,24,17,0,13
423;276;10989;2110;6,34,0,18,19,16,7,11,5,15,29,22,33,27,14,13,1,20,8,26,12,2,4,30,25,23,24,3,10,28,32,9,17,31,21
424;288;20793;4502;14,2,5,29,10,34,28,7,21,33,15,31,23,17,1,6,22,9,8,26,0,12,18,16,3,27,13,11,20,4,19,30,32,25,24
425;259;12081;2653;10,23,24,17,0,2,7,4,9,3,25,31,11,28,30,21,32,19,12,26,8,15,18,29,5,33,6,13,14,16,1,34,27,20,22
426;243;7697;1497;31,25,5,18,2,27,17,29,9,32,6,24,4,10,12,34,22,21,1,8,20,23,13,11,0,7,19,30,28,16,3,33,15,26,14
427;256;8294;1637;27,5,32,25,4,24,9,23,34,29,12,8,10,6,22,20,28,31,30,3,0,15,33,16,19,7,11,18,14,1,13,26,17,2,21
428;266;8833;1640;0,16,5,14,30,34,23,7,13,20,15,3,28,11,19,6,22,29,33,26,8,2,27,24,31,17,25,21,10,18,1,9,4,12,32
429;271;10916;2016;14,5,31,17,23,2,18,10,15,22,33,6,9,34,7,1,21,27,8,26,24,19,28,12,4,3,32,30,0,20,25,11,29,13,16
430;323;28574;5867;0,19,17,2,27,21,20,33,11,18,13,31,7,16,1,29,4,22,8,26,12,5,10,25,30,9,24,28,6,23,32,3,34,14,15
431;272;14600;3354;10,25,4,21,11,2,19,7,9,28,31,30,0,24,23,32,17,3,12,26,8,27,13,1,14,15,18,29,22,16,33,20,34,6,5
432;240;8650;1569;34,5,3,24,17,30,23,32,6,21,27,29,10,22,31,20,25,2,12,26,14,18,28,0,16,4,13,11,1,19,15,8,7,9,33
433;269;13335;2468;21,13,24,3,5,30,11,23,0,6,28,29,34,17,2,25,10,16,9,26,20,7,27,15,33,31,14,19,8,18,22,1,4,12,32
434;269;8949;1662;29,16,5,22,2,27,31,7,13,21,6,9,23,18,17,34,15,10,14,26,8,20,33,25,28,4,24,12,3,32,1,30,19,0,11
435;263;7720;1596;25,28,10,21,8,2,29,4,24,7,9,0,32,23,1,31,17,13,33,26,3,22,11,15,20,18,14,19,5,16,30,6,27,12,34
436;302;24508;4964;29,1,5,22,11,27,7,15,8,16,6,0,4,13,18,34,14,19,32,12,26,21,33,30,25,23,24,3,10,28,20,9,17,31,2
437;239;9245;2384;13,3,29,2,28,17,9,10,0,25,4,11,23,30,24,32,21,16,12,26,6,31,7,5,22,19,34,14,27,33,15,20,18,8,1
438;253;7676;1676;14,33,5,29,2,22,18,27,15,17,34,7,31,1,21,6,20,19,8,26,25,11,10,24,3,4,30,28,12,23,9,32,16,0,13
439;236;9728;1844;6,34,3,29,0,30,11,25,5,16,22,18,28,27,13,20,24,19,32,12,8,17,7,33,31,23,1,10,21,9,4,2,15,26,14
440;252;13513;2430;14,33,5,27,2,22,21,23,15,9,34,7,10,1,18,6,31,17,12,26,8,16,28,32,11,19,4,24,13,25,29,0,20,3,30
441;271;7273;1481;15,21,11,29,34,31,10,7,14,5,19,2,23,17,6,16,22,9,13,0,26,4,3,33,8,30,1,20,32,27,18,12,28,25,24
442;252;9351;1738;27,6,3,25,33,24,7,32,34,15,20,14,23,5,22,30,28,29,12,26,13,18,21,11,19,2,16,4,1,17,0,8,10,31,9
443;269;13349;2812;1,9,34,6,2,5,21,29,33,7,15,31,17,18,27,14,22,10,8,26,3,11,4,30,25,23,24,12,0,32,20,28,19,13,16
444;275;11062;2789;0,16,5,27,28,34,25,20,13,30,15,19,24,11,3,6,22,18,14,26,12,21,33,32,31,7,4,29,17,1,8,2,23,9,10
445;245;7224;1482;5,34,24,28,32,25,9,10,6,22,3,12,31,27,20,30,23,29,15,14,0,4,21,16,19,7,11,2,33,17,13,26,18,8,1
446;269;14449;2804;27,6,30,25,10,24,2,15,34,23,3,31,21,5,22,20,28,17,14,26,33,11,7,1,12,16,8,18,4,19,9,32,29,0,13
447;263;12416;2215;29,2,16,32,10,11,30,19,17,25,13,31,3,21,24,0,4,9,12,26,20,14,18,27,34,7,22,33,6,1,8,5,23,15,28
448;232;9172;1657;29,13,5,14,33,34,7,32,8,18,22,1,20,16,27,6,15,19,12,26,3,10,17,30,25,11,24,2,23,21,4,28,0,9,31
449;237;6980;1375;23,30,10,4,22,9,34,6,28,0,24,20,5,3,11,25,7,27,32,12,8,18,2,33,26,31,1,17,16,21,29,13,19,14,15
450;246;11109;2091;23,25,21,17,3,2,18,7,28,15,10,30,1,24,14,9,31,19,33,26,12,13,32,34,6,4,5,22,8,27,20,29,16,0,11
451;262;5070;1495;33,8,15,21,25,2,24,32,1,9,31,23,4,7,10,14,17,28,12,26,13,18,11,6,34,19,5,29,27,16,0,22,3,20,30
452;260;11199;2979;3,13,5,28,29,15,21,24,0,11,6,19,25,16,30,34,23,17,14,26,12,31,2,8,1,10,33,4,18,7,32,9,22,20,27
453;310;21979;4088;6,5,29,18,20,16,19,33,14,22,0,15,7,34,27,13,1,11,8,26,9,3,17,23,25,2,28,10,30,21,31,24,4,12,32
454;256;10228;1880;16,0,9,4,30,12,23,7,13,20,33,3,10,11,19,18,32,28,1,8,25,21,29,6,34,31,5,27,15,22,24,14,17,26,2
455;285;9022;1590;28,1,30,4,23,32,17,2,8,7,25,15,21,33,0,24,11,14,12,26,9,29,10,16,27,3,18,13,22,31,19,20,34,6,5
456;237;6203;1142;10,25,2,32,33,17,14,8,9,7,31,28,1,24,23,21,4,15,12,26,0,19,27,5,13,18,6,22,11,29,34,16,20,3,30
457;228;7225;1313;15,6,30,11,27,16,7,23,14,22,28,34,18,5,20,3,19,33,13,0,26,25,17,1,31,4,8,21,9,2,29,10,24,12,32
458;219;6917;1387;22,5,27,16,3,13,15,4,6,11,20,0,14,34,19,29,18,30,32,12,26,28,17,10,23,7,9,2,1,21,31,33,24,8,25
459;212;4855;1109;11,25,16,3,21,13,31,29,4,2,9,32,17,24,10,18,30,19,1,8,14,27,7,6,34,23,5,15,20,28,33,22,0,26,12
460;234;6582;1733;31,10,14,7,34,15,22,6,9,17,1,18,5,2,21,33,29,27,8,26,16,20,32,13,3,12,0,11,24,4,19,30,23,25,28
461;240;8541;2251;22,12,5,15,32,14,2,7,20,9,34,31,4,27,18,6,33,10,1,8,13,25,17,16,0,23,11,19,28,21,29,26,24,3,30
462;256;8322;1736;28,30,10,4,13,32,29,21,3,11,23,0,17,24,25,9,2,16,12,26,1,27,31,33,14,18,15,7,22,19,8,20,34,6,5
463;241;7333;1388;24,30,28,10,31,23,18,7,12,4,25,20,2,3,32,33,9,27,1,8,26,34,21,16,29,19,13,11,5,17,0,6,22,15,14
464;292;11497;2136;1,31,19,0,2,11,21,32,33,4,18,10,17,9,7,16,13,23,12,26,14,20,29,6,34,27,5,15,30,22,8,3,28,25,24
465;268;13079;2270;4,1,17,24,7,21,0,28,8,9,2,33,23,31,10,32,25,11,12,26,3,29,27,34,6,18,5,22,16,20,30,13,19,14,15
466;224;6003;1151;6,5,1,20,18,33,11,7,14,27,29,15,19,34,22,8,4,16,32,12,26,9,13,24,28,2,25,21,10,17,0,23,31,3,30
467;269;13349;2635;29,27,16,19,15,0,28,3,20,5,13,34,30,22,6,18,11,14,1,8,31,25,7,10,2,4,9,17,26,23,33,21,24,12,32
468;212;7544;2048;3,24,23,5,2,6,13,29,30,10,28,9,17,25,21,15,34,0,14,26,33,18,7,31,1,32,12,27,19,22,20,8,4,16,11
469;234;11944;2765;0,16,5,14,30,34,23,7,13,20,22,3,28,11,19,6,15,29,33,26,25,18,17,10,31,27,9,2,8,21,24,1,4,12,32
470;250;7056;1358;20,13,5,27,11,34,21,18,3,19,22,30,17,16,29,6,15,0,14,26,8,23,31,4,12,2,32,33,10,7,1,9,28,25,24
471;329;22741;4086;31,23,1,17,25,2,14,32,9,4,8,28,24,10,7,33,21,15,12,26,6,29,34,20,3,18,30,22,16,27,5,13,19,0,11
472;272;13992;2600;11,13,30,28,27,25,33,8,0,18,3,19,1,16,20,24,4,7,32,12,26,34,9,21,15,17,14,2,5,10,31,6,23,22,29
473;270;13090;2601;11,13,9,31,21,4,15,33,16,17,19,29,7,0,2,18,10,14,1,8,6,24,32,5,20,25,22,34,30,27,12,3,23,26,28
474;254;7566;1981;13,11,10,21,3,2,24,32,0,18,9,19,25,16,4,31,17,30,12,26,15,8,29,5,22,7,6,34,33,27,14,20,1,28,23
475;273;15901;3353;31,32,18,33,2,27,17,7,12,25,9,24,21,4,10,1,20,30,8,26,22,0,3,6,34,11,5,13,15,16,29,14,19,28,23
476;271;13796;2586;0,11,9,1,10,18,29,7,19,17,13,31,21,4,2,16,8,23,33,26,20,30,32,6,34,3,5,27,15,12,22,14,24,28,25
477;281;12164;2167;24,0,20,5,11,6,19,32,25,27,30,13,29,28,34,3,22,16,12,26,14,10,23,21,2,4,17,33,9,7,15,31,18,8,1
478;282;10816;1924;19,17,11,18,23,16,15,33,31,10,0,21,7,2,9,13,4,14,8,1,6,32,28,34,22,24,5,27,12,25,29,20,30,26,3
479;253;6622;1262;3,24,27,5,10,34,17,15,30,23,20,28,2,25,21,22,6,31,14,26,12,19,9,33,8,7,1,4,16,18,32,11,29,0,13
480;271;9092;1644;5,3,34,22,19,27,11,18,6,25,15,28,16,30,24,14,20,23,12,26,0,21,7,13,1,33,8,29,2,4,32,17,10,31,9
481;280;7743;1698;1,13,5,27,11,22,32,12,8,16,6,0,19,29,18,34,20,4,33,26,15,25,7,2,10,31,9,21,28,17,14,23,24,3,30
482;279;8408;2198;14,9,5,22,31,27,2,17,15,16,34,3,21,18,13,6,29,10,12,26,20,11,7,30,28,19,24,33,0,23,32,25,4,8,1
483;241;7843;2022;3,27,31,9,22,10,16,18,30,5,24,20,11,34,6,25,4,19,32,12,26,7,2,13,8,14,0,17,33,21,29,1,15,28,23
484;273;10413;1888;18,31,16,11,13,19,32,7,9,17,1,21,0,10,2,8,4,29,33,26,24,22,14,3,20,15,30,28,34,23,25,27,5,12,6
485;237;6996;1349;20,30,5,27,11,34,18,15,3,16,22,0,19,13,29,6,14,28,12,26,25,10,17,32,8,31,4,2,9,21,24,1,23,33,7
486;248;10319;1907;22,6,32,33,16,4,11,18,29,34,20,13,19,5,27,12,7,0,1,8,24,2,9,25,23,31,28,3,21,10,30,26,17,14,15
487;261;10680;1884;27,5,16,11,12,0,7,4,34,22,18,14,32,6,29,13,19,15,1,8,26,2,20,31,10,17,9,23,25,28,33,21,24,3,30
488;260;9435;1838;29,16,4,18,19,1,31,10,13,17,8,0,21,11,2,32,9,7,12,26,24,34,33,30,20,27,3,28,5,23,25,6,22,15,14
489;263;10958;2156;30,24,13,11,21,16,2,31,28,10,3,9,17,25,23,0,19,18,12,26,22,8,32,6,34,4,5,27,15,29,20,14,7,1,33
490;306;11053;2779;14,21,5,22,9,15,18,1,2,10,34,31,27,17,23,6,7,29,33,26,12,19,25,32,30,28,20,4,11,24,8,3,16,0,13
491;270;12992;2769;28,14,19,1,30,11,10,9,15,20,33,22,3,23,7,16,18,31,13,0,12,4,5,25,32,29,24,34,8,6,27,26,17,2,21
492;243;6767;1254;27,18,5,14,2,22,17,7,1,10,34,31,21,9,23,6,15,29,33,26,12,11,20,4,24,19,32,25,3,28,8,30,16,0,13
493;238;7825;1505;34,5,18,17,25,2,32,31,6,13,27,16,10,22,29,9,21,24,12,26,15,30,1,23,0,20,28,33,11,7,14,19,3,8,4
494;197;6051;1124;15,0,5,22,16,34,19,21,28,17,14,13,2,23,29,6,7,11,33,26,12,31,4,32,25,10,24,30,1,3,20,8,27,9,18
495;228;10310;1813;25,30,10,21,11,2,33,1,28,32,23,3,7,24,4,9,17,0,8,26,12,6,19,15,27,13,14,18,5,16,31,34,29,20,22
496;268;9636;1724;27,5,30,25,23,24,10,33,34,28,20,15,7,6,22,3,32,14,12,26,9,29,21,18,8,4,1,2,13,17,31,16,19,0,11
497;265;15103;3489;29,5,4,16,31,18,9,11,6,22,12,3,19,34,27,32,13,10,1,8,26,23,2,20,24,7,30,21,28,17,33,25,0,14,15
498;284;11867;2951;29,1,22,14,2,34,21,27,8,32,6,4,17,33,7,5,15,20,12,26,9,3,18,23,25,16,28,10,30,19,31,24,11,0,13
499;256;10541;1860;3,24,9,4,23,2,19,7,25,17,10,28,11,30,21,31,32,0,12,26,14,1,20,34,6,33,5,22,29,27,15,8,18,13,16
