0;301;13382;2159;28,23,21,5,17,9,8,1,26,25,16,12,10,3,4,19,27,13,20,14,18,7,24,29,11,2,6,15,0,22
1;311;14461;2972;1,15,21,27,29,0,14,23,2,16,20,22,28,9,4,7,25,17,19,5,26,10,24,8,6,3,12,18,11,13
2;301;8236;1319;3,25,21,28,27,8,5,23,1,9,7,12,20,17,18,19,0,4,10,26,6,16,24,22,11,15,13,14,29,2
3;318;8446;1306;18,13,12,7,20,14,19,11,16,29,5,26,21,9,23,28,10,8,27,25,22,3,6,1,17,4,24,15,0,2
4;320;14070;2327;3,2,15,27,21,1,8,0,23,25,14,12,20,17,18,16,7,22,29,26,6,19,4,13,11,10,5,28,9,24
5;305;13878;2238;2,20,0,7,4,16,10,15,17,19,29,12,28,9,5,14,8,21,13,23,18,27,1,25,11,3,24,22,26,6
6;298;10972;1694;3,9,28,10,26,8,7,5,22,25,2,0,23,21,18,29,17,16,27,14,12,19,11,20,15,1,13,6,4,24
7;274;9431;1599;5,26,7,28,23,17,21,13,22,9,16,12,19,20,10,29,8,3,14,1,18,27,4,25,11,2,24,15,0,6
8;299;9744;1785;3,18,11,10,16,17,19,12,20,7,29,28,27,25,8,14,22,23,2,21,9,13,6,1,5,26,24,15,0,4
9;264;8668;1776;2,19,7,27,16,10,14,13,20,29,28,15,18,11,12,9,21,22,5,26,6,23,24,17,0,4,1,25,8,3
10;269;8005;1836;29,9,28,14,23,27,25,5,21,8,19,12,10,3,18,20,26,6,16,17,4,7,24,13,11,22,2,15,0,1
11;300;12272;1876;27,9,23,26,8,28,5,21,25,22,29,15,16,19,20,13,17,7,14,10,2,3,24,4,0,6,11,12,18,1
12;311;14803;2361;28,27,29,5,23,8,25,14,21,9,16,6,0,15,26,20,3,17,2,7,4,19,24,10,22,13,12,11,18,1
13;309;10641;2043;3,18,11,19,20,4,7,12,17,10,13,21,28,5,9,14,0,25,16,8,1,29,2,27,23,15,6,22,26,24
14;294;14455;2219;3,11,18,16,7,10,19,4,12,20,28,8,9,23,1,5,15,22,27,21,26,17,24,6,25,0,13,14,29,2
15;292;9465;1595;27,21,1,28,9,25,8,24,23,5,29,15,20,19,16,13,10,12,14,11,2,7,4,18,0,3,6,26,17,22
16;318;15079;2919;4,21,13,3,9,1,8,24,23,25,12,0,7,19,20,18,28,14,11,29,16,10,2,27,15,5,22,17,26,6
17;271;7566;1380;21,18,11,23,4,5,9,12,24,28,25,16,27,2,29,1,0,19,8,10,20,3,13,7,14,15,22,26,17,6
18;329;13583;2531;14,2,0,29,7,16,19,15,10,20,28,22,9,21,23,5,3,8,27,25,26,17,24,1,6,13,11,12,18,4
19;401;17686;2678;20,10,3,16,29,7,14,13,2,19,25,15,17,26,22,8,28,23,1,21,6,27,24,9,0,5,12,11,18,4
20;315;13406;2312;7,16,0,10,14,20,29,15,2,19,1,24,8,17,26,25,28,23,3,21,22,27,6,9,13,5,18,12,11,4
21;344;11949;1958;28,2,0,5,14,16,29,15,13,27,19,26,25,1,8,20,10,23,7,21,22,3,6,9,17,4,11,12,18,24
22;252;6635;1068;2,20,0,7,4,16,10,15,17,19,29,12,3,25,1,27,5,21,14,23,18,8,13,9,11,28,24,22,26,6
23;333;14290;2142;19,25,3,16,26,8,17,1,22,20,21,12,28,5,14,9,7,29,23,27,18,10,4,2,11,13,6,15,0,24
24;268;8501;1805;10,18,4,3,11,5,9,6,12,28,21,15,14,29,16,27,26,20,23,19,2,17,13,7,0,22,1,25,8,24
25;308;10719;2303;16,11,0,27,18,2,29,15,12,14,28,6,17,20,26,9,25,7,5,19,4,8,24,10,22,3,1,21,23,13
26;301;8389;1401;18,17,11,3,22,1,8,12,26,25,27,15,7,19,10,29,5,16,28,20,0,14,4,13,2,6,21,23,9,24
27;284;11292;1937;14,2,0,29,20,16,7,15,13,19,23,12,9,8,1,27,10,25,21,5,18,28,4,3,11,6,22,17,26,24
28;284;9026;1407;23,14,1,16,18,29,27,13,2,21,9,6,7,19,10,28,25,26,5,20,22,8,24,17,4,3,15,12,11,0
29;358;21521;3403;27,1,23,28,5,25,9,21,18,8,14,6,20,17,26,16,3,13,29,7,4,19,24,10,22,2,11,15,0,12
30;323;14002;2177;7,15,2,4,11,0,12,13,24,18,29,21,28,5,9,27,16,25,10,8,1,19,3,14,23,20,17,26,22,6
31;296;11161;1722;23,16,0,21,14,20,29,15,2,19,12,22,17,10,4,11,5,13,18,7,26,3,24,28,6,9,1,25,8,27
32;318;14360;2908;3,7,10,14,16,19,20,4,13,29,28,12,25,8,1,5,23,22,27,26,11,9,6,17,18,21,24,0,15,2
33;303;8961;1523;25,23,21,8,17,9,26,1,24,22,5,13,20,19,16,27,18,7,28,10,29,3,2,4,14,6,12,0,15,11
34;346;21646;3272;5,21,11,28,9,1,8,12,23,25,4,15,20,19,16,10,27,14,3,29,2,7,24,13,0,18,6,26,17,22
35;334;14493;2738;1,18,11,25,9,5,8,12,4,28,21,15,20,19,16,27,3,14,23,29,2,10,13,7,0,17,24,22,26,6
36;257;6713;1075;18,21,11,3,9,1,8,12,23,25,13,15,16,20,2,29,28,10,27,19,4,14,6,7,0,5,22,26,17,24
37;307;14114;2143;23,22,15,9,5,26,28,0,6,17,25,13,1,29,14,21,7,16,8,19,10,27,4,20,3,2,11,12,18,24
38;274;12080;2026;28,0,15,5,11,16,18,24,12,14,8,22,23,21,17,25,19,20,9,3,6,1,4,10,26,7,13,29,27,2
39;350;25533;4526;27,25,1,28,21,8,9,24,23,5,12,15,14,29,16,18,3,7,11,19,2,20,13,10,0,4,17,22,26,6
40;320;13909;2324;27,25,1,28,21,8,9,24,23,5,10,12,2,0,15,7,20,14,4,29,18,19,13,16,11,3,22,17,26,6
41;280;11084;1755;9,2,21,28,19,7,29,23,10,27,15,12,17,26,18,5,3,22,0,25,6,8,24,1,11,13,20,16,14,4
42;255;6710;1157;5,10,4,28,16,7,19,6,14,20,15,12,3,25,1,9,26,21,0,23,18,8,24,17,11,22,2,27,29,13
43;251;5671;1031;5,22,6,28,23,26,21,4,17,9,25,0,3,10,20,1,7,19,8,14,16,27,2,29,15,13,12,11,18,24
44;323;14144;2186;27,23,21,28,5,25,9,1,18,8,14,6,20,17,26,16,3,13,29,7,4,19,24,10,22,2,11,15,0,12
45;255;12847;2068;8,22,4,25,7,26,3,6,13,10,20,12,29,14,5,16,17,28,19,9,11,27,21,23,18,1,2,15,0,24
46;301;10725;1954;28,15,2,5,16,27,14,13,0,29,7,12,17,26,22,20,8,18,19,3,6,10,4,25,11,1,24,9,23,21
47;278;9351;2319;21,18,11,28,17,5,23,12,26,9,25,13,27,16,29,1,10,20,8,19,2,3,24,7,14,4,6,15,0,22
48;301;18349;3119;5,21,11,28,9,1,8,12,23,25,27,15,20,19,16,29,3,7,18,10,2,14,24,4,0,13,6,26,17,22
49;289;8542;1413;8,1,3,27,14,25,19,13,2,29,7,12,4,22,18,5,23,26,10,17,6,28,24,9,11,21,0,15,20,16
50;286;10118;1807;27,21,1,28,9,25,8,24,23,5,14,15,18,11,12,29,7,16,3,19,0,10,4,20,2,13,6,26,17,22
51;240;10106;1663;5,16,0,28,7,20,19,15,14,10,9,6,17,8,26,23,18,11,4,25,12,21,24,1,22,3,13,27,29,2
52;293;8201;1274;20,10,3,16,14,7,29,13,4,19,27,26,0,21,15,28,25,23,2,9,22,5,6,8,17,1,11,12,18,24
53;279;6920;1111;3,26,22,1,0,17,25,6,15,8,14,13,16,19,20,29,21,10,5,28,7,27,4,9,2,23,12,11,18,24
54;255;9479;1608;9,22,26,5,4,7,10,17,6,28,25,0,21,19,20,23,3,14,8,29,16,1,2,27,15,13,12,11,18,24
55;277;12069;2639;27,23,26,5,25,9,8,22,21,28,29,15,16,19,20,13,17,7,14,10,2,3,24,4,0,6,12,11,18,1
56;282;8548;1536;3,1,21,28,8,25,5,23,27,9,7,12,20,26,17,19,4,22,10,0,6,16,24,15,11,18,13,14,29,2
57;274;8078;1443;3,7,10,14,16,19,20,4,13,29,28,12,18,8,26,5,21,17,27,9,22,25,6,23,11,1,15,0,2,24
58;282;13407;2146;3,18,10,20,11,7,16,4,12,19,28,15,9,23,22,5,25,26,27,17,6,21,24,8,0,1,13,29,14,2
59;291;8304;1455;2,9,28,29,21,27,23,5,8,14,16,12,0,15,17,20,10,26,19,22,18,7,24,6,11,4,13,3,25,1
60;287;9493;1655;3,26,22,19,10,17,7,6,4,20,16,15,21,23,25,14,5,8,13,27,1,29,2,9,0,28,11,12,18,24
61;312;10824;1701;19,2,0,7,26,16,17,15,22,20,14,1,10,4,8,27,21,5,29,28,3,18,13,9,25,23,12,11,6,24
62;285;9099;1471;5,18,12,9,21,25,23,11,1,8,27,22,7,10,17,2,14,20,28,19,4,29,6,16,26,13,15,0,3,24
63;256;8380;1467;3,16,0,4,7,20,19,15,24,10,21,11,9,28,18,23,27,5,1,8,22,25,6,26,12,17,13,14,29,2
64;322;15194;2776;18,26,11,5,23,17,9,12,22,28,1,13,16,20,19,14,25,7,21,29,10,27,4,2,3,8,24,15,0,6
65;286;6836;1408;7,4,15,28,23,10,21,0,24,9,20,12,14,29,27,16,3,1,19,8,18,5,2,25,11,13,22,26,17,6
66;297;11780;1977;27,18,11,5,23,21,9,12,1,28,6,4,20,19,7,3,0,16,17,29,13,2,24,14,10,15,22,26,8,25
67;359;17057;2675;28,18,11,27,25,5,8,12,1,9,13,0,26,17,22,2,19,4,3,7,6,10,24,20,15,16,14,23,29,21
68;278;8357;1667;3,26,17,28,7,23,9,13,22,21,20,12,25,8,1,16,0,14,19,29,18,5,2,27,11,15,4,10,6,24
69;297;9155;1506;14,2,0,29,7,16,19,15,13,20,28,12,17,26,22,5,25,23,27,9,18,8,6,21,11,1,4,3,10,24
70;314;16419;2697;28,26,22,5,9,8,1,6,17,25,2,13,29,14,10,3,12,19,27,16,7,18,24,20,4,11,21,0,15,23
71;362;12964;2068;5,1,15,14,29,25,27,0,2,8,23,4,3,19,7,9,22,20,21,16,6,28,24,17,10,26,11,12,18,13
72;320;9801;1902;19,6,17,7,10,22,3,20,4,26,5,21,9,8,25,14,16,1,28,27,15,29,0,2,23,13,12,11,18,24
73;290;11935;2537;3,23,21,1,0,9,8,24,15,25,28,4,19,16,20,7,2,14,5,29,11,27,12,18,10,13,22,17,26,6
74;291;11272;1719;23,26,22,21,17,13,14,6,24,29,3,15,25,8,1,9,12,27,10,5,2,28,4,18,0,11,16,19,7,20
75;262;5789;936;27,23,21,5,9,25,28,1,24,8,12,16,4,10,19,18,3,14,11,29,0,7,15,2,20,13,22,26,17,6
76;327;19322;3190;23,2,0,21,27,16,29,15,13,14,12,6,20,10,17,11,5,26,18,7,22,19,24,28,4,9,3,8,25,1
77;411;23467;3460;5,11,0,27,18,16,29,15,12,14,19,17,1,25,8,3,9,22,10,21,26,7,24,23,20,28,13,6,4,2
78;286;12547;2184;27,8,22,28,9,25,1,6,26,5,10,12,19,20,18,7,13,16,4,14,0,29,15,2,11,3,21,23,17,24
79;318;10561;2262;1,23,15,25,28,21,5,0,9,8,14,12,2,29,18,16,3,10,27,19,4,20,24,7,11,13,6,26,17,22
80;293;12697;2225;5,0,11,28,23,18,21,12,15,9,25,13,14,29,3,1,20,10,8,19,7,27,24,16,2,4,6,26,22,17
81;345;15535;2926;3,23,26,9,1,21,25,22,17,8,28,15,14,29,16,27,4,20,5,19,2,10,13,7,0,6,11,12,18,24
82;315;13683;3789;20,14,3,16,10,29,7,13,2,19,15,22,28,9,5,27,1,8,0,23,26,21,24,25,6,17,11,12,18,4
83;312;13072;3717;18,17,11,16,10,20,7,12,3,19,14,23,2,27,1,5,26,25,29,8,15,28,0,9,21,22,6,24,13,4
84;300;9611;2667;17,16,0,3,10,20,7,15,4,19,14,22,9,28,5,23,1,8,29,27,26,21,13,25,6,2,12,11,18,24
85;300;12713;3551;7,18,11,28,29,14,27,12,2,5,25,15,3,19,16,1,9,4,8,10,20,21,17,23,0,26,24,6,22,13
86;317;14471;4040;27,23,21,28,9,25,8,1,24,5,16,12,14,29,2,19,3,15,20,0,18,7,4,10,11,13,6,17,26,22
87;303;9039;2564;16,11,0,25,18,14,1,15,12,5,29,23,27,7,28,10,20,22,2,8,9,19,13,26,21,17,6,4,3,24
88;294;6506;1906;3,10,13,29,19,20,16,4,7,14,28,12,25,8,1,5,21,22,27,26,11,9,6,23,18,17,24,15,0,2
89;319;15246;4239;5,26,22,14,8,2,27,6,13,29,9,0,17,20,16,23,7,11,28,19,12,21,4,10,15,18,1,25,3,24
90;281;4395;1332;7,12,18,19,14,11,29,4,2,10,28,21,8,25,9,5,3,26,27,22,23,6,24,17,1,13,0,15,20,16
91;302;13201;3498;3,29,2,10,16,7,20,13,14,19,15,23,25,8,1,27,17,26,0,28,9,5,24,22,21,6,12,11,18,4
92;314;13455;3196;17,12,0,3,10,11,4,15,24,18,29,22,21,28,23,14,25,9,2,5,26,27,13,8,6,1,16,20,19,7
93;250;10251;2623;9,6,10,5,26,7,17,4,22,28,21,0,1,27,14,8,3,29,23,19,16,25,2,20,15,13,12,11,18,24
94;289;9824;2277;3,7,13,29,20,10,19,4,16,14,21,26,25,23,8,1,11,9,27,28,22,18,6,5,17,12,24,15,0,2
95;291;9363;2717;17,6,26,16,10,20,7,22,4,19,9,12,5,29,14,23,8,1,28,27,18,21,13,25,11,3,2,15,0,24
96;355;16709;4194;27,7,2,16,19,29,20,24,13,14,28,15,9,21,23,22,17,1,5,8,11,26,12,25,0,18,4,6,3,10
97;281;6834;1637;7,2,10,29,16,20,14,4,18,19,28,22,1,25,8,5,3,9,27,23,26,21,24,17,6,13,15,12,11,0
98;267;10310;2380;1,18,11,9,21,5,23,12,27,28,8,6,17,20,26,3,0,10,25,19,4,16,24,7,22,15,13,14,29,2
99;290;6851;1657;27,22,13,14,17,26,2,24,6,29,10,15,20,8,16,19,28,9,7,25,23,3,21,1,0,5,12,18,4,11
100;303;8347;2038;29,18,11,14,23,5,9,12,21,28,26,15,16,20,6,17,13,10,22,19,4,3,24,7,0,2,25,27,8,1
101;298;10407;2559;1,26,15,25,9,8,28,0,22,5,20,12,14,29,2,16,3,13,27,7,18,19,4,10,11,24,6,21,17,23
102;275;8941;2133;3,4,6,16,7,10,19,24,13,20,5,12,9,23,18,21,15,8,28,25,26,1,22,17,11,0,14,27,29,2
103;314;12453;3479;27,23,21,28,8,25,9,1,24,5,29,12,15,16,0,2,3,20,14,19,18,7,4,10,11,13,6,26,17,22
104;350;26689;7110;28,23,21,5,0,9,8,1,15,25,12,10,14,29,2,18,3,19,11,16,7,27,24,20,4,13,22,26,17,6
105;298;6377;1557;25,11,18,23,20,1,17,3,12,21,29,4,2,27,7,19,26,28,14,5,13,8,6,9,10,22,15,0,16,24
106;282;8752;2015;9,22,15,8,21,26,23,0,6,17,16,12,14,29,2,19,28,4,20,10,18,7,13,27,11,5,3,1,25,24
107;254;6069;1690;16,7,2,20,15,10,0,24,4,19,14,23,8,25,1,27,3,9,29,5,11,28,12,18,21,13,22,26,17,6
108;336;13903;2572;27,22,26,28,9,8,25,17,6,5,12,15,14,29,16,18,13,20,11,19,2,7,4,10,0,3,24,21,1,23
109;359;18047;4300;27,21,1,28,9,25,8,24,23,5,4,15,20,19,16,10,12,7,3,29,2,18,13,14,0,11,6,26,17,22
110;306;10163;2879;17,23,26,1,9,21,8,22,24,25,5,4,14,29,7,27,3,19,28,16,10,2,13,20,6,18,12,0,15,11
111;317;10786;3121;27,22,17,21,9,28,23,6,26,5,10,12,2,29,18,7,20,0,4,14,15,19,13,16,11,3,1,25,8,24
112;306;7303;1976;27,18,11,22,8,5,26,12,9,28,13,15,29,14,7,10,17,16,3,19,0,4,24,20,2,6,1,21,23,25
113;269;10650;3006;28,8,26,5,21,25,23,22,1,9,10,12,17,20,4,19,2,0,3,16,18,7,24,15,11,6,13,14,29,27
114;299;8934;2463;27,21,1,28,8,23,5,3,25,9,14,0,19,7,20,13,10,17,29,26,15,2,6,22,16,4,12,11,18,24
115;332;14067;3939;3,6,26,19,10,17,7,22,4,20,8,15,23,9,21,1,14,27,25,28,2,5,13,29,0,16,12,11,18,24
116;312;14774;6097;29,9,23,14,8,28,5,21,25,27,22,15,17,20,16,13,10,2,26,19,6,3,24,7,0,4,11,12,18,1
117;271;8668;2501;5,23,8,28,21,9,29,25,1,27,15,12,13,22,18,2,10,4,0,26,6,7,24,17,11,3,20,16,19,14
118;293;6956;2180;14,2,0,29,7,16,19,15,13,20,25,12,18,17,26,8,23,28,1,5,22,27,6,9,11,21,4,10,3,24
119;320;8101;2331;28,2,29,9,25,27,8,14,1,5,12,6,17,20,26,11,3,10,18,19,4,16,24,7,22,13,0,21,23,15
120;265;9930;2870;20,3,10,16,14,7,29,4,13,19,15,23,25,8,1,2,17,9,0,5,26,27,22,28,21,6,12,11,18,24
121;273;9832;3549;29,9,5,27,23,28,25,14,21,8,10,15,26,17,22,4,13,20,3,16,0,19,24,7,6,2,11,12,18,1
122;294;8108;2341;2,5,14,29,23,28,9,1,21,27,8,0,26,16,17,22,10,20,25,19,6,3,24,7,15,4,12,11,18,13
123;265;9721;2050;16,11,0,21,20,12,23,15,17,18,7,4,8,25,1,9,5,2,19,27,3,28,13,29,10,14,24,22,26,6
124;312;11655;2391;17,0,11,20,16,18,21,12,15,23,3,22,1,25,4,10,5,8,19,9,26,7,24,28,6,13,2,29,27,14
125;314;11496;1779;13,9,23,3,17,1,8,21,26,25,5,15,16,14,2,20,7,18,28,29,11,19,12,27,0,10,4,6,22,24
126;283;12945;2104;2,20,7,29,3,19,14,13,10,16,28,23,22,26,9,5,17,0,27,8,15,1,24,25,21,6,11,12,18,4
127;318;11561;2301;15,17,26,0,7,20,19,22,6,16,21,12,27,29,2,9,25,14,23,28,18,8,13,5,11,1,4,3,10,24
128;321;10230;3394;16,17,26,19,4,20,10,22,6,7,29,12,8,25,1,27,21,3,14,5,18,28,13,9,11,23,15,0,2,24
129;315;8394;2714;22,16,0,26,20,14,19,15,17,29,7,6,10,1,3,28,21,25,27,8,4,5,24,9,13,23,12,18,11,2
130;302;10618;3733;22,18,11,8,23,17,9,12,21,26,5,15,20,19,16,27,13,14,28,29,2,7,4,10,0,6,24,3,25,1
131;300;12760;4161;5,15,13,27,14,0,29,6,2,16,20,26,9,23,8,28,10,25,19,21,17,7,24,1,22,3,11,12,18,4
132;266;4827;1710;8,22,13,25,20,26,17,24,6,3,9,0,5,27,2,28,16,18,23,29,12,21,11,14,15,1,10,19,7,4
133;341;12377;4649;14,10,3,29,7,19,16,4,13,20,5,12,25,8,1,9,21,22,28,26,18,23,6,17,11,27,24,15,0,2
134;272;10899;4058;8,3,25,10,14,2,29,1,13,27,23,12,17,26,22,9,15,18,21,5,6,28,24,4,11,0,20,16,19,7
135;322;16616;2793;27,25,1,28,21,8,9,24,23,5,7,12,10,3,4,19,29,15,20,0,18,16,13,2,11,14,22,17,26,6
136;280;10545;1902;3,12,0,8,11,18,1,15,24,25,27,23,16,19,20,29,5,10,2,7,9,14,4,28,21,13,22,17,26,6
137;328;15044;2464;7,16,0,10,14,20,29,15,2,19,8,22,5,28,17,25,3,23,27,9,6,1,24,21,26,13,11,12,18,4
138;302;8938;2117;18,2,11,19,0,17,16,12,15,20,22,1,9,23,8,6,29,21,26,5,3,28,13,27,25,14,4,10,7,24
139;306;10525;1780;27,18,11,5,23,21,9,12,1,28,29,15,16,19,20,13,17,7,14,10,2,3,24,4,0,6,22,26,8,25
140;284;9510;1606;14,3,25,28,4,8,9,1,10,5,27,15,2,18,12,21,17,11,29,22,6,23,24,26,0,13,16,20,19,7
141;336;19340;3731;27,21,1,28,9,25,8,24,23,5,12,15,14,29,16,18,10,20,11,19,2,3,13,7,0,4,6,17,26,22
142;325;15865;2568;16,6,26,18,12,17,11,22,4,20,7,21,28,5,9,10,29,25,19,8,1,3,13,27,23,14,2,0,15,24
143;283;5677;919;22,20,4,26,7,17,19,6,16,10,14,12,23,9,21,27,3,5,29,8,18,28,1,25,11,13,2,15,0,24
144;270;5178;841;2,4,12,14,10,18,3,11,13,29,25,15,21,9,23,8,28,22,1,26,6,27,24,17,0,5,20,19,16,7
145;289;9342;1449;7,13,27,28,0,29,5,2,15,14,19,12,10,3,1,20,8,25,16,21,18,17,4,23,11,9,6,26,22,24
146;311;12005;1967;2,7,10,15,20,19,16,4,24,0,14,21,28,5,9,27,3,1,29,25,11,8,12,18,23,13,22,26,17,6
147;328;19509;4414;18,28,11,25,23,5,21,12,9,1,14,15,16,19,20,29,3,7,27,10,2,13,24,4,0,17,6,26,8,22
148;305;6961;1111;7,22,17,10,5,26,28,6,4,9,20,15,14,29,27,16,25,21,19,23,2,8,13,1,0,3,11,12,18,24
149;349;20094;3185;3,16,0,29,10,20,19,15,4,14,25,26,21,23,11,8,5,12,1,9,22,27,6,28,17,18,24,2,7,13
150;279;10793;1863;8,1,21,19,14,25,29,23,2,27,5,12,10,4,18,28,3,22,9,26,6,7,24,17,11,13,0,15,20,16
151;307;12963;1991;27,21,1,28,9,25,8,24,23,5,29,12,0,15,2,16,3,7,14,19,18,20,4,10,11,13,17,22,26,6
152;311;10807;1679;18,28,11,1,26,5,8,12,9,25,3,15,20,19,16,4,27,7,17,14,2,10,24,29,0,13,6,23,21,22
153;290;7016;1195;29,18,12,19,7,4,3,11,13,10,28,26,9,25,8,5,20,23,27,1,17,14,6,21,22,16,24,15,0,2
154;294;10787;2439;28,22,9,5,15,26,0,23,6,17,25,13,20,16,19,1,27,10,8,14,7,21,24,29,3,2,12,11,18,4
155;271;7630;1377;19,25,10,7,17,8,26,3,1,20,28,15,16,14,11,5,6,18,22,29,12,27,13,2,0,4,21,23,9,24
156;305;12192;2238;9,22,15,21,4,26,17,0,6,23,5,1,14,16,20,8,7,19,28,29,3,27,13,10,25,2,12,11,18,24
157;283;6328;1076;27,28,26,21,9,8,23,22,5,25,29,15,16,19,20,13,17,7,14,10,2,3,24,4,0,6,12,11,18,1
158;344;14785;2244;2,0,10,7,15,16,20,4,24,19,29,12,28,9,5,27,25,23,14,21,18,8,13,1,11,3,22,26,17,6
159;282;7924;1307;18,1,23,27,8,9,5,21,25,28,29,15,16,20,17,19,11,26,14,22,2,7,24,13,0,12,4,10,3,6
160;283;13422;2162;21,18,4,23,11,5,28,24,12,9,25,15,14,29,16,1,10,20,8,19,2,27,13,7,0,3,22,26,17,6
161;291;9888;1595;10,22,4,19,20,26,16,6,17,7,29,12,28,9,5,14,21,25,13,8,18,27,1,23,11,3,2,15,0,24
162;304;13271;2428;18,17,11,16,10,20,7,12,3,19,14,21,8,26,25,27,15,9,29,5,23,2,22,28,1,0,24,6,13,4
163;285;10895;2450;18,1,3,27,25,14,8,13,5,29,4,15,16,20,2,19,26,11,10,17,12,7,24,6,0,22,23,9,28,21
164;295;9828;2275;18,9,21,29,5,28,14,23,8,27,4,22,2,0,15,7,11,17,10,16,26,19,24,20,6,12,13,3,25,1
165;258;6221;1181;19,18,11,7,22,17,26,12,6,20,25,0,23,9,21,1,29,5,8,28,16,27,2,14,15,13,4,10,3,24
166;330;15224;2378;10,20,4,7,26,16,22,6,17,19,9,21,11,18,12,5,3,8,28,27,25,14,1,29,23,13,2,15,0,24
167;272;7729;1307;28,1,26,5,23,8,9,22,21,25,10,12,17,20,4,19,2,0,3,16,18,7,24,15,11,6,13,14,29,27
168;276;5635;1029;28,21,15,5,25,23,8,0,1,9,19,12,17,26,22,20,3,4,16,10,6,7,24,18,11,13,2,14,29,27
169;272;10925;1735;1,9,28,21,17,8,23,5,26,25,12,10,20,16,19,18,27,14,11,29,7,3,24,13,4,2,6,15,0,22
170;301;14946;2492;8,7,10,5,20,19,28,4,24,9,3,15,21,16,11,1,27,18,25,14,12,23,2,29,0,13,22,17,26,6
171;403;24136;5096;10,18,4,27,5,2,14,6,13,29,11,15,16,20,17,19,28,26,12,21,22,7,24,23,0,9,1,25,8,3
172;263;7072;1417;3,13,10,20,14,7,29,4,16,19,21,22,23,9,17,28,18,8,27,25,26,5,11,1,6,12,24,15,0,2
173;272;9889;1565;17,12,26,3,25,11,8,22,1,18,28,15,14,29,16,27,4,20,5,19,2,10,13,7,0,6,21,23,9,24
174;303;9863;1528;7,22,13,2,15,26,0,24,6,17,16,23,14,5,28,19,10,8,20,27,21,29,1,25,9,3,18,11,12,4
175;297;9830;1753;29,28,27,14,8,9,25,2,5,1,12,15,7,19,10,11,23,16,18,20,0,3,24,17,4,21,6,22,26,13
176;325;9843;1519;8,22,6,25,17,26,3,24,18,1,21,4,27,29,14,9,5,7,23,19,10,28,13,16,2,20,12,15,0,11
177;289;13463;2060;21,25,3,5,14,8,29,13,1,27,9,6,17,15,26,28,19,0,23,20,24,7,4,16,22,10,11,12,18,2
178;315;13894;2904;3,7,10,14,16,19,20,4,13,29,28,12,21,23,18,5,1,9,27,8,22,25,6,26,11,17,24,0,15,2
179;297;9105;2288;19,18,12,16,25,3,8,11,1,20,5,22,9,23,4,28,7,17,10,15,26,21,24,0,6,13,27,29,14,2
180;338;21144;4372;21,1,3,5,29,25,27,13,14,8,9,6,10,19,7,28,0,26,23,20,22,16,24,17,4,15,12,11,18,2
181;324;12326;1936;29,9,23,14,25,28,8,21,5,27,10,15,16,20,4,19,13,17,3,26,6,7,24,22,0,2,12,11,18,1
182;331;11008;1742;25,26,20,8,7,3,10,17,22,19,28,12,16,14,18,5,21,2,9,29,0,23,15,27,11,1,4,13,6,24
183;289;9612;1597;14,2,0,29,7,16,19,15,13,20,5,22,9,23,17,28,3,8,27,25,6,21,4,1,26,10,12,11,18,24
184;317;15480;2386;27,18,12,29,0,2,16,11,15,14,8,22,28,20,17,5,3,7,25,19,6,9,24,10,26,4,1,23,21,13
185;279;9186;2203;17,16,0,3,10,20,7,15,4,19,23,22,25,9,8,1,29,5,21,28,6,14,13,27,26,2,12,11,18,24
186;287;12521;2134;9,22,6,16,20,26,23,24,17,21,5,1,2,27,8,7,18,14,28,29,3,19,13,10,25,4,12,15,0,11
187;282;7491;1185;14,18,11,29,9,5,27,12,2,28,25,6,17,20,26,1,16,10,8,19,4,3,24,7,22,13,0,23,21,15
188;310;14461;2265;10,17,26,7,4,20,16,22,6,19,14,12,28,9,5,27,3,21,29,23,18,8,1,25,11,13,2,15,0,24
189;314;12066;2128;3,22,4,17,1,26,25,13,6,8,5,12,14,29,18,27,7,16,28,20,0,2,15,19,11,10,21,9,23,24
190;321;13267;2039;5,16,14,25,15,20,3,1,0,17,23,6,26,28,10,9,19,7,21,27,22,8,13,2,4,29,12,11,18,24
191;323;10857;1866;10,13,0,3,11,4,12,15,24,18,25,21,5,28,9,8,19,29,1,14,27,20,2,16,23,7,22,17,26,6
192;386;22894;3933;27,23,21,28,9,25,8,1,24,5,13,12,10,7,4,14,0,20,3,19,18,29,2,16,11,15,22,17,26,6
193;299;9067;1779;28,26,15,5,23,17,21,0,22,9,16,12,10,3,4,19,2,13,20,14,18,7,24,29,11,27,1,25,8,6
194;287;9256;1464;28,29,14,7,20,27,19,5,16,10,1,12,21,23,17,25,6,26,3,9,18,8,24,22,11,4,2,15,0,13
195;289;11787;1836;29,3,13,5,1,10,25,6,4,14,19,0,21,23,20,28,8,17,7,22,15,9,2,26,16,27,12,11,18,24
196;333;16997;2837;5,23,25,28,29,8,27,1,21,9,15,6,26,17,22,2,10,12,0,11,4,7,13,18,24,3,20,16,19,14
197;294;11066;1709;28,8,25,5,2,27,29,1,13,14,21,12,22,26,18,23,20,17,9,15,6,4,24,0,11,16,10,7,19,3
198;330;15601;2421;3,10,13,20,16,14,19,4,7,29,28,22,21,9,23,5,11,8,27,25,26,18,17,1,6,12,24,15,0,2
199;296;8902;1577;27,1,23,28,5,25,9,21,18,8,22,6,16,19,10,14,3,7,26,20,13,29,24,17,4,2,11,15,0,12
200;423;35763;6656;9,26,22,1,11,8,12,24,17,25,28,10,20,16,19,27,3,14,5,29,4,2,6,13,7,18,15,23,21,0
201;285;9118;1474;14,2,0,29,7,16,19,15,13,20,25,26,18,12,11,8,28,23,1,21,22,27,6,9,17,5,4,10,3,24
202;316;10349;1619;3,12,0,1,8,11,25,15,24,18,23,14,27,20,16,21,5,19,9,7,29,28,13,10,2,4,22,26,17,6
203;254;5722;1030;2,18,11,27,5,14,28,12,13,29,10,22,3,20,4,19,0,17,7,25,26,16,24,8,6,15,21,23,9,1
204;261;6521;1125;2,8,25,29,28,27,9,1,5,14,10,15,20,17,16,19,18,11,7,23,12,3,24,21,0,4,6,22,26,13
205;333;12139;1849;4,17,22,10,16,26,19,6,20,7,9,12,8,27,25,23,3,5,28,29,18,21,1,14,11,13,2,0,15,24
206;302;12481;1911;23,11,26,9,18,22,5,17,12,28,1,13,27,16,29,3,25,7,21,19,2,10,24,20,14,8,4,15,0,6
207;298;11266;2489;27,25,1,28,23,8,9,3,21,5,29,15,26,22,17,13,10,20,14,16,0,7,6,19,2,4,12,11,18,24
208;280;9141;1992;25,4,3,8,7,10,20,13,24,19,14,12,5,28,9,29,2,23,16,21,18,27,15,0,11,1,22,26,17,6
209;291;12519;2412;2,22,15,9,7,26,28,0,13,5,16,12,20,23,17,14,27,21,19,3,18,29,1,25,11,8,24,4,10,6
210;265;7665;1245;1,23,26,25,28,21,5,22,9,8,3,15,20,19,16,13,27,7,17,29,2,10,24,14,0,4,12,11,18,6
211;261;6626;1051;18,25,11,28,26,8,9,12,1,5,14,15,16,19,20,29,3,7,27,10,2,13,24,4,0,17,6,23,21,22
212;301;11060;1851;21,26,22,9,11,17,18,6,12,23,5,13,20,19,16,1,25,7,28,10,29,3,2,27,14,8,24,0,15,4
213;326;14253;2145;27,8,26,5,23,9,21,22,25,28,3,15,20,19,16,14,4,7,17,10,2,29,24,13,0,6,12,11,18,1
214;313;11392;1756;6,8,26,27,9,25,28,22,1,5,4,12,20,19,18,10,14,7,17,16,13,3,24,29,11,2,15,0,21,23
215;294;6824;1162;14,9,23,29,18,28,5,21,2,27,25,6,22,3,10,1,17,7,8,19,13,26,24,20,4,16,11,0,15,12
216;274;9799;2234;3,9,26,10,28,8,5,22,7,25,21,0,17,20,2,27,18,16,23,29,11,19,12,14,15,1,6,13,4,24
217;322;11647;2197;3,23,17,1,8,21,25,24,26,9,5,0,14,29,2,27,7,16,28,20,11,18,12,19,15,10,4,6,13,22
218;246;4452;1084;3,14,10,20,7,29,16,4,13,19,28,12,1,25,18,5,17,8,27,9,26,21,22,23,11,6,24,15,0,2
219;293;11550;1882;27,8,25,28,23,21,9,1,26,5,14,12,7,19,13,29,20,3,2,10,18,16,24,4,11,17,6,15,0,22
220;303;16356;2474;3,16,0,4,7,20,19,15,24,10,25,12,9,28,5,8,23,22,1,26,11,27,6,17,18,21,2,14,29,13
221;398;17746;2770;27,20,3,29,10,19,14,2,7,16,15,11,18,23,17,21,5,8,0,25,26,1,22,9,12,28,24,4,6,13
222;311;16906;2749;2,19,16,27,14,7,29,20,13,10,28,12,6,22,18,4,21,17,5,26,0,9,15,23,11,24,1,25,8,3
223;391;24426;4687;7,22,13,2,15,26,0,24,6,17,3,23,28,27,8,19,16,25,10,5,21,29,1,14,9,20,18,12,11,4
224;287;16234;2762;14,0,16,29,2,19,10,20,15,7,28,22,9,23,17,5,3,8,27,25,26,21,24,1,6,13,12,11,18,4
225;284;7740;1231;7,16,13,18,14,20,29,24,2,19,27,6,21,23,9,28,3,8,10,25,22,5,26,1,4,17,15,12,11,0
226;265;7111;1152;29,25,27,14,9,8,28,2,1,5,19,22,20,11,17,7,3,12,16,18,6,10,24,4,26,13,15,0,21,23
227;337;16458;2731;28,1,0,5,21,25,9,15,23,8,4,12,2,29,14,10,3,16,27,19,18,7,24,20,11,13,17,22,26,6
228;305;12038;1844;27,23,28,3,1,9,25,5,21,8,14,6,15,0,16,2,22,19,29,10,20,13,17,7,4,26,12,11,18,24
229;276;6880;1228;6,18,11,27,8,4,5,12,9,28,10,15,19,20,16,14,26,7,3,13,2,29,24,17,0,22,1,21,23,25
230;271;7800;1612;20,2,10,16,29,7,14,4,27,19,3,22,18,11,12,25,5,17,1,15,26,8,24,0,6,13,23,9,28,21
231;266;7717;1390;28,8,25,5,17,9,23,1,26,21,16,12,13,3,18,14,27,10,20,19,4,29,24,7,11,2,6,15,0,22
232;269;10491;2330;5,1,3,27,25,14,8,2,13,29,9,15,18,17,11,23,10,20,28,16,0,21,4,19,12,7,6,22,26,24
233;282;7116;1288;5,18,11,28,23,4,21,12,17,9,25,15,3,14,16,1,7,19,8,29,20,27,2,10,0,13,24,22,26,6
234;377;19158;2858;10,17,4,7,26,20,16,6,22,19,25,12,23,9,21,8,29,5,3,28,18,1,13,27,11,14,2,15,0,24
235;341;17508;3113;3,7,10,14,16,19,20,4,13,29,12,26,28,5,9,11,25,23,18,21,22,27,6,8,17,1,2,15,0,24
236;332;11137;1850;9,25,1,21,26,8,17,3,22,23,28,4,20,16,19,27,11,14,5,29,7,18,13,2,10,12,24,15,0,6
237;283;13236;2276;28,20,0,7,26,16,22,15,17,19,25,12,3,10,18,1,27,13,8,14,4,5,6,29,11,2,21,9,23,24
238;276;8623;1711;1,17,11,25,23,9,21,12,26,8,5,13,14,29,7,18,2,19,28,16,10,27,4,20,3,6,24,0,15,22
239;322;12688;2444;18,20,12,7,10,14,19,11,16,29,28,21,8,25,9,5,3,22,27,26,1,17,24,6,23,13,2,15,0,4
240;277;8814;1474;18,0,12,29,20,16,19,11,15,14,5,26,9,25,8,28,10,23,27,21,22,3,6,1,17,4,24,13,7,2
241;271;8034;1403;5,12,4,16,0,11,14,6,15,18,20,8,3,17,1,10,28,23,19,21,26,7,24,9,25,22,13,27,29,2
242;347;16604;2642;27,1,23,28,5,25,9,21,18,8,14,6,20,17,26,16,3,13,29,7,4,19,24,10,22,2,11,15,0,12
243;266;5718;1000;5,12,25,28,23,8,21,1,11,9,27,15,7,19,20,4,3,16,18,29,0,10,24,14,2,13,6,22,26,17
244;320;18983;2957;2,7,3,14,20,19,16,13,10,29,28,15,21,9,23,5,17,26,27,8,22,1,24,25,0,6,12,11,18,4
245;303;9941;1791;21,0,15,23,20,16,7,2,17,19,14,3,11,12,18,27,28,8,29,4,25,10,13,5,1,9,6,22,26,24
246;304;9795;2068;7,12,13,2,15,11,0,24,4,18,16,25,29,14,27,19,3,5,20,28,1,10,21,9,8,23,22,17,26,6
247;279;8574;1996;4,20,0,10,3,16,7,15,17,19,21,12,14,29,2,23,6,5,1,27,18,9,13,28,11,22,26,8,25,24
248;316;14030;2283;18,22,11,16,4,26,17,12,6,20,7,21,28,27,9,10,3,8,19,5,25,29,1,14,23,13,2,15,0,24
249;307;10345;1667;27,18,12,16,5,13,14,11,2,29,9,26,23,21,8,20,7,25,28,1,17,19,24,3,22,10,4,0,15,6
250;284;13865;2193;25,17,23,1,0,20,19,21,15,16,26,6,28,11,12,9,29,18,8,5,4,27,13,2,22,14,7,3,10,24
251;285;5788;1075;27,18,11,22,8,5,26,12,9,28,29,15,16,19,20,13,17,7,14,10,2,3,24,4,0,6,1,21,23,25
252;345;18413;2877;14,18,12,29,7,20,19,11,13,16,27,26,21,9,23,28,25,15,2,0,22,5,6,8,17,1,4,3,10,24
253;282;7745;1265;18,26,11,27,9,22,5,12,8,28,29,15,16,19,20,2,17,10,14,7,4,13,24,3,0,6,21,1,25,23
254;322;6207;1412;27,25,1,28,21,8,9,24,23,5,29,15,20,19,16,13,10,12,14,11,2,7,4,18,0,3,17,22,26,6
255;284;10245;2372;27,10,4,29,7,3,19,6,13,2,5,11,8,9,18,25,15,22,28,23,26,1,17,21,12,0,20,16,14,24
256;394;27316;4522;14,2,0,29,7,16,19,15,13,20,26,12,28,9,5,22,21,23,17,8,18,27,6,25,11,1,4,3,10,24
257;291;11213;1772;9,26,22,21,11,17,18,6,12,23,5,2,27,16,29,8,3,19,28,20,7,25,13,10,14,1,4,15,0,24
258;381;21417;3163;6,17,15,9,26,23,22,0,24,21,16,12,10,2,4,19,28,29,20,27,18,7,13,14,11,5,1,25,3,8
259;303;12685;2086;3,18,12,16,10,20,7,11,4,19,14,23,1,25,9,27,17,26,29,8,22,28,6,5,21,13,2,15,0,24
260;326;13806;3093;21,18,15,23,11,5,28,0,12,9,25,13,14,29,3,1,20,10,8,19,7,27,24,16,2,4,22,26,17,6
261;308;12896;2413;3,7,10,14,16,19,20,4,13,29,28,12,9,8,26,5,1,23,27,25,22,18,6,21,11,17,24,15,0,2
262;312;11279;1720;13,16,0,7,14,20,29,15,2,19,5,22,9,23,17,28,3,8,27,25,6,21,4,1,26,10,11,12,18,24
263;322;13337;2219;3,13,4,14,19,10,7,24,2,29,12,22,28,5,9,11,25,23,18,21,26,27,17,8,6,1,20,0,15,16
264;292;12317;1953;5,14,1,28,23,29,9,2,21,27,25,15,16,19,20,3,22,10,8,7,4,26,24,17,0,6,12,11,18,13
265;309;12761;2023;18,13,12,7,20,14,19,11,16,29,28,26,8,25,23,9,10,21,5,1,22,27,6,3,17,4,24,15,0,2
266;313;12059;2125;19,26,22,7,10,17,3,6,4,20,16,21,0,15,25,14,5,8,13,27,23,29,2,9,1,28,11,12,18,24
267;271;10292;2433;26,11,15,9,18,17,21,0,12,23,16,24,29,27,2,19,5,7,20,10,4,14,6,28,13,22,3,25,8,1
268;383;27191;5032;27,23,21,28,8,25,9,1,24,5,29,12,16,19,20,13,0,10,14,7,18,3,4,2,11,15,17,26,22,6
269;301;6626;1088;27,23,0,28,25,9,8,15,21,5,17,12,13,3,18,20,16,10,2,19,4,29,24,7,11,14,6,22,26,1
270;298;11038;1696;7,22,13,2,15,26,0,24,6,17,5,25,9,23,8,10,16,21,28,27,1,19,14,29,3,20,12,11,18,4
271;320;14397;2213;3,9,23,27,25,28,8,21,1,5,22,15,4,20,6,17,29,16,26,19,2,10,13,7,0,14,11,12,18,24
272;256;9518;1638;19,6,20,7,22,4,13,17,26,10,23,12,16,14,0,21,5,18,9,29,15,28,2,27,11,1,3,25,8,24
273;315;9982;1669;14,10,3,29,7,19,16,4,13,20,28,12,25,8,1,5,17,9,27,23,11,21,22,26,18,6,24,15,0,2
274;322;12499;2187;2,18,11,19,16,29,20,12,14,27,15,22,23,9,17,21,10,4,0,28,6,5,24,7,26,13,1,25,8,3
275;297;10628;2153;3,22,6,9,25,26,8,24,1,17,28,12,2,29,13,27,16,10,5,7,18,14,4,19,11,20,15,0,21,23
276;277;11214;1878;0,23,21,15,28,25,5,1,9,8,2,12,16,19,20,29,3,4,27,10,18,14,24,7,11,13,22,26,17,6
277;293;10410;1716;14,11,0,29,18,16,19,15,12,20,28,22,9,23,17,5,3,8,27,25,26,21,24,1,6,13,7,4,10,2
278;309;12832;2007;27,9,28,25,26,23,8,5,22,21,29,15,16,19,20,13,17,7,14,10,2,3,24,4,0,6,12,11,18,1
279;309;8579;1409;18,22,11,27,8,26,5,12,9,28,3,6,10,19,7,20,29,0,17,16,13,2,24,15,4,14,1,21,23,25
280;293;10873;1828;7,18,12,10,14,20,29,11,16,19,3,22,21,23,17,1,5,9,13,8,26,25,24,28,6,27,2,15,0,4
281;303;9678;1611;5,11,15,14,18,2,27,0,12,29,20,6,17,7,26,19,21,10,16,9,4,28,24,23,22,3,1,25,8,13
282;309;10654;2048;3,13,10,20,14,7,29,4,16,19,21,11,23,9,18,25,27,28,1,5,22,8,6,26,12,17,24,15,0,2
283;286;10907;2271;28,11,2,5,18,29,14,13,12,27,6,0,4,10,20,17,8,19,22,7,16,26,24,3,15,25,21,23,9,1
284;341;16447;2661;7,16,0,10,14,20,29,15,2,19,28,21,9,26,22,5,3,1,27,8,6,17,24,25,23,13,11,12,18,4
285;315;10465;1685;29,10,3,14,16,7,20,13,4,19,25,22,28,9,17,8,1,23,27,21,6,5,12,11,26,18,24,0,15,2
286;292;10521;1872;20,25,1,3,17,8,15,24,26,0,19,12,14,29,5,10,21,27,16,28,18,7,2,9,11,23,13,6,4,22
287;278;7587;1269;27,8,22,28,9,25,1,6,26,5,10,12,2,0,15,7,20,14,4,29,18,19,13,16,11,3,21,23,17,24
288;303;11830;1805;5,2,15,28,23,27,9,0,21,8,12,6,17,20,26,11,29,10,18,19,4,16,13,7,22,14,24,25,3,1
289;277;5372;1000;27,18,11,28,9,25,5,12,1,8,29,15,16,19,20,10,26,7,14,13,2,3,24,17,0,22,6,23,21,4
290;322;19770;3189;19,1,16,3,29,25,27,20,14,8,5,15,4,13,22,28,23,26,10,7,6,9,24,17,0,21,12,11,18,2
291;309;11685;2768;3,26,22,19,17,10,20,6,4,7,28,15,23,21,16,9,8,14,13,29,2,5,1,27,0,25,12,11,18,24
292;317;12255;2200;27,23,21,28,8,25,9,1,24,5,4,12,20,19,18,10,0,29,3,16,13,7,2,14,11,15,6,26,17,22
293;289;8178;1314;3,7,10,22,16,19,17,4,20,26,9,12,25,8,1,23,14,27,28,5,18,21,2,29,11,13,24,0,15,6
294;299;10730;1905;2,16,0,7,20,14,19,15,13,29,28,21,9,11,12,5,10,18,27,25,1,8,24,3,23,4,6,26,22,17
295;301;14329;2199;3,21,15,8,23,1,9,0,24,25,10,12,20,16,2,19,28,29,4,14,18,7,13,27,11,5,6,22,26,17
296;287;9284;1443;3,7,10,14,16,19,20,4,13,29,21,12,9,28,5,23,27,22,1,8,11,25,6,26,18,17,24,0,15,2
297;307;8449;1378;16,17,26,19,4,20,7,22,6,10,9,12,21,3,1,23,29,25,28,8,18,5,13,27,11,14,2,0,15,24
298;292;13935;2830;16,11,23,19,18,17,3,21,12,20,25,15,26,5,22,8,29,2,1,28,6,9,13,27,0,14,4,7,10,24
299;335;17965;3832;3,16,0,29,10,20,19,15,4,14,21,12,17,18,26,23,28,8,1,25,22,9,6,5,11,27,24,2,7,13
300;310;12276;1922;8,22,28,2,14,26,29,9,5,27,21,0,3,10,16,25,17,20,23,19,4,1,24,7,15,6,12,11,18,13
301;311;11859;1828;3,29,27,20,10,14,19,2,7,16,15,12,18,25,17,1,5,8,0,23,26,21,22,9,11,28,24,4,6,13
302;277;9592;1667;18,17,26,9,21,11,23,22,8,12,28,15,20,19,16,27,13,14,5,29,2,7,4,10,0,6,3,1,25,24
303;295;12356;2482;3,25,23,17,22,8,26,21,1,9,14,15,20,19,16,29,28,10,5,7,2,27,4,13,0,6,12,11,18,24
304;260;12993;3546;29,7,13,14,20,10,16,24,4,19,28,15,9,23,21,5,12,25,3,8,1,18,2,27,0,11,22,26,17,6
305;296;16532;3523;3,6,15,17,25,22,8,0,1,26,16,12,14,29,13,19,28,2,20,27,18,7,4,10,11,5,9,23,21,24
306;303;14490;3222;3,1,15,9,23,25,21,0,24,8,16,12,14,29,13,19,28,2,20,27,18,7,4,10,11,5,6,22,26,17
307;324;13107;3293;17,20,3,29,10,16,19,13,7,14,28,15,25,8,26,5,18,23,27,9,22,1,12,21,0,11,6,4,2,24
308;292;8084;2072;25,17,23,3,12,1,11,21,20,18,29,22,2,7,26,27,8,10,14,28,6,19,4,5,13,9,15,0,16,24
309;311;13780;3478;17,18,11,3,21,1,23,12,24,25,16,8,19,10,7,14,2,28,20,5,26,29,22,27,9,13,6,15,0,4
310;274;10900;2682;4,7,13,10,0,20,16,24,15,19,21,12,17,26,22,23,25,28,3,9,18,1,6,5,11,8,14,27,29,2
311;285;8252;2144;4,0,15,10,20,16,7,2,24,19,14,12,23,9,21,27,3,5,29,8,18,28,1,25,11,13,6,22,26,17
312;338;13542;3584;8,3,25,27,14,20,29,1,16,19,7,12,4,17,18,5,23,22,10,26,6,28,24,9,11,21,2,15,0,13
313;311;14070;3534;7,18,12,19,14,4,29,11,2,10,28,22,9,21,23,5,3,8,27,25,26,17,24,1,6,13,0,20,16,15
314;280;10159;2660;9,22,6,21,20,26,16,4,17,23,7,12,29,27,14,10,25,5,19,3,18,28,13,1,11,8,2,15,0,24
315;338;22344;5290;3,16,0,29,10,20,19,15,4,14,28,26,9,23,8,5,12,25,27,1,22,21,6,11,17,18,24,2,7,13
316;314;10333;2494;7,22,11,19,17,26,20,12,6,16,21,4,1,8,25,9,29,18,23,5,3,28,13,27,10,14,2,15,0,24
317;325;14477;2544;14,0,1,16,17,21,20,6,15,23,19,22,2,28,7,10,25,9,29,5,26,27,24,8,13,3,12,18,11,4
318;304;10580;1625;7,18,12,10,20,14,19,11,16,29,28,22,9,21,23,5,3,8,27,25,26,17,24,1,6,13,2,15,0,4
319;324;11359;1784;28,21,1,5,29,23,27,2,14,9,25,0,26,16,17,22,10,20,8,19,6,3,24,7,15,4,12,11,18,13
320;301;9670;1526;27,26,22,5,8,17,25,6,9,28,13,15,16,20,11,14,10,18,3,19,12,29,2,7,0,4,24,21,23,1
321;342;13039;2602;18,3,4,28,8,10,27,6,25,5,29,17,16,0,15,19,11,22,14,2,26,7,24,13,20,12,21,23,9,1
322;279;9346;2324;7,18,12,10,14,20,29,11,16,19,28,22,1,25,8,5,3,9,27,23,26,21,24,17,6,13,2,15,0,4
323;289;9748;2510;8,24,25,10,15,3,17,1,0,26,27,12,5,28,18,29,22,9,2,21,4,14,6,23,11,13,20,16,19,7
324;336;11940;2164;2,20,7,29,3,19,14,13,10,16,28,15,25,8,9,5,17,21,27,26,23,1,24,22,0,6,11,12,18,4
325;273;9248;1879;5,20,0,28,23,16,21,15,17,9,25,12,3,27,18,1,19,2,8,29,4,14,13,10,11,7,24,22,26,6
326;320;12134;2419;27,23,21,28,9,25,8,1,24,5,29,15,11,12,16,18,10,20,14,19,2,3,13,7,0,4,6,17,26,22
327;284;8777;1779;28,23,21,5,26,9,8,1,22,25,3,12,4,10,18,20,14,7,17,19,13,16,2,29,11,27,24,0,15,6
328;301;10214;1839;17,22,6,27,8,26,5,24,9,28,29,15,11,18,12,16,20,4,14,10,2,19,13,7,0,3,1,21,23,25
329;337;15365;2751;3,26,22,19,17,10,20,6,4,7,28,15,29,27,5,9,21,8,13,25,14,23,0,1,2,16,12,11,18,24
330;296;12037;2673;17,26,22,27,8,28,25,6,9,5,12,15,14,29,16,18,10,20,11,19,2,3,13,7,0,4,24,21,23,1
331;280;9619;1625;7,14,2,20,10,29,16,13,3,19,28,15,25,8,1,5,17,26,27,9,22,21,24,23,0,6,11,12,18,4
332;285;12181;2050;3,18,12,7,16,10,20,11,4,19,14,23,25,8,9,27,17,26,29,28,22,1,6,5,21,13,15,0,2,24
333;294;8545;1973;6,9,26,5,1,8,25,22,23,28,17,15,20,19,16,3,12,10,13,7,4,18,24,2,0,11,27,14,29,21
334;271;7437;1500;8,3,1,27,14,25,29,13,10,2,12,15,17,26,22,11,21,9,18,28,6,5,24,23,0,4,20,7,19,16
335;298;11785;2241;8,18,11,27,28,14,9,12,5,29,1,15,10,19,16,3,21,20,25,7,2,4,24,17,0,23,6,22,26,13
336;313;9983;2359;2,4,12,14,10,18,3,11,13,29,15,22,28,9,5,27,1,8,0,23,26,21,24,25,6,17,20,19,16,7
337;326;18029;4003;17,2,10,20,0,7,16,4,15,19,14,22,28,9,5,27,1,8,29,23,26,21,13,25,6,3,12,11,18,24
338;309;12637;2113;7,14,16,10,15,19,2,20,0,29,3,21,8,9,25,27,17,26,13,28,23,5,24,22,1,6,12,11,18,4
339;299;20760;3132;5,2,0,28,14,13,29,15,16,27,23,6,8,25,26,9,3,11,21,17,12,1,24,18,22,4,10,20,19,7
340;290;8923;1606;29,2,15,14,25,27,8,0,1,5,19,12,17,26,18,20,3,4,16,22,6,7,24,10,11,13,23,9,28,21
341;268;8813;1400;28,8,25,5,7,3,19,1,27,10,21,6,20,17,26,23,12,15,9,0,4,16,24,11,22,18,13,14,29,2
342;267;5530;951;16,9,23,20,15,28,0,21,17,5,7,12,14,29,13,10,25,2,19,27,18,3,4,1,11,8,24,22,26,6
343;346;14201;3289;20,17,15,3,26,1,8,0,22,25,19,12,5,28,14,7,21,29,16,27,18,10,2,9,11,23,4,13,6,24
344;283;11689;2752;8,27,26,9,29,28,14,22,2,5,21,0,17,20,16,1,7,10,23,19,4,25,24,3,15,6,11,12,18,13
345;299;9508;1618;19,1,3,16,0,25,20,24,15,8,23,12,5,14,13,9,10,29,21,27,18,28,4,2,11,7,22,26,17,6
346;349;19041;2849;29,9,28,14,23,27,25,5,21,8,19,6,17,7,26,20,12,4,16,10,13,18,24,3,22,11,2,15,0,1
347;317;8901;1499;29,9,23,14,8,28,27,21,25,5,22,6,17,20,3,16,12,10,26,19,4,18,24,7,13,11,2,15,0,1
348;296;11132;1684;8,3,25,7,29,27,19,1,2,10,23,15,18,11,12,4,28,22,21,26,6,9,24,17,0,5,20,14,16,13
349;301;10957;1710;23,15,26,9,17,0,5,22,6,28,25,13,10,19,3,27,1,29,8,16,7,20,24,14,2,21,12,11,18,4
350;267;9242;2156;17,22,6,27,8,26,5,24,9,28,12,15,7,19,20,18,13,16,11,14,0,29,4,10,2,3,1,21,23,25
351;272;10673;2261;9,22,6,18,17,26,23,4,24,21,25,13,28,27,10,1,16,19,8,29,7,5,2,14,3,20,11,0,15,12
352;335;14197;2509;3,7,10,14,16,19,20,4,13,29,21,12,23,9,28,1,17,5,27,8,18,25,22,26,11,6,15,0,2,24
353;268;6517;1080;5,23,21,7,26,9,17,6,22,28,25,12,27,29,14,1,10,16,8,19,18,3,2,20,11,4,13,0,15,24
354;278;10786;1669;27,21,1,28,9,25,8,24,23,5,29,0,4,10,18,2,3,16,14,19,12,7,11,20,15,13,6,26,17,22
355;290;9831;1522;8,1,3,19,14,25,29,13,2,27,23,12,5,17,18,9,10,22,21,26,6,28,24,4,11,7,0,15,20,16
356;292;9823;1597;19,20,0,3,8,16,25,15,17,1,12,14,5,28,27,18,10,21,11,9,29,7,13,23,2,4,6,26,22,24
357;298;13560;2175;5,29,14,28,10,27,7,13,2,19,20,22,21,23,17,0,1,8,16,9,26,15,24,25,6,3,12,11,18,4
358;351;19494;4054;27,25,23,28,3,8,5,21,1,9,14,6,0,16,15,2,22,10,29,19,20,13,17,7,4,26,12,11,18,24
359;365;19835;3235;5,4,23,28,11,9,12,21,17,18,10,15,19,20,16,3,25,14,7,29,2,1,13,27,0,8,24,22,26,6
360;321;14791;2856;17,22,6,1,3,26,25,4,13,8,5,16,10,7,19,28,21,14,9,29,0,27,15,2,20,23,12,11,18,24
361;271;10367;1645;29,8,25,14,9,27,28,1,2,5,10,22,18,12,4,7,16,17,3,11,26,19,24,20,6,13,0,23,21,15
362;286;9107;1556;27,18,11,1,8,5,25,12,9,28,29,15,16,19,20,13,17,7,14,10,2,3,24,4,0,6,22,21,23,26
363;281;8895;1523;9,2,15,28,11,18,7,0,12,5,29,17,16,14,1,19,26,25,27,21,3,8,13,23,20,22,6,4,10,24
364;365;18200;3372;20,7,2,16,3,19,14,13,10,29,28,15,9,21,23,5,25,22,27,26,6,8,24,17,0,1,11,12,18,4
365;317;19650;3929;5,2,15,28,23,27,9,0,21,8,10,6,26,17,22,19,29,11,7,20,12,16,13,18,4,14,3,25,1,24
366;287;9942;1596;22,1,15,26,21,25,9,0,23,8,20,6,19,7,10,16,28,2,3,29,13,27,24,14,4,5,12,11,18,17
367;308;10486;1618;29,9,28,14,23,27,25,5,21,8,19,12,17,26,18,20,3,4,16,22,6,7,24,10,11,13,2,15,0,1
368;263;7721;1215;18,15,12,7,16,0,19,11,2,20,4,26,21,1,23,3,28,8,10,25,22,27,6,9,17,5,13,14,29,24
369;313;17021;2684;29,13,10,14,20,7,16,4,24,19,28,15,9,23,2,27,25,18,5,21,12,8,11,1,0,3,22,26,17,6
370;278;6350;1022;18,22,11,21,8,17,9,12,26,23,4,15,14,29,16,10,28,20,6,19,2,27,13,7,0,5,24,25,3,1
371;315;11789;2014;29,9,23,14,8,28,5,21,25,27,16,15,17,26,22,20,3,4,2,10,6,19,24,7,0,13,11,12,18,1
372;321;17672;3518;17,6,22,28,29,14,27,26,2,5,23,0,20,19,16,21,7,3,9,25,1,8,24,10,15,4,12,11,18,13
373;297;10324;1726;21,18,11,23,17,5,9,12,4,28,25,15,14,29,16,1,10,20,8,19,2,27,13,7,0,3,24,26,22,6
374;284;7195;1208;3,18,12,16,10,7,19,11,4,20,27,21,26,8,22,28,15,9,17,25,23,5,24,1,6,0,2,14,29,13
375;302;13436;2073;10,18,12,7,5,4,28,11,13,9,23,0,19,29,20,21,25,14,17,27,16,3,2,1,15,8,24,26,22,6
376;305;14399;2298;7,18,12,10,20,14,19,11,16,29,28,22,9,23,8,5,3,25,27,21,26,17,24,1,6,13,15,2,0,4
377;353;17944;2687;3,26,22,19,10,17,7,6,4,20,16,15,23,21,14,9,8,29,28,27,2,5,13,1,0,25,12,11,18,24
378;309;13263;2062;3,26,13,19,17,7,20,24,22,10,29,0,27,9,23,2,14,25,18,8,21,28,1,5,15,16,4,11,12,6
379;295;12064;2524;8,12,0,25,11,18,3,15,24,1,16,14,23,9,21,19,10,27,20,28,29,7,13,5,2,4,22,26,17,6
380;314;12031;2080;21,26,6,23,7,17,28,24,22,9,25,15,16,27,2,20,5,18,8,29,12,19,11,14,0,1,3,4,10,13
381;371;23023;3769;2,22,6,16,0,26,17,4,15,20,7,21,29,27,14,10,28,25,19,8,1,3,13,9,23,5,11,12,18,24
382;317;13636;2072;27,21,1,28,9,25,8,24,23,5,20,15,16,29,14,19,3,12,7,11,2,10,13,18,0,4,6,26,17,22
383;306;11565;1917;16,4,12,20,22,18,26,11,6,17,29,21,27,8,25,5,19,3,14,9,23,28,13,10,1,7,2,0,15,24
384;334;18138;2712;29,5,14,27,26,28,8,13,22,9,4,15,7,19,16,10,25,17,2,23,20,3,24,21,0,1,11,12,18,6
385;277;11694;2332;17,10,4,16,7,3,19,6,13,20,14,22,25,8,18,27,21,5,29,28,11,1,12,9,26,23,2,15,0,24
386;265;6495;1486;21,8,26,23,28,25,9,22,5,1,3,4,19,16,7,20,0,14,17,29,13,27,24,2,10,15,12,11,18,6
387;304;17635;3495;3,9,23,27,25,28,8,21,1,5,22,15,17,20,16,14,10,13,26,19,2,29,6,7,0,4,12,18,11,24
388;316;19233;2920;18,22,12,9,4,26,17,11,6,23,25,10,27,29,14,1,28,19,8,16,7,21,13,20,3,5,2,0,15,24
389;307;12816;2013;27,23,21,28,8,25,9,1,24,5,4,12,20,16,18,10,7,14,3,29,0,19,15,2,11,13,6,26,17,22
390;310;16314;2628;1,5,6,25,26,28,8,4,22,9,21,15,20,14,16,17,10,29,23,19,2,27,13,7,0,3,11,12,18,24
391;314;7959;1257;3,18,11,8,15,1,0,12,24,25,5,7,14,29,2,28,21,19,9,16,10,27,4,20,13,23,22,17,26,6
392;296;10083;1946;9,26,17,8,23,1,21,3,22,25,5,12,2,29,14,27,10,16,28,19,18,7,13,20,11,4,24,0,15,6
393;267;11280;2337;3,23,21,9,26,25,17,1,22,8,16,12,14,29,13,19,28,2,20,27,18,7,4,10,11,5,24,15,0,6
394;311;10893;2197;20,18,11,19,27,14,29,12,2,16,25,15,26,17,22,1,3,6,8,23,24,9,4,21,0,10,13,28,5,7
395;317;12401;2152;13,22,6,3,11,17,12,4,26,18,10,15,20,19,16,7,23,29,5,27,14,28,2,21,0,9,1,25,8,24
396;299;11683;1777;9,1,23,22,17,25,26,21,3,8,5,15,14,29,16,27,13,20,28,19,2,7,4,10,0,6,12,11,18,24
397;312;12195;2054;23,18,11,9,26,5,17,12,22,28,14,3,16,20,19,29,8,7,21,1,10,27,4,25,13,2,24,15,0,6
398;313;10481;1639;3,1,15,9,23,25,21,0,24,8,28,12,2,10,4,27,16,7,5,29,18,14,13,19,11,20,17,26,22,6
399;282;7153;1144;3,26,22,9,17,8,1,6,24,25,28,12,7,19,13,20,27,10,5,29,18,16,4,14,11,2,15,0,21,23
400;290;11035;1933;16,4,0,20,22,2,26,15,6,17,7,1,28,9,23,10,14,8,19,27,25,29,3,5,21,13,12,11,18,24
401;323;13188;3003;5,18,11,14,26,1,8,12,17,25,28,4,3,7,10,22,23,2,9,29,13,19,24,27,6,21,15,0,16,20
402;301;8478;1727;17,22,6,27,8,26,5,24,9,28,29,12,20,16,18,19,13,4,14,10,0,7,15,2,11,3,21,1,25,23
403;323;14523;2528;27,23,21,28,8,25,9,1,24,5,4,15,20,19,16,10,12,14,3,29,2,18,13,7,0,11,6,26,17,22
404;284;8677;1351;28,25,8,5,1,9,21,26,22,23,14,15,16,19,20,29,3,7,27,10,2,13,24,4,0,17,12,11,18,6
405;311;8407;1322;5,18,11,28,23,4,21,12,17,9,25,15,27,14,16,1,10,29,8,20,2,3,13,19,0,7,24,22,26,6
406;264;5126;834;8,4,13,25,12,3,18,24,11,1,7,0,20,29,14,19,9,21,10,27,15,28,2,23,16,5,22,26,17,6
407;339;10136;1695;2,8,28,29,25,27,1,5,9,14,22,0,7,10,4,6,11,16,26,19,24,17,12,20,15,18,3,21,23,13
408;263;8620;1354;5,29,27,28,19,14,20,2,7,16,15,12,21,23,1,9,26,3,0,25,18,8,24,17,11,22,6,4,10,13
409;286;7949;1345;17,0,15,20,10,16,7,2,4,19,9,12,27,29,14,23,1,5,28,8,18,21,13,25,11,3,24,26,22,6
410;272;11294;2315;28,27,29,9,8,21,5,14,25,23,10,6,20,16,17,19,13,26,3,0,22,7,24,15,4,2,12,11,18,1
411;360;16562;3503;3,16,0,29,10,20,19,15,4,14,25,6,21,23,26,8,5,17,1,9,11,27,12,28,22,18,24,2,7,13
412;280;12626;1967;19,20,23,7,4,9,10,21,17,28,25,12,27,29,2,1,16,15,8,14,18,5,13,0,11,3,24,22,26,6
413;326;16077;2759;19,14,7,28,10,29,5,13,2,27,20,15,23,21,17,9,25,22,16,26,6,8,24,1,0,3,12,11,18,4
414;279;7968;1775;2,16,0,29,7,20,19,15,13,14,25,26,21,9,23,8,12,28,1,5,22,27,6,11,17,18,4,10,3,24
415;303;10703;2424;27,8,25,28,23,21,9,1,26,5,14,12,7,19,18,29,20,10,2,3,4,16,24,13,11,17,6,15,0,22
416;313;16920;3120;27,1,23,28,8,9,25,21,26,5,29,12,3,10,4,13,17,7,14,19,11,16,24,20,18,2,6,0,15,22
417;313;10432;2271;3,0,16,25,23,17,21,20,15,1,19,4,2,7,10,29,8,28,14,5,6,27,22,9,13,26,12,11,18,24
418;294;10603;2229;5,10,4,28,16,7,19,6,14,20,3,12,25,1,18,9,26,0,17,23,15,8,24,21,11,22,2,27,29,13
419;264;7225;1307;14,2,0,29,7,16,19,15,13,20,12,8,5,28,9,18,17,23,11,21,26,27,22,1,25,6,4,10,3,24
420;273;6679;1156;27,26,22,5,8,17,25,6,9,28,29,15,16,20,11,2,13,18,14,19,12,7,4,10,0,3,24,21,23,1
421;337;11725;1869;18,12,13,14,19,11,7,24,2,29,5,22,8,25,9,28,10,23,27,1,17,3,6,21,26,4,0,15,20,16
422;322;14712;2466;27,25,1,28,21,8,9,24,23,5,10,0,13,29,2,7,20,18,3,14,12,19,11,16,15,4,6,17,26,22
423;314;14169;2243;1,18,11,25,9,5,8,12,4,28,21,15,20,19,16,27,3,14,23,29,2,10,13,7,0,17,24,22,26,6
424;283;8390;1663;3,12,0,8,11,18,1,15,24,25,28,13,14,29,7,27,21,19,5,16,10,9,4,20,2,23,22,17,26,6
425;280;7518;1662;27,18,11,29,2,23,14,12,17,21,28,6,8,25,26,9,7,13,5,3,4,1,24,10,22,19,0,16,20,15
426;274;6047;1596;18,0,7,11,16,20,19,24,15,12,4,26,28,8,9,5,1,23,10,25,22,27,6,21,17,3,13,14,29,2
427;308;7168;1896;3,16,0,4,7,20,19,15,24,10,25,22,23,9,17,8,27,11,1,28,6,21,12,5,26,18,13,29,14,2
428;354;9744;2732;9,18,11,10,13,5,7,12,4,28,27,15,14,19,16,29,3,21,2,23,20,8,1,25,0,17,26,22,6,24
429;308;12303;13164;27,21,1,28,9,25,8,24,23,5,13,12,20,16,18,7,10,14,3,29,0,19,15,2,11,4,6,26,17,22
430;261;5979;1424;28,1,23,5,27,9,8,21,29,25,26,15,11,12,2,22,3,6,17,18,24,7,4,13,0,10,16,20,19,14
431;376;26053;6049;14,18,12,29,19,4,7,11,2,10,28,22,9,23,17,5,3,8,27,25,26,21,24,1,6,13,0,16,15,20
432;317;12061;13078;9,27,21,28,29,7,19,23,2,10,12,22,15,0,17,18,3,8,11,25,26,5,24,1,6,13,20,14,16,4
433;309;17192;4438;17,16,0,3,7,20,10,15,2,19,14,18,21,23,25,27,26,8,29,9,11,28,12,5,1,22,6,13,4,24
434;289;7849;11982;7,17,11,19,22,20,26,12,6,16,5,15,9,23,21,28,10,25,18,8,1,27,2,3,0,4,13,14,29,24
435;342;20752;5266;3,15,11,25,23,18,21,12,0,1,8,6,5,28,10,26,29,7,9,27,22,19,13,2,4,14,20,16,17,24
436;265;6355;1606;28,18,11,5,29,2,14,12,13,27,25,0,9,23,22,8,20,26,3,21,6,1,24,17,15,16,10,19,7,4
437;306;11615;3037;3,17,26,1,21,8,9,22,23,25,12,10,20,16,19,18,28,2,11,29,7,27,13,14,4,5,6,15,0,24
438;273;9734;14364;27,18,12,8,0,2,1,11,15,25,14,6,16,19,20,5,17,10,29,7,13,28,22,3,4,26,21,23,9,24
439;310;15693;3966;28,17,11,19,23,9,21,12,20,7,4,22,3,25,1,18,29,8,10,5,26,27,13,14,6,2,15,0,16,24
440;306;12767;4075;5,16,0,28,7,20,19,15,14,10,25,12,17,26,18,8,23,22,3,1,6,9,24,4,11,21,2,27,29,13
441;316;11368;5815;29,18,11,27,25,5,8,12,1,14,13,0,20,19,16,3,26,4,2,10,6,17,24,7,15,22,23,9,28,21
442;314;14682;4435;19,18,11,29,20,2,16,12,17,14,27,21,10,4,9,28,13,25,7,8,1,5,24,3,23,6,15,22,26,0
443;292;11838;3733;22,10,4,26,20,7,16,6,17,19,29,3,5,8,25,27,11,21,14,9,1,28,18,23,13,12,2,15,0,24
444;356;22756;5386;9,17,26,0,11,23,15,22,12,21,25,14,20,19,29,1,28,27,8,10,2,3,13,7,16,5,24,4,18,6
445;332;18214;4409;7,24,15,13,22,2,26,0,6,17,9,16,21,27,29,23,10,19,28,8,20,5,1,25,14,3,18,11,12,4
446;274;8586;2129;7,12,15,13,4,11,18,0,24,2,5,1,19,16,20,10,9,14,28,29,25,27,21,8,3,23,17,22,26,6
447;306;15089;3434;2,7,3,14,20,19,16,13,10,29,15,22,1,25,8,17,28,23,0,21,6,27,24,9,26,5,18,12,11,4
448;293;12992;2985;17,26,22,27,8,28,25,6,9,5,4,12,14,29,2,18,7,16,3,19,0,10,15,20,11,13,1,21,23,24
449;315;14419;3783;14,18,11,27,23,2,21,12,13,29,28,0,1,25,3,9,7,20,5,19,16,8,24,10,15,4,22,17,26,6
450;275;8155;2112;5,12,18,28,22,11,26,4,6,17,10,15,19,20,16,3,25,14,7,29,2,1,13,27,0,8,21,23,9,24
451;309;9536;2259;27,22,17,21,9,28,23,6,26,5,7,12,10,3,4,19,0,13,20,29,18,16,2,14,11,15,1,25,8,24
452;336;15010;3637;23,14,0,1,29,16,27,15,2,21,19,22,10,3,4,7,9,17,20,25,26,28,24,8,6,5,12,11,18,13
453;295;9023;2424;6,10,4,16,7,3,19,24,13,20,28,26,23,9,17,21,15,8,5,25,11,1,12,18,22,0,27,14,29,2
454;281;11190;2700;27,21,1,28,9,25,8,24,23,5,20,15,16,14,2,19,3,11,7,29,12,10,13,18,0,4,6,26,17,22
455;277;9921;1829;29,18,11,14,8,5,27,12,25,28,20,6,3,7,10,19,26,15,16,0,13,17,24,2,4,22,23,21,1,9
456;338;15581;3180;27,1,23,28,5,25,9,21,18,8,22,4,16,19,20,17,29,10,26,7,13,14,24,3,6,2,11,15,0,12
457;351;11025;2572;3,0,10,7,17,16,20,4,15,19,14,22,28,9,5,27,1,8,29,23,26,21,13,25,6,2,12,11,18,24
458;293;9382;2230;2,16,0,29,7,20,19,15,13,14,21,12,23,17,18,25,28,26,1,8,22,27,6,9,11,5,4,10,3,24
459;319;13157;2002;16,17,26,19,4,20,7,22,6,10,8,12,28,9,5,25,29,1,3,23,18,27,13,21,11,14,2,0,15,24
460;277;10773;1788;4,0,15,10,20,16,7,2,24,19,5,12,23,21,1,9,29,25,28,8,18,27,13,3,11,14,22,26,17,6
461;329;15542;2587;16,1,0,18,5,25,8,15,14,3,23,22,4,10,17,9,11,20,21,19,6,28,24,7,26,12,2,27,29,13
462;298;7831;1241;20,2,0,19,27,16,29,15,13,14,7,12,4,17,18,5,23,22,10,26,6,28,24,9,11,21,1,25,8,3
463;327;17917;2964;27,26,17,28,9,8,25,6,22,5,4,12,20,16,18,10,7,0,3,14,15,19,2,29,11,13,1,21,23,24
464;292;7363;1767;3,0,10,29,20,16,19,4,15,14,21,12,23,17,18,1,28,26,27,8,22,25,6,9,11,5,24,13,7,2
465;304;10518;2102;1,11,21,16,18,27,29,23,12,14,8,22,4,10,17,3,28,20,25,19,6,9,24,7,26,5,13,15,0,2
466;335;16569;2860;17,16,0,3,10,20,7,15,4,19,14,25,27,28,5,26,2,9,29,21,1,22,6,23,8,13,11,12,18,24
467;291;8417;1317;5,18,11,28,23,4,21,12,17,9,14,15,20,19,16,29,25,7,1,10,2,27,13,3,0,8,24,22,26,6
468;320;15217;2361;29,10,3,14,16,7,20,13,4,19,12,25,5,28,9,11,17,23,18,21,8,27,22,26,1,6,2,15,0,24
469;344;12818;2118;27,19,20,14,10,16,3,2,7,29,25,11,5,28,18,8,23,22,1,26,0,9,15,17,12,21,24,4,6,13
470;304;9686;1506;3,17,26,9,25,21,8,22,1,23,28,15,20,19,16,27,13,14,5,29,2,7,4,10,0,6,12,18,11,24
471;342;19986;4532;29,7,13,14,20,10,16,24,4,19,27,12,0,9,15,28,8,23,2,21,18,5,1,25,11,3,22,17,26,6
472;265;5791;1276;29,10,3,14,7,19,16,13,4,20,12,26,1,25,8,11,28,23,18,9,22,5,6,21,17,27,2,15,0,24
473;372;22834;3395;9,26,22,8,23,17,15,6,21,0,5,12,14,29,16,27,10,20,28,19,18,2,13,7,11,4,3,1,25,24
474;318;12605;2055;9,18,11,10,13,5,7,12,4,28,25,15,19,20,16,3,23,14,8,29,2,1,21,27,0,17,24,22,26,6
475;285;6284;1005;27,10,3,20,14,19,29,2,7,16,25,22,5,9,28,8,15,17,1,23,11,21,12,18,26,0,24,6,4,13
476;321;15399;2333;3,9,23,17,26,1,8,21,22,25,5,12,14,29,18,27,7,16,28,20,0,2,15,19,11,10,4,13,6,24
477;331;14392;2341;17,20,3,29,10,16,19,13,7,14,15,12,1,25,21,18,28,9,0,8,23,5,22,26,11,27,6,4,2,24
478;288;11982;2722;18,25,3,5,14,8,29,13,1,27,23,6,12,11,26,9,19,17,21,10,4,28,24,7,22,20,15,16,0,2
479;285;9955;1825;20,7,10,14,27,19,29,4,2,16,25,6,3,17,26,1,0,11,8,18,22,5,24,12,13,15,23,9,28,21
480;284;8310;1412;16,18,11,19,17,4,20,12,3,10,8,6,5,14,26,28,15,7,9,29,13,27,24,2,22,0,21,23,25,1
481;325;15247;2434;2,20,11,27,14,16,29,12,18,19,5,6,0,15,13,28,23,26,10,7,22,9,24,17,4,21,1,25,8,3
482;282;8082;1308;20,18,12,16,7,29,19,11,2,14,15,22,1,25,8,5,27,9,0,23,26,28,24,21,6,17,4,10,3,13
483;272;8133;1332;19,18,11,7,22,17,26,12,6,20,5,21,9,8,1,14,16,25,28,27,15,29,0,2,23,13,4,3,10,24
484;275;6256;1047;14,2,0,29,7,16,20,15,13,19,3,18,5,8,25,27,4,21,10,9,12,28,11,23,1,6,22,26,17,24
485;300;11743;1969;7,10,3,28,8,25,9,13,4,5,21,12,20,16,0,17,27,18,23,14,15,19,2,29,11,1,6,22,26,24
486;286;8754;1572;3,4,6,16,7,10,19,24,13,20,23,12,17,0,15,9,25,26,21,5,18,28,22,8,11,1,27,14,29,2
487;285;13285;2705;3,20,10,13,14,19,29,4,16,7,28,26,18,12,11,5,21,8,27,9,22,25,6,23,17,1,2,15,0,24
488;325;14261;3079;14,16,0,29,13,20,7,15,2,19,5,26,9,25,8,28,10,23,27,21,22,3,6,1,17,4,11,12,18,24
489;308;14693;2367;27,9,23,26,25,28,8,21,5,22,29,15,16,19,20,13,17,7,14,10,2,3,24,4,0,6,11,12,18,1
490;260;7488;1364;16,2,0,20,4,22,17,15,6,26,21,1,5,27,8,9,19,14,23,29,3,28,13,10,25,7,11,12,18,24
491;326;15432;2399;28,4,3,7,22,10,26,13,6,17,20,15,11,18,12,16,8,14,19,29,2,5,1,27,0,25,21,23,9,24
492;298;13470;2130;5,25,26,28,10,8,7,22,3,9,27,0,23,21,2,29,18,16,19,20,11,14,12,17,15,1,6,4,13,24
493;284;8333;1392;27,23,0,28,25,9,8,15,21,5,12,4,17,20,3,18,14,7,11,19,10,29,24,16,13,2,6,22,26,1
494;262;8071;1697;27,18,11,1,8,23,25,12,9,21,29,0,20,19,16,2,4,7,14,10,13,17,24,3,15,6,22,5,28,26
495;289;6371;1495;3,10,13,29,19,20,16,4,7,14,18,11,28,9,26,5,25,17,27,23,22,8,6,21,12,1,24,15,0,2
496;309;12074;2253;28,18,11,9,8,1,25,12,4,5,14,15,21,23,16,29,3,20,27,19,2,10,13,7,0,17,24,26,22,6
497;347;13774;2165;16,17,26,19,4,20,10,22,6,7,3,21,9,25,1,28,29,18,13,8,11,5,12,27,23,14,2,0,15,24
498;286;4444;821;6,7,4,3,16,10,19,24,13,20,1,15,23,9,18,25,26,5,21,28,12,8,11,22,0,17,2,27,29,14
499;298;9570;1622;3,10,4,20,0,7,16,24,15,19,23,12,26,9,22,17,1,28,21,8,18,25,6,5,11,27,13,29,14,2
