0;278;13865;2657;14,36,4,3,11,20,29,8,24,33,22,17,26,32,34,15,31,10,38,0,9,35,39,2,18,13,30,27,21,1,12,28,19,7,25,5,16,37,23,6
1;296;9635;2263;2,18,4,27,34,11,37,8,9,28,1,16,25,7,19,5,30,35,24,36,15,38,33,0,13,22,10,31,14,20,26,39,6,17,3,32,29,12,21,23
2;275;15432;2962;22,33,8,13,24,14,15,36,26,10,35,9,18,21,30,12,31,39,38,0,6,29,23,2,3,32,20,27,7,16,5,4,11,19,37,28,17,34,25,1
3;311;13296;3557;3,26,20,29,14,6,39,23,32,33,15,0,31,38,13,22,1,28,17,5,25,16,21,27,19,9,7,18,2,4,12,35,34,11,10,8,37,30,36,24
4;345;7144;2132;1,28,7,12,5,21,25,19,16,18,17,35,10,30,9,6,22,34,13,15,11,33,29,31,37,4,27,2,23,26,32,36,24,14,0,3,8,38,39,20
5;324;22522;4487;18,9,33,10,22,15,30,8,13,11,4,37,25,19,34,28,29,23,21,31,7,2,1,27,5,17,20,16,3,14,32,6,0,12,39,24,26,38,35,36
6;366;32205;6297;31,2,25,35,12,16,0,21,27,38,24,39,6,5,1,36,22,9,34,33,4,15,19,13,11,37,8,18,29,32,23,30,26,3,10,20,28,14,7,17
7;292;12713;3519;35,18,12,38,21,30,0,9,10,24,3,39,6,14,36,32,13,33,8,15,11,31,29,2,34,4,22,37,23,7,28,16,17,25,27,5,19,26,20,1
8;277;13686;2949;17,25,1,6,5,20,39,16,7,38,14,35,0,36,12,24,37,29,28,19,15,27,33,2,13,22,23,31,26,11,32,9,30,8,18,34,4,10,21,3
9;316;21263;4034;27,2,1,26,23,32,28,6,3,5,7,14,16,39,17,20,35,30,25,12,13,10,15,18,9,29,21,31,22,11,33,38,36,8,0,4,34,24,19,37
10;257;9084;1951;31,0,6,34,39,22,33,15,13,32,14,26,29,17,3,20,38,10,24,36,9,30,25,35,12,21,8,18,5,16,7,27,4,37,2,19,1,11,23,28
11;318;18606;3665;27,17,1,10,5,16,2,7,25,21,23,9,18,28,30,19,6,38,24,12,29,35,14,0,39,20,36,31,26,34,32,15,22,33,13,11,3,8,37,4
12;356;13856;3661;0,18,24,10,36,38,35,9,30,3,26,6,39,12,14,32,13,33,8,15,11,31,29,2,34,4,22,37,23,7,28,25,16,1,27,5,19,17,21,20
13;297;8146;2053;6,39,14,17,20,32,26,29,3,28,7,16,27,1,23,5,15,33,4,13,34,22,9,31,11,37,8,2,36,38,24,30,10,35,18,12,0,25,19,21
14;281;5634;1200;15,22,3,6,32,26,13,28,33,12,1,30,18,9,39,21,11,34,19,4,31,37,25,2,29,0,23,27,7,16,20,35,24,14,10,5,17,36,38,8
15;302;10436;2248;33,34,8,13,15,22,31,4,11,18,21,27,2,0,9,16,19,7,28,37,17,25,32,29,20,26,23,3,5,12,1,35,30,39,10,14,6,38,36,24
16;302;12916;2631;35,0,14,10,24,36,30,18,38,32,20,17,26,23,3,29,31,39,22,33,12,13,16,2,6,21,15,27,1,8,5,11,37,4,34,25,9,19,28,7
17;346;18165;3721;10,18,12,2,21,25,35,9,30,16,5,6,27,17,1,7,15,33,28,13,11,22,8,31,34,4,19,37,32,0,23,3,20,14,29,38,26,39,24,36
18;281;11835;3140;33,31,32,3,6,28,26,1,22,11,4,17,0,37,34,19,2,10,15,27,21,30,25,18,9,12,13,35,23,29,5,38,24,36,39,20,16,14,8,7
19;275;13938;3793;31,34,4,22,19,37,33,28,11,13,8,27,2,29,15,23,25,12,32,3,0,10,39,35,30,38,6,18,36,20,24,17,21,9,26,7,14,16,1,5
20;338;14591;2846;33,13,32,29,3,22,31,26,15,34,8,37,2,11,23,4,39,36,14,6,10,38,12,0,30,35,24,18,21,5,9,16,28,1,27,7,25,19,17,20
21;281;15617;3102;26,3,22,31,28,6,33,1,32,12,21,25,0,18,34,9,17,39,5,7,27,20,15,29,16,13,23,2,37,24,19,30,38,36,10,4,14,35,11,8
22;315;18256;3643;2,27,23,31,34,11,29,4,37,22,8,15,13,18,33,9,19,7,1,28,14,16,39,25,17,20,5,26,32,36,3,30,35,38,10,24,6,0,21,12
23;295;11553;3308;2,27,20,39,17,29,6,23,31,26,14,0,3,38,32,24,16,28,7,5,35,1,37,25,12,21,19,10,4,9,11,13,22,15,18,8,34,33,36,30
24;285;15183;3559;27,2,23,6,32,29,3,26,31,20,7,16,39,14,17,5,28,4,33,22,34,19,1,37,11,25,15,13,12,0,21,9,30,35,18,38,8,10,24,36
25;285;8900;1916;31,22,28,0,32,26,3,34,33,6,12,25,27,38,1,39,15,9,23,29,37,13,8,18,11,4,21,2,19,14,20,30,24,36,10,5,16,35,17,7
26;309;10790;2221;18,0,14,8,24,36,9,38,30,26,32,33,31,22,3,28,35,21,5,10,25,16,39,27,12,6,1,2,7,19,20,37,11,4,13,29,17,34,15,23
27;270;8435;1743;25,29,20,16,28,7,27,19,17,1,23,14,26,3,5,32,15,33,4,13,34,22,9,31,11,37,8,2,36,38,24,30,10,35,18,39,0,6,21,12
28;316;16141;3402;2,31,39,35,38,0,27,18,29,36,24,3,10,14,30,20,11,37,8,9,22,34,28,13,15,19,4,33,21,32,23,26,6,12,25,7,1,17,16,5
29;318;8974;2693;37,28,33,22,11,4,31,34,19,15,8,13,2,18,29,9,25,16,7,17,12,1,20,27,21,39,5,6,26,36,24,35,10,38,0,3,14,30,23,32
30;358;15247;3360;18,13,36,35,38,30,10,0,9,12,21,6,39,25,24,14,34,37,8,11,22,2,23,31,33,15,4,29,19,26,32,1,5,17,27,7,28,16,3,20
31;322;12269;2397;10,30,21,2,12,9,25,6,18,5,7,1,27,23,16,17,38,39,36,35,20,0,13,31,14,3,24,29,8,22,32,33,34,11,26,4,15,37,19,28
32;353;17037;3290;31,33,19,28,4,11,37,22,34,25,21,27,13,1,15,12,2,38,8,24,18,0,14,35,30,9,36,10,32,17,23,29,39,20,3,7,26,6,16,5
33;354;15301;2936;35,10,0,39,38,18,6,12,30,24,32,3,13,26,36,14,1,25,21,5,28,16,23,27,19,37,7,2,17,11,9,29,22,15,31,34,4,33,20,8
34;338;13420;3624;35,0,12,14,24,36,10,30,38,32,26,39,6,20,3,17,9,11,21,18,22,34,4,13,15,33,8,31,29,19,23,27,1,28,2,16,37,25,7,5
35;333;16913;3666;10,35,19,25,4,37,2,34,11,7,24,26,17,14,29,20,22,18,15,33,38,9,13,31,30,36,8,0,21,6,12,16,5,1,27,28,39,3,23,32
36;325;14322;2916;35,10,8,9,36,38,18,24,30,15,4,2,13,34,22,11,0,39,33,14,32,29,17,31,26,6,20,3,23,1,5,16,28,25,27,12,7,19,37,21
37;277;10817;2204;2,25,4,16,11,19,27,34,37,7,5,17,28,29,1,23,9,15,12,21,33,18,38,13,22,0,35,31,24,30,8,3,32,6,10,14,36,26,20,39
38;303;10014;1966;3,26,35,30,12,6,10,17,32,38,24,0,18,39,14,36,25,16,23,7,19,1,21,27,28,37,5,2,4,29,11,33,15,22,31,8,34,13,20,9
39;353;14855;3478;35,0,14,10,24,36,30,18,38,12,26,6,39,17,3,32,37,34,8,9,22,11,13,2,33,15,4,31,23,19,21,16,1,28,27,5,29,25,20,7
40;311;8423;2112;31,2,8,18,22,15,9,33,13,30,0,35,10,36,34,38,4,17,37,11,6,29,20,26,32,39,23,3,19,5,28,16,21,25,27,1,7,12,24,14
41;338;17680;3822;39,0,3,10,32,6,35,26,38,36,24,18,30,25,12,14,31,1,22,33,37,28,4,2,34,11,19,27,8,5,23,15,21,16,13,7,29,9,17,20
42;304;14214;2940;27,2,4,16,11,19,25,34,37,21,5,18,9,17,8,7,15,33,1,13,3,22,23,31,26,32,28,29,20,6,14,30,0,38,10,36,39,35,12,24
43;338;18997;3654;35,18,8,10,36,38,30,9,0,17,5,39,14,20,24,7,11,37,21,4,16,34,1,2,25,19,12,27,22,33,15,6,26,32,31,13,28,3,29,23
44;363;20307;5114;27,10,5,25,1,12,16,21,35,17,19,39,6,20,7,28,30,9,36,38,11,0,4,18,34,37,8,2,24,15,14,33,26,22,31,3,13,29,23,32
45;306;15601;3327;35,6,38,9,0,21,18,39,12,30,36,2,13,15,10,24,31,5,14,29,17,16,26,27,1,7,20,25,23,19,32,37,11,34,3,33,28,4,8,22
46;288;10763;2183;12,16,20,39,7,17,6,5,21,24,38,26,14,35,0,36,25,31,28,1,34,29,4,27,37,11,19,2,22,13,33,9,30,10,18,8,15,3,32,23
47;348;13387;2676;31,13,11,34,8,22,33,9,15,37,21,27,2,23,4,29,18,10,6,12,36,30,14,35,38,24,39,0,32,20,26,17,19,7,25,28,3,16,1,5
48;312;11828;2361;2,34,28,1,19,37,27,4,11,21,5,12,25,23,16,7,31,38,33,22,10,0,9,13,35,30,15,18,8,39,24,20,26,14,29,3,36,17,6,32
49;319;11542;2364;10,25,3,30,32,12,35,39,6,0,36,9,18,21,38,24,1,7,14,26,16,17,23,27,5,29,20,2,19,4,28,34,33,11,31,22,37,8,13,15
50;313;15263;3525;10,35,20,29,12,6,13,30,39,32,15,26,31,33,3,22,36,18,14,38,8,0,34,2,9,11,24,27,4,5,21,19,25,1,37,7,16,28,23,17
51;307;14870;3311;2,27,28,26,32,3,29,23,31,17,7,11,37,4,20,19,16,12,5,1,38,6,25,0,39,10,21,35,24,30,14,18,15,9,13,8,36,22,34,33
52;247;7746;1783;27,2,13,12,1,25,6,11,34,18,9,10,35,30,21,8,37,26,4,19,22,28,23,31,33,15,32,29,17,20,7,14,36,24,0,39,3,38,16,5
53;291;9589;1961;16,27,24,26,7,17,14,19,25,28,5,31,29,23,20,1,37,34,36,4,0,11,30,2,9,38,8,18,35,12,10,15,33,22,13,39,21,3,32,6
54;344;16737;3373;27,2,16,1,21,12,25,39,6,33,32,34,31,17,26,3,35,30,14,24,0,10,8,18,38,9,36,13,15,28,5,4,37,19,29,20,22,11,23,7
55;255;15125;3638;0,31,36,35,38,30,10,22,33,39,3,26,14,6,24,32,13,4,8,15,34,9,23,18,11,37,29,2,19,5,28,16,25,1,27,7,21,17,12,20
56;320;12482;3157;27,2,5,31,1,38,0,39,16,20,7,26,29,14,23,17,12,9,25,21,30,35,32,18,10,3,6,13,24,8,36,11,4,33,34,22,15,37,28,19
57;301;21560;4304;39,2,9,25,18,12,13,21,6,30,28,35,10,37,1,19,26,14,32,3,17,16,5,27,20,7,23,29,24,0,38,33,34,22,31,8,36,11,4,15
58;338;11574;2282;37,11,1,25,28,19,2,4,34,10,30,0,35,38,12,36,27,22,8,16,9,33,29,31,15,18,21,13,5,20,7,39,32,26,3,17,23,6,24,14
59;366;11741;2517;29,39,32,17,26,3,6,14,20,37,34,27,2,4,23,11,13,38,15,33,10,0,24,31,30,36,22,35,8,21,12,25,19,28,18,1,9,16,7,5
60;310;15377;3385;10,18,12,2,21,25,35,9,30,16,5,6,27,17,1,7,15,33,28,13,11,22,8,31,34,4,19,37,23,3,32,39,20,38,0,26,29,14,24,36
61;318;17740;4544;30,18,14,10,24,36,35,0,38,12,26,6,39,21,3,32,9,34,4,8,22,11,13,2,33,15,37,31,23,17,20,16,28,19,27,7,29,25,1,5
62;269;13736;2683;11,31,8,37,22,33,4,15,34,28,36,26,2,14,19,24,30,35,9,18,6,10,21,13,39,12,38,0,3,1,32,16,7,5,27,23,25,17,29,20
63;293;12645;2665;10,30,21,2,12,9,25,6,18,34,3,37,11,4,8,32,38,39,36,35,22,0,14,13,15,33,24,31,29,17,20,16,28,1,27,7,26,19,23,5
64;287;12471;2517;13,31,15,3,22,20,39,33,29,32,23,14,26,21,6,12,11,37,17,4,1,34,7,2,28,25,19,27,5,9,8,30,35,18,10,38,16,0,24,36
65;345;27373;6885;31,13,12,6,21,33,29,22,15,32,20,2,3,17,26,23,0,36,14,39,18,38,8,35,30,9,24,10,11,37,34,16,25,19,27,5,4,7,28,1
66;334;11580;2372;10,35,9,2,21,18,25,12,30,5,23,16,27,17,1,7,13,33,3,15,39,22,26,31,6,38,32,0,36,8,24,11,37,4,34,29,14,19,28,20
67;301;15173;2978;0,18,14,10,24,38,35,36,30,20,22,29,31,3,39,33,9,11,15,8,37,13,21,2,34,16,4,27,5,19,23,12,6,28,25,7,1,17,26,32
68;319;16854;3327;31,2,38,39,22,0,27,34,33,1,5,28,25,19,16,7,15,4,23,29,9,37,30,13,11,8,21,18,36,3,24,35,12,32,10,26,14,6,20,17
69;324;20851;5187;35,0,14,10,24,36,30,18,38,32,8,26,3,11,9,4,39,15,12,6,31,13,16,2,22,33,21,27,34,28,5,25,20,7,29,19,1,17,37,23
70;289;8098;1967;27,2,7,12,5,21,25,1,16,6,20,14,26,24,17,39,28,34,4,19,22,37,29,31,33,15,11,13,23,9,32,30,10,3,18,0,8,35,36,38
71;246;6283;1373;2,31,8,18,22,15,9,33,13,21,23,16,27,1,28,5,4,19,34,11,7,37,14,29,17,20,26,25,3,36,32,35,10,38,0,39,24,30,12,6
72;348;14116;2889;16,27,7,17,5,19,25,1,28,4,11,29,37,23,20,34,24,30,8,14,38,36,9,2,35,18,10,0,26,39,32,13,22,33,31,6,3,15,21,12
73;254;9957;2055;27,2,38,18,35,30,13,0,10,12,24,21,9,16,36,14,37,6,34,11,32,39,20,31,3,23,4,29,8,22,15,17,1,28,26,19,33,25,5,7
74;278;9691;2009;9,11,8,35,4,12,18,34,21,30,24,31,0,38,10,36,25,7,17,1,37,16,23,27,19,28,5,2,20,32,29,15,22,26,13,6,3,33,14,39
75;308;11983;2486;25,28,7,2,5,16,27,19,1,29,23,26,31,14,17,20,11,9,4,37,22,34,21,18,33,15,8,13,12,10,6,35,36,38,0,39,30,24,32,3
76;291;12760;3190;18,35,4,8,11,30,9,37,10,24,21,26,14,17,36,12,13,33,34,15,27,22,39,31,0,29,38,2,23,32,20,28,16,1,6,5,3,25,19,7
77;294;15655;3762;10,18,24,0,36,38,35,9,30,11,4,37,31,34,8,19,39,12,7,17,27,6,5,25,16,1,21,2,20,23,14,26,33,32,3,28,29,22,13,15
78;342;7843;1659;10,35,32,12,3,18,6,26,30,25,21,27,2,1,9,28,39,33,15,13,24,38,8,0,36,14,22,31,20,4,17,11,19,37,34,7,29,16,23,5
79;263;9507;1995;37,2,19,34,8,4,11,18,9,1,7,16,27,21,25,5,22,13,28,33,30,15,32,31,29,3,23,10,26,39,20,35,36,38,0,14,6,24,12,17
80;333;11166;2361;16,25,1,2,5,28,27,7,19,12,6,21,37,3,23,32,29,14,17,20,36,39,35,31,24,38,26,0,10,8,30,15,18,22,13,34,33,9,4,11
81;305;10858;2215;35,10,14,0,24,36,38,12,30,21,16,9,18,8,25,5,3,28,6,32,27,26,34,31,33,22,1,2,23,11,19,15,29,4,13,39,37,17,7,20
82;317;16087;4213;0,18,14,10,24,38,35,36,30,12,21,6,39,20,3,29,2,34,8,9,22,11,37,31,33,15,4,13,23,19,32,25,1,28,27,7,26,16,17,5
83;355;20774;4631;30,0,14,35,24,36,10,18,38,17,7,6,39,16,20,5,3,33,32,26,15,29,27,31,22,13,23,2,11,37,8,1,25,19,28,4,34,12,21,9
84;359;15631;3166;37,2,19,16,4,34,27,25,11,33,22,29,31,13,28,15,18,30,8,9,36,10,14,35,38,24,3,0,20,17,7,12,26,32,6,23,39,21,1,5
85;335;12188;2478;10,35,14,18,24,36,30,0,38,26,6,3,13,17,39,32,25,4,21,12,11,16,1,27,37,34,19,2,5,23,7,29,15,22,31,8,28,33,20,9
86;278;7481;1582;27,2,19,34,28,1,37,0,25,23,5,29,31,20,16,7,12,30,32,6,36,10,26,35,24,14,3,38,33,8,22,13,9,15,18,4,39,21,17,11
87;331;11700;3105;13,33,4,37,15,11,2,22,34,28,21,25,27,1,19,12,18,36,8,9,35,38,14,0,30,10,24,31,29,3,20,17,6,32,26,23,39,16,7,5
88;323;10820;2791;22,13,32,28,26,33,31,3,15,6,39,27,29,17,23,20,36,35,14,24,18,38,8,0,10,9,30,2,11,12,4,1,5,21,25,37,34,16,7,19
89;349;13748;2948;2,37,9,18,8,34,27,4,11,36,38,35,10,14,30,24,15,33,23,13,3,22,28,31,26,32,29,0,20,7,19,39,25,16,6,5,17,12,21,1
90;321;9770;1942;35,0,38,9,39,6,18,21,12,36,24,10,30,15,13,8,19,11,16,25,1,37,31,2,34,28,4,27,7,23,5,3,26,20,29,32,17,14,22,33
91;304;12755;2472;2,37,28,1,19,34,27,4,11,36,24,35,0,38,8,14,3,29,23,32,22,26,39,31,33,15,6,13,20,12,7,30,18,25,10,21,17,9,16,5
92;267;5519;1267;27,13,19,37,22,28,2,15,16,23,5,29,31,20,1,7,10,35,21,25,39,30,9,18,38,6,12,0,24,14,8,26,33,32,3,11,36,34,17,4
93;313;13148;2935;2,25,4,1,11,19,28,34,37,23,5,16,27,17,29,7,22,13,21,33,10,15,12,31,18,30,9,35,8,38,24,6,32,39,0,14,36,3,20,26
94;296;15695;3840;37,34,36,38,30,4,0,8,11,14,39,10,35,3,24,20,18,22,21,9,27,15,23,13,31,29,33,2,16,28,5,12,32,6,25,19,1,26,17,7
95;311;19833;4169;13,31,22,18,33,15,30,29,10,11,21,8,9,37,34,4,14,17,39,20,5,26,25,2,16,1,7,27,23,3,32,38,24,36,0,12,6,35,19,28
96;370;15045;3378;2,27,30,18,10,29,13,35,31,6,32,12,9,21,3,23,0,24,39,38,17,36,5,14,16,7,20,26,1,28,8,19,11,4,37,22,25,34,15,33
97;280;6855;1633;37,34,28,27,19,4,2,1,11,5,7,23,29,20,16,17,10,12,18,25,39,35,13,31,6,38,30,0,3,24,32,22,8,15,33,14,36,9,21,26
98;304;11083;3114;10,18,21,25,12,9,35,6,30,11,4,28,1,19,34,37,27,15,32,3,22,13,26,2,29,33,23,31,14,38,24,20,7,17,39,36,0,5,8,16
99;312;17805;4939;18,10,6,13,12,9,35,21,30,36,24,0,39,14,38,15,16,1,17,5,19,27,23,2,25,28,7,37,26,11,32,29,33,34,31,3,4,22,8,20
100;291;11728;2380;10,35,14,31,24,36,0,38,30,15,22,29,13,26,8,33,18,21,39,9,7,12,20,25,17,5,6,16,3,28,32,27,34,37,2,19,1,11,4,23
101;310;8057;1608;35,10,12,18,6,38,30,39,0,36,24,9,13,3,21,32,25,17,5,1,19,16,23,27,28,37,7,2,11,20,4,29,26,33,31,22,34,14,15,8
102;282;9808;2032;10,25,37,35,19,9,30,28,18,36,24,0,38,8,12,14,17,29,20,7,16,2,21,27,5,1,23,31,26,33,32,15,34,22,13,39,3,11,4,6
103;354;24158;5398;35,10,21,12,9,38,0,30,18,39,15,31,13,33,6,22,8,11,24,36,34,4,17,2,37,26,14,27,23,5,32,29,1,20,3,7,16,28,25,19
104;327;8476;2150;2,34,24,4,36,8,37,9,11,26,19,16,27,17,14,28,13,30,33,15,35,18,39,31,10,38,22,0,29,32,20,12,25,21,6,23,3,1,7,5
105;266;8526;2001;2,27,21,0,12,6,31,16,39,36,24,10,35,30,38,14,1,7,23,5,19,29,4,25,17,37,20,28,3,34,32,15,33,22,13,8,11,26,18,9
106;310;9210;2033;31,6,26,34,32,25,33,3,12,16,21,2,27,23,1,5,0,36,14,39,10,38,9,35,30,18,24,13,15,29,22,11,19,4,37,20,8,28,7,17
107;320;8331;1676;2,31,4,37,11,34,27,13,29,15,9,22,33,28,8,19,18,38,20,39,30,0,3,35,36,24,14,10,32,17,23,12,1,21,6,5,26,25,16,7
108;325;14767;2901;2,37,21,18,8,34,9,4,11,38,24,0,35,30,12,36,28,1,23,19,7,25,20,27,5,17,29,16,15,33,22,39,3,6,31,32,13,10,14,26
109;320;16963;3596;27,35,19,37,25,30,2,16,10,11,12,9,18,34,4,21,17,14,5,7,36,29,39,31,24,38,20,0,23,32,6,33,15,22,26,28,3,13,8,1
110;313;11696;3223;31,13,20,39,8,33,29,15,22,38,36,30,3,14,0,24,18,4,21,9,19,11,12,2,37,28,34,25,7,5,23,16,10,17,27,6,1,35,26,32
111;300;13731;2869;35,0,24,9,36,30,18,38,10,11,34,27,2,37,8,4,26,13,22,14,20,33,17,31,39,3,15,29,32,28,23,12,21,1,25,5,6,16,19,7
112;262;8119;1662;2,27,36,0,38,30,35,18,10,14,12,13,31,34,24,1,16,8,5,21,4,9,17,25,19,11,7,37,15,28,22,20,39,3,29,32,23,6,26,33
113;300;8265;1808;14,26,20,36,7,17,24,5,16,33,8,31,29,15,23,22,3,10,28,1,6,30,35,27,25,12,32,2,38,21,39,9,11,34,18,4,0,37,13,19
114;244;8150;1657;29,31,32,6,26,20,39,14,3,5,21,16,17,7,23,12,38,30,24,36,15,0,33,18,9,22,8,13,35,11,10,27,19,37,2,4,34,25,1,28
115;289;17034;3439;37,34,16,18,21,4,9,8,11,28,1,12,25,7,19,5,27,15,32,3,33,13,26,2,22,29,23,31,20,36,14,38,10,30,0,24,39,35,17,6
116;386;14734;3239;37,25,17,34,7,4,11,28,19,22,15,29,31,9,33,8,26,16,23,32,12,1,3,27,6,21,5,2,14,38,24,30,18,35,10,0,36,13,20,39
117;292;17276;3506;27,2,19,25,4,34,16,11,37,21,5,28,1,17,12,7,35,38,14,24,18,10,8,0,30,9,36,31,22,13,15,26,32,39,3,29,33,6,23,20
118;291;13578;2692;16,27,5,17,1,7,25,28,19,12,21,35,10,39,6,20,37,34,23,4,29,11,3,2,26,33,32,31,22,9,8,18,38,0,13,36,15,30,14,24
119;275;18745;3733;33,31,28,34,32,3,26,15,22,4,23,37,2,19,11,29,6,30,21,12,0,10,9,13,39,38,35,18,24,1,14,16,7,25,27,5,36,17,8,20
120;326;15082;3256;35,0,14,10,24,36,30,18,38,20,5,13,39,17,8,7,21,27,9,12,11,16,19,2,34,4,25,37,1,6,23,3,33,32,31,22,28,26,29,15
121;388;24396;5259;9,18,21,15,4,11,13,37,34,23,5,17,29,20,8,7,35,12,30,10,1,25,16,2,6,28,19,27,39,36,24,0,26,14,31,32,38,3,22,33
122;373;11927;2457;18,9,8,15,4,34,13,21,11,33,12,35,31,10,22,30,19,28,23,37,16,25,17,2,1,5,7,27,32,20,6,3,38,39,0,14,26,36,29,24
123;259;12660;3409;2,27,34,29,22,33,31,15,13,4,8,0,37,39,11,20,3,6,23,32,21,28,5,18,12,16,1,9,7,30,19,35,24,14,10,26,25,36,38,17
124;309;15565;3365;13,37,33,25,22,15,28,4,19,21,5,35,10,12,1,23,29,17,7,20,34,31,16,2,11,0,39,27,6,26,32,38,36,14,18,24,3,30,8,9
125;304;13301;3345;2,13,15,29,21,16,31,9,27,8,23,34,33,1,22,5,10,38,18,30,12,0,14,35,39,24,36,6,20,26,32,17,19,7,25,28,3,37,11,4
126;267;9948;2489;2,34,19,25,4,37,27,1,11,17,7,9,18,21,16,5,29,6,28,20,32,39,22,31,26,33,14,3,23,36,8,0,30,38,13,24,15,10,12,35
127;295;17706;3415;27,2,1,6,32,26,17,23,3,12,39,35,10,38,25,0,37,34,19,28,22,11,29,31,33,15,4,13,20,36,14,9,21,30,18,24,8,16,7,5
128;254;6479;1444;37,25,28,34,17,4,11,7,19,33,8,1,26,6,22,32,18,27,15,9,39,13,3,2,29,20,23,31,21,14,5,38,30,36,0,24,16,10,12,35
129;364;12842;2587;31,2,23,33,32,29,26,3,27,22,4,34,37,11,15,8,0,12,39,6,9,35,13,10,30,21,38,18,24,16,14,17,19,7,25,5,36,28,1,20
130;315;12903;2603;6,39,14,17,20,32,26,29,3,28,7,16,27,1,23,5,31,22,38,0,30,33,8,13,15,9,36,18,34,4,24,37,19,10,2,35,11,25,21,12
131;338;15068;3864;13,18,33,29,22,15,31,21,9,30,6,10,35,38,12,39,28,19,5,1,37,16,17,27,25,23,7,2,11,32,34,14,24,3,26,8,4,36,0,20
132;315;14258;5065;13,34,4,31,8,22,33,11,15,35,36,0,29,38,37,24,18,21,30,9,16,10,5,2,25,1,12,27,7,17,19,6,26,32,3,23,28,39,14,20
133;272;13860;4827;13,18,33,31,22,15,10,9,30,21,19,12,25,1,29,28,11,27,8,34,38,37,24,2,35,36,4,0,23,14,32,6,17,26,39,20,3,16,5,7
134;304;9987;3600;31,13,4,37,11,33,34,15,22,28,21,27,25,1,19,12,18,35,8,9,36,30,14,2,38,24,10,0,26,29,32,6,17,20,39,23,3,7,16,5
135;362;11209;3968;2,18,11,16,34,13,27,21,9,15,1,37,4,23,8,5,36,38,14,24,39,0,25,35,30,6,12,10,32,20,26,29,22,33,31,17,3,28,19,7
136;316;8706;3132;31,13,34,27,33,22,2,0,15,28,11,37,25,19,1,4,35,30,39,38,12,10,32,18,6,21,3,9,36,16,8,14,17,20,26,5,24,29,23,7
137;281;14562;4872;2,34,19,16,4,37,27,25,11,1,29,26,3,32,28,23,22,13,12,33,30,15,35,31,9,10,21,18,8,14,24,38,6,39,0,20,36,17,5,7
138;292;7001;2508;0,18,12,6,21,38,39,9,35,17,7,29,31,20,13,5,27,19,1,16,11,25,10,2,34,4,28,37,23,3,30,33,15,22,26,8,32,14,24,36
139;308;11268;3753;10,35,6,25,12,39,31,38,0,20,7,3,29,1,17,5,18,13,21,9,24,30,16,2,36,14,15,27,22,34,33,11,19,4,37,26,8,28,23,32
140;287;11311;3881;10,18,12,2,21,25,35,9,30,36,24,27,0,16,38,14,33,11,8,22,37,34,28,31,4,19,15,13,17,32,7,3,39,20,29,23,26,6,1,5
141;353;14175;4647;0,18,24,10,36,38,35,9,30,12,21,6,2,39,14,25,11,34,8,4,22,37,28,31,33,15,19,13,5,23,7,16,32,26,27,17,1,3,20,29
142;300;12775;4609;27,16,19,28,7,1,2,5,25,23,20,29,37,6,17,39,9,10,12,21,38,35,14,18,30,36,24,0,4,15,11,13,33,22,31,34,8,26,32,3
143;372;40271;14077;13,31,8,30,9,15,18,33,22,36,24,39,0,26,38,14,11,37,10,4,28,34,35,2,25,1,19,27,5,23,7,29,32,20,3,17,16,6,21,12
144;296;17803;6267;26,3,20,29,39,6,17,14,32,37,7,27,2,28,23,19,38,30,24,0,8,35,4,18,10,11,36,9,33,15,34,13,25,21,31,12,22,16,5,1
145;358;26005;9173;35,18,39,6,0,10,12,38,30,16,32,27,2,23,21,3,14,33,36,24,15,26,9,31,22,13,8,29,11,17,34,19,25,7,37,20,4,28,5,1
146;334;10623;3895;27,2,5,12,1,21,25,18,16,0,38,35,10,24,30,36,37,11,28,19,15,4,8,13,34,22,9,33,7,26,23,29,3,20,31,32,17,39,14,6
147;338;9778;3645;10,35,14,18,24,36,30,0,38,8,26,3,2,23,9,32,6,25,17,39,1,12,20,27,21,5,7,16,19,29,37,13,22,15,31,34,28,33,11,4
148;332;11685;4183;10,30,7,17,20,9,25,29,18,16,21,27,2,1,5,12,39,0,24,35,22,38,14,13,15,33,36,31,8,28,3,11,37,4,34,32,26,19,6,23
149;322;12823;4597;3,31,14,39,20,32,6,29,26,21,4,9,18,34,12,11,1,28,23,5,37,16,17,27,19,25,7,2,15,36,22,30,35,38,10,24,13,0,33,8
150;299;9594;3595;2,18,15,31,16,13,27,21,9,5,20,23,29,17,1,7,38,30,39,0,24,35,6,10,36,14,12,25,32,33,3,34,11,19,37,28,26,4,8,22
151;267;9562;3404;35,10,26,0,14,36,38,24,30,20,6,31,3,29,39,32,17,25,5,7,9,16,12,27,18,21,1,2,19,11,28,15,22,34,13,4,37,33,23,8
152;253;8580;3177;18,35,21,13,12,30,9,6,10,7,5,29,17,20,15,23,0,25,38,39,19,16,34,27,28,37,1,2,4,22,8,33,26,3,31,32,11,14,24,36
153;301;17642;16036;35,0,24,14,36,30,10,39,38,17,5,26,3,25,20,7,21,9,6,12,31,18,15,13,27,29,16,2,23,33,8,4,19,11,37,34,22,28,1,32
154;359;16050;9003;2,29,32,4,28,37,3,19,23,33,11,22,31,15,26,34,17,16,20,7,6,25,21,27,1,12,5,39,14,38,24,9,30,35,18,36,0,10,13,8
155;384;19187;3870;0,38,20,3,39,24,14,35,36,17,5,2,27,23,16,7,30,29,8,10,15,18,21,31,22,33,9,13,11,37,4,12,1,28,25,19,34,6,26,32
156;427;32651;8881;13,31,8,18,22,15,9,33,29,39,20,38,0,12,21,6,11,3,23,34,28,4,26,37,19,27,32,2,17,14,7,35,36,24,10,16,25,30,1,5
157;300;11625;4897;0,35,14,10,24,36,30,39,38,20,15,29,31,33,13,22,26,32,8,4,12,3,17,18,6,21,11,9,34,19,23,27,1,28,2,7,37,25,16,5
158;280;8181;3324;2,31,5,16,7,17,27,20,29,26,28,33,25,22,1,19,24,30,3,14,0,10,13,35,38,39,36,18,6,9,32,11,4,8,34,21,12,37,15,23
159;364;15724;6733;10,3,26,30,32,12,35,39,6,38,24,18,13,0,14,36,25,23,20,17,16,29,1,31,27,5,7,2,28,37,21,11,8,4,34,22,19,9,33,15
160;360;21751;9132;2,37,25,16,19,4,27,34,11,7,23,13,29,20,17,5,26,6,1,28,0,32,38,3,33,22,39,31,14,12,24,30,18,35,10,8,36,9,15,21
161;317;9604;4397;10,35,14,18,36,38,30,24,0,13,20,2,31,29,39,3,12,5,17,6,1,21,19,16,25,28,7,27,32,22,23,34,4,33,37,15,26,11,9,8
162;282;9239;2443;0,31,38,10,39,12,35,6,25,36,24,9,18,8,30,14,26,22,3,32,19,33,4,28,34,11,1,37,17,23,7,27,16,29,2,5,15,13,21,20
163;332;18699;3550;10,25,26,30,32,12,35,3,6,19,4,37,18,34,28,11,2,16,1,23,17,27,39,31,7,20,5,29,14,38,24,15,22,0,13,8,36,33,21,9
164;340;14331;2971;37,2,19,25,4,34,27,0,11,1,17,16,31,5,28,7,30,14,38,36,32,35,12,10,26,6,24,3,20,33,8,13,9,15,18,22,39,21,23,29
165;274;10211;2024;34,37,22,33,28,4,31,19,11,9,8,18,13,25,15,21,17,16,1,26,23,27,14,2,5,20,7,29,32,39,6,38,30,36,0,24,3,10,12,35
166;325;9373;1858;33,31,12,6,21,15,13,34,22,9,32,18,0,3,39,26,1,19,17,28,37,25,23,27,16,5,7,2,4,8,11,30,35,36,10,24,29,38,14,20
167;296;13019;2660;15,13,23,29,32,33,31,3,22,11,4,17,26,9,34,8,37,25,28,19,30,27,38,2,10,35,0,18,1,16,21,39,24,36,6,5,12,14,20,7
168;293;8782;1744;18,9,21,27,4,37,2,8,11,30,38,10,35,24,12,36,13,33,34,15,32,22,39,31,26,6,0,3,1,29,23,17,7,20,25,5,28,19,14,16
169;285;9174;1811;35,10,24,14,36,38,0,18,30,21,19,16,25,1,12,28,15,33,9,13,11,22,4,31,34,37,8,2,26,3,32,29,39,20,27,17,23,6,5,7
170;275;11564;2447;18,9,36,24,38,10,35,0,30,12,21,27,2,6,25,39,13,34,8,15,4,33,28,31,11,19,22,37,23,3,32,17,14,20,26,7,29,16,1,5
171;263;9929;4553;0,31,26,6,32,38,39,18,3,29,20,27,2,17,23,14,22,34,9,33,4,15,28,13,11,19,8,37,1,16,5,10,35,12,25,7,21,30,36,24
172;390;19702;4180;13,18,8,31,9,22,33,21,15,11,4,27,2,37,34,29,24,38,39,14,30,36,6,0,35,25,12,10,32,20,26,17,19,7,16,5,3,28,23,1
173;294;11111;2372;31,13,33,27,22,6,2,15,39,32,23,26,29,20,3,14,36,35,8,24,10,38,21,0,30,9,12,18,5,34,16,11,19,4,37,25,1,28,17,7
174;375;13835;2667;2,37,30,10,1,25,27,28,19,5,23,17,16,26,7,32,34,22,4,11,9,33,29,31,15,18,8,13,21,24,12,38,39,36,0,14,35,6,3,20
175;317;12029;2564;37,13,23,27,4,11,2,15,34,21,16,18,9,1,8,5,33,3,17,22,39,26,14,31,6,20,32,29,0,36,28,10,12,30,35,24,38,25,7,19
176;314;14946;3451;2,3,20,23,29,32,27,39,6,1,5,28,17,16,26,7,25,30,14,12,38,10,31,35,36,0,24,18,13,33,15,34,4,11,37,8,22,19,21,9
177;324;12148;2703;9,18,34,27,1,25,2,12,21,37,4,16,35,8,11,19,26,22,6,28,10,33,3,31,15,30,32,13,23,39,17,38,36,14,0,20,29,24,5,7
178;336;10375;2079;2,31,4,34,20,11,37,39,29,19,23,16,27,5,17,7,18,30,26,3,36,10,32,35,38,24,14,0,9,12,8,15,33,22,13,21,6,25,1,28
179;291;8072;1635;0,18,24,10,36,38,35,9,30,3,32,6,39,12,14,26,11,34,8,4,22,37,28,13,15,33,19,31,29,1,23,27,21,16,2,5,25,17,20,7
180;356;9478;2054;27,2,17,1,26,32,28,23,3,7,5,16,25,14,19,20,4,34,29,37,22,11,9,31,33,15,8,13,21,30,12,35,10,38,0,36,18,39,6,24
181;319;8497;1718;27,2,23,29,4,34,31,11,37,33,22,26,3,28,15,32,18,30,8,9,36,10,14,35,38,24,13,0,12,6,21,16,7,5,25,20,39,17,19,1
182;290;11749;2617;30,0,35,18,24,36,10,14,38,16,21,27,2,1,12,5,6,33,32,26,15,39,20,31,22,29,3,13,23,17,8,11,37,4,34,19,28,25,9,7
183;294;9623;2089;38,0,10,26,35,24,14,30,36,6,32,17,3,12,39,20,9,15,29,18,33,13,4,31,22,11,8,34,21,19,23,27,1,28,2,16,37,25,7,5
184;300;6440;1388;31,0,8,22,4,11,33,37,34,9,18,2,13,29,15,21,36,35,24,38,32,30,12,10,26,6,14,3,39,5,20,17,16,7,25,28,1,27,23,19
185;339;22582;4592;2,37,1,16,28,25,27,23,19,7,0,30,10,36,5,38,11,29,32,4,15,34,3,31,33,22,26,13,8,6,20,9,12,21,18,17,39,35,24,14
186;392;34013;6530;31,18,10,33,30,15,22,9,13,38,11,35,0,36,34,8,28,16,21,1,37,25,23,27,19,7,5,2,32,26,3,12,39,14,6,20,17,24,4,29
187;293;14214;3480;25,16,12,19,21,1,28,7,5,34,4,35,10,31,37,11,27,39,23,17,32,29,14,2,6,26,20,3,24,0,36,18,15,30,13,8,38,9,33,22
188;291;14471;3138;9,18,37,27,4,11,2,8,34,21,12,16,25,7,19,17,10,38,24,30,15,35,33,0,13,22,36,31,14,26,29,6,28,32,3,20,39,1,5,23
189;292;10810;2127;29,31,33,26,39,20,3,0,14,23,5,17,6,16,32,7,38,15,24,36,10,35,8,13,30,9,22,18,4,34,21,27,25,12,2,37,11,1,28,19
190;300;11726;2481;26,31,6,17,32,22,3,28,33,13,8,30,10,18,15,9,34,25,4,11,16,37,1,2,12,21,19,27,7,29,23,35,38,24,0,14,5,36,39,20
191;331;13479;2656;16,27,20,31,5,7,29,23,17,15,33,0,13,21,39,22,11,19,1,34,26,37,25,2,28,32,4,3,6,24,12,35,18,30,10,36,14,38,9,8
192;337;14867;3024;11,37,25,18,8,34,9,19,4,17,1,16,27,21,7,5,22,29,28,15,3,33,26,31,23,32,13,2,20,6,14,30,0,38,10,36,39,35,12,24
193;307;11275;2843;34,31,4,37,15,11,13,22,33,28,26,3,29,23,19,32,18,38,8,9,24,30,2,10,36,14,0,35,39,12,20,16,1,5,27,6,21,25,17,7
194;358;28758;6571;18,2,26,35,32,30,10,9,3,36,24,6,0,39,38,14,13,34,8,15,4,33,28,31,11,19,22,37,23,1,20,16,21,25,27,5,29,12,17,7
195;279;13878;3357;30,18,32,35,3,6,10,21,12,0,38,16,27,5,23,1,13,34,9,15,37,33,8,31,11,4,22,2,19,17,28,26,14,20,29,7,25,39,36,24
196;338;18132;3872;11,37,8,18,28,4,9,19,34,33,15,29,31,30,22,13,21,16,6,12,7,25,23,2,5,17,1,27,32,14,3,35,38,24,0,39,26,36,10,20
197;316;9840;2246;31,13,23,27,33,29,2,22,15,6,21,26,3,17,32,12,37,34,8,4,10,11,28,9,25,30,19,18,7,35,5,38,24,36,0,16,1,14,39,20
198;362;18490;3547;2,27,20,17,14,29,26,16,31,1,5,28,25,19,7,23,39,38,21,6,30,0,9,13,35,10,12,18,36,8,24,22,11,33,3,4,15,34,37,32
199;327;17530;3447;31,13,4,34,11,22,33,8,15,23,26,2,29,3,37,32,9,10,12,21,38,35,14,18,30,36,24,0,39,5,20,16,25,1,27,7,6,28,19,17
200;271;10876;2255;10,25,12,2,21,30,35,9,18,38,36,16,27,14,0,24,13,34,8,15,4,33,28,31,11,19,22,37,26,23,1,3,20,6,29,17,32,39,5,7
201;260;8445;1678;10,25,3,30,32,12,35,39,6,36,24,18,0,9,38,21,17,29,23,7,14,20,1,2,16,26,5,27,19,34,28,33,15,22,31,11,37,13,8,4
202;297;8234;1808;26,17,6,33,32,34,3,4,11,15,29,13,31,39,22,20,1,28,23,5,37,16,10,27,19,25,7,2,12,30,8,9,38,35,18,36,21,0,14,24
203;272;7600;1891;2,27,21,30,1,12,10,6,25,34,15,29,31,33,13,22,35,38,5,16,24,39,17,0,36,20,7,14,26,19,32,9,4,37,18,28,3,11,23,8
204;287;12623;2635;39,16,5,29,7,17,20,1,6,32,28,3,31,14,23,26,27,9,12,21,11,18,19,2,34,4,25,37,8,36,24,10,15,30,13,38,35,22,33,0
205;248;7809;2241;31,3,28,15,32,22,13,26,33,23,4,27,2,37,29,19,39,30,12,6,0,10,14,35,38,36,24,18,8,21,20,16,11,17,25,7,9,34,1,5
206;278;8558;2666;27,2,1,25,5,21,12,23,16,17,19,26,6,32,7,28,33,15,37,34,29,22,9,31,4,8,11,13,24,38,14,30,35,0,18,39,36,10,3,20
207;265;12602;2914;27,2,4,1,11,19,28,34,37,21,5,12,25,23,16,7,22,13,8,33,30,15,36,31,18,38,9,0,24,26,35,39,17,20,29,3,14,6,10,32
208;280;10312;2218;31,13,37,34,19,22,33,28,15,4,8,9,18,21,11,29,10,38,39,30,24,35,16,2,36,14,0,27,1,12,5,17,32,6,26,7,25,3,23,20
209;293;8943;2258;0,35,14,31,24,36,39,6,38,3,26,17,29,23,20,32,10,9,12,30,16,18,5,2,25,1,21,27,7,11,19,15,22,34,13,4,37,33,28,8
210;352;18423;3782;10,35,6,13,12,9,30,21,18,36,8,0,39,14,38,24,25,34,16,31,4,27,28,2,11,19,1,37,7,32,5,17,3,26,29,33,23,20,15,22
211;255;6530;1828;31,26,14,0,32,22,3,28,33,36,24,10,35,30,38,8,4,19,34,11,17,37,6,29,20,7,39,25,5,16,23,27,9,13,2,21,1,18,15,12
212;268;7672;1622;10,35,21,9,6,12,18,25,30,28,3,2,13,26,1,32,38,16,5,39,24,0,20,27,36,14,7,17,23,19,8,37,11,4,31,33,29,34,15,22
213;366;14367;2956;0,31,22,35,8,24,38,33,36,13,30,9,18,21,15,12,14,20,11,34,6,39,4,3,26,32,29,17,23,19,7,27,1,28,2,16,37,25,10,5
214;337;9224;1921;3,29,32,14,6,39,26,17,20,38,36,0,31,35,24,30,16,1,7,23,19,27,10,2,28,37,5,25,4,11,12,9,15,13,18,34,21,22,33,8
215;337;9081;2355;31,2,33,23,22,15,29,27,13,38,32,6,39,26,0,3,11,19,8,34,30,4,25,37,9,10,28,18,21,16,1,24,14,36,35,5,12,17,20,7
216;308;11464;3502;2,37,9,18,8,34,31,4,11,15,21,13,33,30,22,10,19,16,1,28,17,25,23,27,7,20,5,29,24,26,36,6,3,32,39,38,14,0,12,35
217;324;12951;2833;2,37,9,18,8,34,27,4,11,28,7,25,16,1,19,5,6,14,23,32,29,26,33,3,20,39,17,31,24,38,36,10,13,30,35,15,0,12,21,22
218;309;12889;2534;35,31,30,38,12,6,0,10,39,24,14,13,18,9,36,21,7,19,20,17,37,16,29,25,27,23,5,2,1,11,28,33,22,34,26,8,4,15,3,32
219;289;9304;2122;0,39,1,35,25,12,38,34,6,36,14,30,10,17,24,26,15,18,33,22,27,13,16,31,9,29,21,2,23,11,5,19,28,4,37,7,8,3,32,20
220;293;11153;2188;13,31,23,27,29,15,2,33,22,11,9,4,37,8,34,21,30,35,25,18,39,10,32,0,38,6,12,3,36,20,24,17,28,7,26,1,14,19,16,5
221;285;18736;4602;2,27,7,9,5,21,18,1,16,29,20,13,17,15,23,39,38,30,14,36,25,0,19,35,12,28,24,10,32,37,6,26,33,34,31,11,3,22,8,4
222;325;15128;3963;2,37,20,14,32,3,26,23,29,33,34,13,31,15,39,22,28,5,17,19,21,16,6,27,1,12,7,25,4,18,11,10,36,30,35,8,9,38,0,24
223;342;10224;2042;13,31,11,37,34,15,2,33,22,9,8,18,29,28,4,19,36,0,14,24,12,38,25,35,30,6,39,10,32,17,3,16,1,5,27,7,26,21,23,20
224;365;15990;3514;31,13,4,34,11,22,33,8,15,19,3,28,29,23,37,32,9,10,12,21,38,35,14,18,30,36,24,0,6,17,39,27,1,16,2,5,26,25,20,7
225;274;8139;1630;27,2,23,6,32,3,17,1,26,20,7,14,16,25,39,5,33,15,19,28,11,22,29,31,34,4,37,13,8,35,9,30,38,36,10,24,18,0,12,21
226;359;19950;4394;33,31,21,18,9,15,13,34,22,8,4,10,30,35,11,12,19,25,23,37,16,28,17,2,1,5,7,27,29,32,20,3,39,6,0,14,26,38,24,36
227;310;16726;4130;25,28,32,26,23,7,17,37,19,1,20,6,3,39,5,14,27,15,33,16,9,31,29,2,13,21,22,18,4,34,8,10,38,30,35,36,11,0,12,24
228;306;12901;2741;30,18,14,10,24,36,35,0,38,12,26,6,39,21,3,32,9,34,4,8,22,11,2,31,33,15,37,13,19,23,28,16,1,5,27,7,29,25,17,20
229;301;17639;3401;0,31,19,25,37,38,35,24,36,11,8,30,10,12,4,34,17,16,23,7,20,27,1,2,14,26,5,29,32,6,28,39,22,15,13,21,3,33,18,9
230;351;36045;7766;3,29,17,27,26,14,2,39,20,23,4,37,6,34,32,11,0,9,36,38,22,18,8,31,33,15,30,13,24,12,5,10,28,25,35,1,21,19,16,7
231;340;15679;3394;6,3,14,29,20,26,39,17,32,33,15,0,31,34,13,22,1,28,23,5,37,16,10,27,19,25,7,2,4,12,11,9,8,35,18,24,21,30,38,36
232;341;15278;3039;2,27,1,25,5,21,12,23,16,0,24,10,35,38,7,36,6,39,17,32,29,26,33,3,20,13,14,31,15,4,22,9,8,11,18,37,34,30,19,28
233;304;13696;2693;35,10,24,18,36,38,0,14,30,26,32,31,2,29,3,23,12,1,39,6,17,21,20,25,16,7,5,27,28,13,9,11,37,4,34,15,19,33,8,22
234;262;10169;2018;37,34,28,0,19,4,31,1,11,38,36,33,22,15,8,24,35,30,12,25,9,10,16,2,18,13,21,27,7,23,5,39,20,3,6,32,17,29,14,26
235;274;8410;2304;27,2,4,37,38,11,34,39,0,16,36,26,17,14,19,24,10,12,25,35,9,30,32,18,21,3,6,13,23,22,8,29,28,33,31,1,15,20,7,5
236;289;11048;2239;2,27,1,34,28,4,11,19,37,8,23,9,18,3,25,32,16,29,5,7,24,17,26,31,14,36,20,0,38,22,33,35,10,15,13,6,39,30,21,12
237;304;17383;3885;25,39,7,29,20,17,31,12,6,28,23,37,2,3,19,32,27,38,5,16,30,0,14,35,36,24,1,10,21,15,26,9,4,8,18,22,13,11,34,33
238;355;43280;8483;18,13,8,10,22,9,30,33,15,38,36,39,0,14,35,24,34,37,29,31,3,11,26,2,23,32,4,27,28,17,19,12,21,25,6,7,1,16,20,5
239;303;17476;4572;0,14,7,35,5,36,38,16,24,18,12,25,10,9,30,21,39,29,17,20,6,27,26,2,3,32,23,31,13,22,15,11,4,34,37,28,33,19,1,8
240;353;9775;2092;27,10,12,18,25,35,2,1,30,11,21,37,9,19,34,4,15,33,6,13,3,22,23,31,32,26,28,29,17,39,7,38,36,14,0,5,20,24,8,16
241;368;24546;4658;18,13,8,10,22,9,30,33,15,4,11,12,35,37,21,34,3,39,26,32,27,6,14,31,29,20,23,2,0,7,38,16,1,5,25,36,17,28,19,24
242;366;20341;4091;27,2,12,16,21,9,18,1,25,6,5,35,10,17,30,7,37,11,28,19,22,34,8,31,33,15,4,13,29,26,20,38,36,14,0,3,39,24,23,32
243;299;8919;2540;27,2,7,25,5,1,16,19,28,12,23,35,10,6,21,32,15,33,18,9,11,22,4,13,34,37,8,31,29,3,20,38,24,36,0,14,39,30,17,26
244;343;9448;2134;30,0,14,3,24,36,10,35,38,32,33,27,2,8,26,22,6,13,21,12,29,39,17,18,9,20,15,31,7,25,5,11,19,4,34,1,16,37,23,28
245;326;9464;2155;18,13,12,25,21,35,10,9,30,0,39,27,2,1,38,6,14,22,36,24,34,15,4,31,33,11,8,26,3,23,32,17,7,20,29,5,37,16,28,19
246;317;13640;2651;31,18,8,33,21,15,22,9,13,11,4,25,34,19,12,37,10,36,0,30,14,35,39,2,24,16,38,27,20,23,5,26,6,32,3,17,29,28,1,7
247;312;11949;2742;31,13,33,35,22,30,10,15,29,38,8,34,0,11,39,4,21,6,23,12,27,9,17,18,3,26,32,2,14,7,20,28,19,1,25,5,16,37,36,24
248;324;12693;2602;35,10,39,9,38,13,18,0,30,16,15,27,2,5,21,23,12,11,32,6,19,34,1,25,4,28,3,37,22,26,8,29,14,17,31,24,33,20,7,36
249;349;16234;3747;27,16,20,14,7,17,26,5,1,23,32,29,2,19,3,28,12,10,21,6,38,25,9,35,30,18,39,0,36,15,24,34,11,33,31,22,13,37,4,8
250;296;9913;2413;2,27,6,3,32,17,26,23,37,11,34,18,29,9,4,8,1,5,19,28,30,16,36,25,10,38,7,0,24,12,14,22,15,33,31,21,35,13,20,39
251;333;10250;2041;2,27,23,25,5,19,37,7,16,28,4,11,34,9,1,8,29,36,17,20,38,14,26,31,39,35,24,0,6,33,32,30,13,10,18,22,3,15,21,12
252;352;11782;2390;37,34,16,27,19,4,2,25,11,5,17,28,1,29,7,20,39,38,12,6,30,35,14,0,36,10,24,18,32,9,26,13,22,33,31,8,3,15,23,21
253;300;9226;1965;0,18,14,10,24,30,35,36,38,12,26,6,39,21,3,32,37,34,8,9,22,11,13,2,33,15,4,31,19,23,28,16,17,7,27,5,29,25,1,20
254;326;15888;3067;2,18,34,27,4,11,37,8,9,15,33,21,16,19,13,22,10,14,29,30,36,35,39,31,24,38,20,0,26,32,17,12,1,6,25,7,3,28,23,5
255;369;12426;3098;33,31,4,34,11,15,13,8,22,18,30,2,37,28,9,19,36,14,35,24,20,38,17,0,39,29,26,3,7,21,5,6,1,12,27,23,16,25,10,32
256;328;6782;1534;31,13,8,22,4,15,33,11,34,23,19,3,29,32,37,28,9,25,1,21,10,18,6,2,30,35,12,27,5,39,7,38,24,36,0,17,16,14,26,20
257;314;13808;2874;27,16,7,9,5,17,18,1,21,23,13,29,2,31,20,15,25,30,6,12,36,10,14,35,38,24,39,0,26,33,32,11,4,8,34,22,3,37,28,19
258;309;13136;2837;13,18,8,31,9,22,33,21,15,4,11,27,2,37,29,34,10,38,25,30,6,35,14,0,36,24,12,39,3,7,32,17,19,28,26,5,20,16,23,1
259;323;19696;3900;35,10,24,18,36,38,0,14,30,11,8,34,13,37,9,4,16,1,20,39,19,27,17,2,28,7,5,25,12,23,21,29,22,33,31,32,6,15,3,26
260;307;11432;2319;37,11,28,27,25,19,2,34,4,16,5,29,31,23,1,7,22,13,8,33,10,9,12,18,30,21,15,35,36,0,24,39,32,26,6,14,38,3,20,17
261;284;10963;2657;27,2,21,5,12,1,16,6,25,37,19,11,34,4,28,7,10,18,39,35,22,30,0,13,15,33,38,31,9,24,8,20,26,14,29,3,36,17,23,32
262;338;15720;3650;2,0,16,31,14,24,27,38,36,11,20,37,29,4,34,8,30,3,39,18,6,35,26,10,12,32,13,25,21,1,17,33,22,15,28,7,9,19,23,5
263;307;11648;2401;35,10,24,14,36,38,0,18,30,12,26,6,39,21,3,32,9,34,4,8,22,11,2,31,33,15,37,13,19,23,28,16,5,25,27,7,29,1,17,20
264;290;9552;2030;0,35,11,14,34,36,24,8,38,20,26,6,39,17,3,32,10,33,9,30,13,31,29,2,22,15,18,27,21,5,23,28,19,1,25,7,16,37,4,12
265;313;13919;2717;2,37,25,16,19,34,27,4,11,28,5,29,31,23,1,7,38,30,24,0,21,10,8,35,12,9,36,18,15,39,22,6,26,32,3,33,13,17,20,14
266;268;13215;2856;27,2,7,17,5,1,25,23,16,26,20,18,9,12,21,14,15,33,28,13,11,22,29,31,34,4,19,37,8,10,32,35,39,38,0,30,3,6,24,36
267;297;10962;2665;31,34,15,13,22,33,29,4,11,26,24,30,10,36,8,14,2,25,23,37,5,19,17,27,1,7,28,16,21,6,20,0,38,39,18,9,12,35,3,32
268;296;8452;2221;13,31,1,2,34,15,27,33,22,19,11,29,37,23,28,4,25,39,32,3,10,6,18,0,38,30,12,35,36,20,24,17,5,7,26,21,14,16,8,9
269;295;8172;1635;11,31,15,4,22,33,37,13,34,25,19,27,2,1,29,28,9,36,3,8,35,30,14,18,38,10,24,0,32,17,20,6,21,12,39,7,26,16,23,5
270;328;15910;3215;39,0,26,17,32,3,13,38,6,20,36,29,31,33,14,24,35,9,30,10,16,18,1,2,21,25,12,27,5,19,7,11,4,37,34,23,28,8,15,22
271;321;7501;1542;39,3,32,17,26,29,6,14,20,37,15,2,13,11,23,4,31,36,22,33,10,38,8,0,30,35,24,18,12,25,21,16,28,1,27,5,9,19,34,7
272;304;10461;2112;31,13,11,34,8,22,33,9,15,4,26,37,2,23,29,32,30,24,3,18,0,36,20,10,38,39,14,35,6,16,21,25,28,1,27,5,12,19,17,7
273;259;7109;1444;2,34,24,4,36,8,37,9,11,19,20,25,29,17,14,7,30,0,35,10,22,18,39,13,15,33,38,31,12,32,21,1,26,28,27,3,6,16,5,23
274;323;18638;4803;27,25,23,37,7,19,2,5,16,4,11,31,29,20,17,34,21,6,1,28,18,12,3,10,30,9,32,35,24,38,14,15,22,0,13,39,36,33,8,26
275;367;20398;4057;2,37,28,1,19,34,27,4,11,15,8,18,13,21,22,9,26,3,23,33,39,32,14,31,6,20,17,29,7,36,5,35,10,38,0,25,24,30,16,12
276;288;15745;3085;33,31,4,13,11,22,15,37,34,21,19,18,9,16,8,28,27,26,23,29,39,3,14,2,17,20,32,6,24,0,36,10,12,30,35,7,38,25,1,5
277;378;25609;4850;18,35,39,13,0,30,9,38,10,20,7,29,31,22,15,17,6,21,36,24,25,12,5,2,16,1,14,27,32,28,23,19,11,4,37,3,26,34,33,8
278;370;19089;4334;34,37,15,13,21,9,18,4,11,33,22,30,31,10,8,12,28,7,29,19,1,25,20,2,16,5,23,27,3,26,32,6,38,0,39,14,17,36,35,24
279;330;14071;2986;3,18,21,12,1,32,6,26,28,35,39,25,10,0,30,38,4,34,8,9,22,11,13,2,33,15,37,31,23,20,19,17,5,7,27,14,29,16,36,24
280;342;13190;2614;17,25,1,2,5,16,27,20,7,23,28,37,29,3,19,32,39,36,12,6,30,38,14,0,35,10,24,18,21,8,26,13,22,33,31,34,9,15,4,11
281;308;9775;1964;18,10,21,13,12,9,35,25,30,36,24,15,0,8,38,14,20,17,6,39,16,29,23,2,5,1,7,27,34,19,11,28,33,26,31,4,37,22,3,32
282;298;11606;2373;2,13,1,39,12,16,6,21,27,23,32,29,31,20,5,3,22,8,15,33,11,9,19,18,34,4,28,37,7,30,17,35,24,36,10,38,25,14,26,0
283;347;11155;2328;31,13,17,27,20,29,2,6,39,5,7,21,16,1,12,23,24,38,26,14,10,36,32,35,30,3,0,18,8,22,9,11,37,4,34,28,33,19,25,15
284;272;8388;2466;2,31,20,14,32,3,26,23,29,38,36,6,39,17,0,24,34,4,8,33,19,11,9,37,15,28,22,13,18,16,1,25,10,12,27,5,21,35,30,7
285;273;9753;2239;14,24,5,29,7,20,16,36,17,26,23,2,27,1,3,32,35,30,0,38,21,10,6,18,9,12,39,13,25,22,8,33,11,34,31,4,15,37,28,19
286;284;14249;2937;31,29,3,33,39,15,22,20,13,36,14,30,0,8,38,24,17,16,23,7,9,27,1,2,21,25,5,18,19,37,28,34,4,11,10,6,12,35,26,32
287;308;9589;2026;35,10,24,18,36,38,0,14,30,6,21,13,39,15,12,9,16,7,20,17,28,27,29,2,1,19,5,25,23,26,32,37,34,11,31,4,3,33,22,8
288;277;8532;1998;31,2,15,0,22,29,13,33,27,38,8,9,18,30,39,36,11,3,23,34,28,4,6,37,19,17,32,26,7,16,5,12,10,21,25,14,1,35,24,20
289;311;13196;2542;0,35,14,20,24,39,29,36,38,26,32,6,31,17,3,33,13,9,10,30,34,18,4,2,11,37,8,27,15,28,22,16,21,1,25,5,19,12,23,7
290;355;25181;5944;27,2,5,12,1,21,25,18,16,30,36,31,35,0,10,38,37,11,28,19,22,4,8,13,34,33,9,15,7,32,23,3,26,20,29,6,17,14,24,39
291;314;9129;1857;18,35,25,27,12,30,2,13,10,11,37,21,9,4,34,19,6,32,38,39,33,3,1,0,26,22,28,31,36,20,24,17,7,5,29,23,14,16,15,8
292;282;11334;2233;37,34,19,27,28,4,2,1,11,23,5,29,31,17,16,7,25,35,32,6,18,12,21,10,30,9,3,13,36,39,24,15,33,22,0,14,38,26,20,8
293;304;15757;3317;27,2,32,3,26,23,13,15,29,17,12,9,18,39,6,21,33,11,8,22,19,34,1,31,37,28,4,25,5,36,7,30,38,0,10,24,16,35,20,14
294;319;10862;2119;31,0,24,13,36,22,15,38,33,18,8,10,35,21,30,9,26,3,39,14,23,29,17,2,32,6,20,27,7,28,5,37,4,19,25,1,16,11,12,34
295;300;11116;2556;10,35,12,13,32,3,18,6,30,21,15,27,2,16,9,23,36,14,17,24,29,38,33,0,39,20,26,31,22,19,7,11,37,4,34,28,8,25,5,1
296;288;10177;2761;35,10,14,0,24,36,38,12,30,26,17,3,39,20,6,32,25,19,5,1,18,16,21,27,28,9,7,2,23,34,4,13,22,15,31,11,37,33,29,8
297;331;31410;6227;18,30,15,31,22,9,13,33,10,39,20,16,21,7,29,5,11,35,8,34,36,37,14,2,38,24,4,0,32,26,23,1,12,6,27,28,3,25,17,19
298;272;11749;2308;31,33,20,39,29,15,13,3,22,0,21,9,18,38,6,12,26,1,23,32,19,28,17,27,16,7,5,25,34,4,14,10,35,11,2,24,37,30,8,36
299;272;6710;1360;10,18,24,14,36,38,35,0,30,12,26,6,39,21,3,32,9,22,4,8,31,15,37,13,33,34,11,2,19,23,28,16,1,5,27,7,29,25,17,20
300;360;14070;3169;10,35,12,18,36,38,30,24,0,21,7,16,25,1,9,5,6,3,14,13,17,39,33,31,20,26,32,29,15,4,22,37,34,11,2,8,23,27,19,28
301;332;7220;1944;35,10,24,2,36,38,18,0,30,21,1,16,27,9,12,5,6,26,14,39,29,32,33,3,17,13,20,31,15,34,23,11,19,4,37,28,22,25,8,7
302;301;9110;1976;29,31,34,27,15,22,2,13,33,3,32,28,1,17,26,23,39,38,12,6,30,0,14,35,36,18,24,10,9,16,8,19,37,4,25,7,21,11,20,5
303;316;11691;2406;25,27,5,1,7,19,28,17,16,20,26,3,29,14,23,32,2,34,4,37,22,11,9,31,33,15,8,13,36,38,24,10,39,30,35,0,18,6,21,12
304;319;9991;1985;10,35,32,25,3,12,6,21,30,1,28,27,2,16,26,19,18,33,8,9,11,15,4,13,34,37,22,31,36,38,24,20,17,39,29,14,0,7,5,23
305;326;9431;2172;33,31,4,37,8,11,34,15,22,25,19,27,2,1,29,28,18,38,9,13,6,10,21,35,39,12,30,0,36,3,24,14,17,20,26,7,32,16,23,5
306;311;8760;1747;18,30,22,33,15,9,31,10,13,11,34,29,2,37,8,4,38,14,36,0,6,39,21,35,12,17,24,26,20,7,5,25,28,1,27,3,16,19,23,32
307;261;8207;1650;35,10,24,2,36,38,18,0,30,21,1,25,27,16,12,5,26,6,17,14,20,3,33,31,39,13,32,29,15,28,23,34,4,11,37,8,22,19,7,9
308;271;9439;2342;35,10,24,9,36,38,18,14,30,4,12,11,2,34,8,21,0,26,6,39,22,3,28,13,33,15,32,31,20,23,17,16,1,5,27,7,29,25,37,19
309;327;13437;3495;2,18,33,29,22,15,31,9,13,12,23,3,27,6,21,32,11,30,4,34,36,10,37,35,38,24,8,0,39,19,20,16,1,5,25,7,14,28,26,17
310;286;11274;2413;18,0,12,10,21,35,30,9,38,1,32,26,25,17,6,28,34,13,4,11,29,27,3,2,39,20,37,31,23,8,19,22,24,14,33,16,15,36,7,5
311;320;10235;2077;27,25,16,26,21,6,17,1,12,18,7,10,35,30,9,5,37,34,19,4,22,11,13,2,33,15,28,31,8,39,23,38,24,36,0,20,29,14,32,3
312;364;23767;4675;31,13,8,2,33,22,29,9,15,4,3,37,11,23,34,32,30,38,18,10,6,36,14,35,39,12,24,0,21,5,20,16,28,1,27,7,25,19,26,17
313;308;9797;2028;2,31,39,16,20,3,27,23,29,14,7,38,0,36,5,24,11,33,4,37,15,34,21,13,22,9,8,18,19,25,1,30,6,12,10,32,28,35,17,26
314;342;15370;4738;13,31,22,9,15,30,18,33,10,38,36,0,35,21,8,24,3,6,23,32,20,26,5,29,39,7,14,17,28,19,1,27,4,37,2,25,16,11,12,34
315;303;12471;2436;2,25,1,16,21,6,27,39,12,19,5,37,28,23,34,7,10,18,38,35,22,30,9,13,15,33,0,31,36,14,24,26,4,17,29,20,8,11,32,3
316;327;16235;3191;27,2,1,35,5,31,10,25,16,12,6,9,18,30,21,39,28,23,7,19,26,37,14,29,32,17,20,3,24,11,36,15,33,22,13,8,4,34,38,0
317;267;9544;2028;18,13,8,37,4,11,2,15,9,29,23,35,10,38,30,36,22,28,27,34,32,33,17,31,26,6,1,3,12,5,21,16,19,7,25,20,39,0,24,14
318;388;12250;2518;34,31,22,4,8,11,37,9,33,19,21,25,13,28,15,12,30,35,3,18,36,10,14,2,38,24,0,27,20,23,29,17,6,32,26,7,39,16,1,5
319;283;7471;1966;27,2,7,17,5,23,16,20,29,28,19,25,31,34,1,37,24,38,3,14,30,36,13,0,35,10,39,18,32,12,26,8,4,21,9,15,6,11,33,22
320;427;57146;11338;18,9,34,38,11,36,0,8,30,37,24,10,35,19,4,14,15,31,33,22,3,13,32,2,29,23,26,27,39,1,20,12,16,21,6,5,28,25,17,7
321;327;11484;2250;6,3,24,35,14,26,12,17,32,30,38,25,10,18,36,0,39,13,23,20,33,29,34,2,15,22,27,31,8,21,9,4,19,16,37,5,11,28,1,7
322;342;13476;2707;13,18,8,33,22,15,31,21,9,23,26,27,2,3,29,32,36,0,14,24,6,38,25,35,12,39,30,10,20,28,7,19,11,34,37,1,17,4,16,5
323;300;10236;2890;27,10,32,26,6,1,3,28,30,16,7,39,14,20,17,5,25,4,12,35,18,19,21,37,11,9,34,2,8,33,24,15,31,22,13,38,0,29,23,36
324;340;18150;3649;10,18,6,12,39,38,35,0,30,24,14,9,25,8,36,21,26,22,32,3,13,33,27,31,15,29,23,2,34,37,11,19,7,17,28,1,4,16,20,5
325;296;16350;3150;29,31,5,16,7,20,17,6,39,23,28,2,27,37,1,19,12,36,14,21,10,25,18,0,38,30,24,35,8,34,3,15,33,22,13,11,9,26,32,4
326;348;23183;4701;16,29,23,2,5,7,27,20,17,19,28,31,25,37,1,39,9,36,14,21,30,0,12,18,38,10,24,35,15,22,8,26,32,33,3,34,13,6,4,11
327;338;9081;2043;27,25,5,17,7,1,16,19,28,9,12,10,18,30,21,6,37,34,23,4,22,11,13,2,33,15,29,31,26,3,32,36,38,24,0,14,8,35,39,20
328;268;8796;2318;2,27,20,29,39,13,31,38,0,11,8,37,34,23,36,4,10,12,6,30,9,35,5,18,21,16,1,25,7,28,19,26,33,32,3,14,17,22,15,24
329;355;17038;3518;37,2,19,16,4,34,27,25,11,15,22,29,31,28,13,33,30,38,8,10,21,0,24,35,9,12,36,18,1,20,5,39,32,3,6,17,14,26,23,7
330;305;15167;3204;27,2,26,33,1,34,31,25,13,15,21,17,16,7,22,5,12,30,39,6,36,10,14,35,38,24,18,0,3,8,32,11,19,4,37,20,9,28,23,29
331;315;14236;2795;31,3,6,28,32,33,22,17,26,11,8,37,2,19,34,4,39,36,20,14,30,38,29,0,35,10,24,18,15,21,9,16,1,5,27,12,13,25,23,7
332;316;16812;3614;25,12,7,35,5,16,10,1,21,29,39,0,31,13,20,38,6,32,23,17,18,27,30,2,26,9,28,3,36,8,24,11,34,4,37,19,14,33,15,22
333;297;8353;2037;27,2,5,1,7,19,25,37,16,13,15,31,28,33,23,22,11,21,4,34,6,9,20,18,12,39,17,29,8,38,24,3,26,14,0,36,35,32,10,30
334;298;12590;2947;27,25,5,17,7,1,16,19,28,29,20,33,31,34,26,14,37,9,23,4,30,11,32,2,10,3,8,18,36,38,24,0,6,12,13,21,35,39,22,15
335;390;23590;4653;2,0,16,25,39,10,27,38,35,1,5,6,12,17,21,7,36,9,14,24,15,30,33,18,13,22,8,31,19,4,28,34,32,11,3,29,37,26,20,23
336;390;13872;2822;35,31,38,18,36,30,0,24,10,6,21,13,39,15,12,9,5,7,14,1,25,16,29,27,17,26,20,2,23,28,32,19,11,4,37,8,3,34,22,33
337;291;11268;2349;29,31,32,3,23,15,13,33,22,20,14,6,39,17,26,24,10,38,8,30,11,35,4,0,34,37,36,2,9,25,19,16,21,1,27,5,18,12,28,7
338;269;6773;1990;37,34,8,13,19,4,15,22,11,21,12,30,18,10,9,25,31,23,28,33,3,29,1,2,32,6,26,27,20,14,17,38,24,36,0,5,39,35,16,7
339;269;10543;2526;34,11,15,13,22,8,33,4,9,29,20,30,18,10,31,39,19,25,28,37,5,2,21,27,1,7,23,16,6,17,32,35,36,24,0,26,12,38,3,14
340;268;5449;1212;31,34,6,35,12,25,10,1,33,38,24,39,0,14,30,36,32,28,11,26,37,3,29,2,19,23,4,27,7,16,20,9,15,21,18,5,17,13,22,8
341;271;9484;2055;9,18,8,15,4,34,13,37,11,33,30,0,31,38,22,36,32,26,21,23,16,3,14,2,1,5,28,27,7,17,19,12,39,25,6,29,20,35,10,24
342;253;7854;1797;31,13,30,27,10,33,2,15,22,36,8,38,0,14,35,24,18,11,21,9,19,34,1,25,4,28,12,37,16,17,5,20,39,6,29,23,7,3,26,32
343;415;32303;6268;2,11,28,25,19,37,27,4,34,30,38,35,10,24,0,36,22,13,8,33,39,15,3,31,18,20,9,29,7,32,5,17,14,26,6,21,23,12,1,16
344;302;10250;2642;2,13,34,29,22,33,27,15,31,21,8,1,16,5,9,23,39,38,12,6,30,35,14,0,36,10,24,18,32,26,20,28,37,19,25,17,3,4,11,7
345;278;11055;2399;18,0,34,37,4,11,2,8,9,22,21,29,31,13,33,15,30,14,38,36,32,35,12,10,26,6,24,3,39,25,20,16,1,5,27,7,17,28,23,19
346;315;7262;1539;18,13,8,10,22,9,30,33,15,38,36,0,35,12,21,24,7,29,20,17,27,25,1,31,16,23,5,2,19,4,28,26,6,32,3,11,37,39,14,34
347;291;10710;2142;35,10,24,13,36,38,18,0,30,15,8,29,31,33,9,22,39,32,25,12,1,6,20,3,26,17,14,28,7,16,5,27,4,37,2,23,19,11,34,21
348;287;20174;4106;27,2,34,25,1,21,16,6,12,4,32,19,37,28,11,23,33,15,17,26,39,22,3,31,13,20,14,29,7,36,5,35,18,30,10,38,24,9,8,0
349;284;10016;1988;33,31,6,28,32,26,3,15,22,34,12,27,2,25,1,21,13,30,24,14,0,10,9,35,38,39,36,18,20,17,29,11,19,4,37,7,8,16,23,5
350;292;13568;3180;10,35,14,18,36,38,30,24,0,6,26,31,13,3,39,32,21,1,5,12,28,16,17,27,25,19,7,2,37,11,23,15,33,34,22,8,4,29,20,9
351;322;13373;2758;25,35,32,27,3,6,2,10,12,21,16,28,1,26,23,5,0,36,18,30,39,38,13,31,14,20,24,29,15,8,22,11,37,4,34,9,33,19,7,17
352;345;17392;3393;10,35,32,25,3,12,6,21,30,19,5,16,28,17,1,7,11,9,4,34,31,37,23,2,18,29,8,27,22,13,33,38,24,36,0,39,15,14,26,20
353;307;15413;3106;2,31,25,10,12,16,35,21,27,5,7,17,29,20,1,23,4,34,19,37,22,11,18,13,15,8,9,33,28,39,30,26,6,32,3,38,0,14,24,36
354;316;16974;3421;10,0,24,18,36,38,35,14,30,8,12,27,2,16,9,21,6,29,20,39,22,3,26,31,33,15,32,13,23,25,17,34,4,19,37,7,28,11,5,1
355;301;12010;2871;6,12,28,26,1,32,25,21,3,7,23,16,17,20,19,5,30,9,35,10,37,18,8,2,11,34,4,27,22,13,15,0,39,38,31,36,33,29,14,24
356;285;9159;2225;18,13,20,6,39,21,12,29,9,26,32,17,3,11,14,4,22,0,8,15,30,33,24,31,35,36,38,10,5,28,23,27,19,16,2,25,1,37,34,7
357;373;18284;3650;18,37,8,10,4,9,30,34,11,36,21,38,0,24,35,12,3,13,32,23,22,27,26,2,15,33,29,31,28,7,19,6,16,17,39,5,20,25,14,1
358;303;12286;2554;31,26,6,13,3,22,15,32,33,18,8,30,10,17,39,9,19,11,23,28,25,37,29,2,34,1,4,27,5,12,7,35,38,24,0,21,16,36,20,14
359;282;15157;3163;2,35,21,16,12,25,27,24,10,5,7,26,14,20,1,17,0,18,36,38,15,30,33,31,9,22,8,13,28,4,19,11,3,37,34,6,39,29,23,32
360;351;8935;1885;29,3,14,39,26,17,6,32,20,33,15,0,31,34,13,22,28,25,23,37,1,19,10,2,16,5,7,27,4,12,11,9,35,30,18,8,21,38,24,36
361;364;14856;3524;10,18,36,24,38,0,35,9,30,21,12,16,27,5,14,1,34,15,8,11,33,13,37,2,22,29,4,31,19,32,28,17,6,3,26,20,23,39,25,7
362;351;14036;3183;2,31,29,27,4,11,37,33,34,28,23,1,26,3,19,32,15,9,8,22,10,13,36,18,30,38,0,35,14,39,20,12,16,21,25,5,24,6,17,7
363;303;14736;3037;18,9,38,0,36,30,35,8,10,14,21,39,13,6,24,12,11,37,5,4,16,34,7,2,25,19,1,27,28,26,23,29,20,33,31,32,17,3,15,22
364;351;19418;4012;2,18,12,16,21,13,27,25,9,5,19,17,6,28,1,7,10,38,24,30,11,35,8,0,34,4,36,37,22,14,15,29,20,3,31,26,33,39,23,32
365;325;8432;1846;27,2,21,35,16,30,10,9,18,36,1,38,0,24,12,5,15,33,28,13,11,22,8,31,34,4,19,37,23,3,29,17,39,6,26,20,32,14,25,7
366;292;10339;3144;10,18,12,2,21,25,35,9,30,32,1,3,27,26,6,23,15,33,28,13,11,22,8,31,34,4,19,37,17,20,7,38,36,39,0,24,29,14,16,5
367;302;11815;2523;27,18,5,13,1,16,2,21,9,11,8,33,34,22,15,4,10,38,36,30,6,35,14,0,12,39,24,25,20,26,7,3,29,32,31,28,17,23,37,19
368;326;8520;1734;9,25,15,13,17,12,18,7,21,24,5,30,10,36,35,38,4,11,16,19,29,37,23,2,27,0,34,31,22,28,8,32,6,26,3,1,33,39,14,20
369;320;9630;2681;10,25,9,30,21,35,18,6,12,17,7,39,13,20,16,5,28,37,32,3,11,19,1,2,4,34,23,27,26,14,8,29,15,22,31,24,33,0,38,36
370;327;16682;4759;3,29,32,17,6,14,26,39,20,5,7,1,28,21,23,16,31,22,27,2,30,15,8,13,10,9,33,18,36,35,24,11,19,4,37,34,38,25,12,0
371;269;8183;1741;10,35,14,18,36,38,30,24,0,20,5,29,31,17,39,7,25,4,21,12,11,16,1,27,37,34,19,2,9,22,8,33,32,6,26,15,28,3,23,13
372;345;9263;2026;31,35,22,15,33,29,13,30,10,11,8,9,18,37,34,4,38,14,24,36,6,39,17,0,26,32,20,3,28,5,12,27,21,16,2,7,1,25,19,23
373;294;9799;1982;10,0,24,18,36,38,30,14,35,8,21,33,26,22,9,15,13,20,5,16,27,39,23,31,29,17,7,2,19,1,37,6,32,28,3,34,25,12,4,11
374;302;12045;2566;37,34,21,27,16,4,2,19,11,33,8,13,31,15,9,22,12,18,1,25,6,35,26,10,30,32,28,3,38,17,39,24,20,36,14,7,0,29,23,5
375;291;9380;1888;27,2,21,9,16,13,18,10,30,8,4,33,22,34,15,11,38,36,12,35,39,0,6,31,14,20,24,29,7,25,5,26,1,32,3,23,17,28,37,19
376;279;9674;2528;2,37,19,25,28,1,27,11,34,5,7,3,16,32,23,17,33,15,4,26,18,22,21,31,29,9,8,13,10,35,12,38,39,36,0,24,30,6,20,14
377;268;13674;2976;31,13,8,11,9,22,34,15,33,19,21,25,37,28,4,12,0,36,3,18,14,38,32,35,30,26,24,10,39,17,20,27,5,16,2,7,6,1,29,23
378;309;20318;4002;31,33,32,3,26,15,13,28,22,14,24,39,6,38,0,36,34,37,1,25,9,27,8,2,11,4,19,18,23,16,7,30,12,21,10,17,5,35,20,29
379;312;19650;3796;14,29,7,17,5,16,26,39,20,6,23,1,27,28,3,32,0,9,36,38,15,18,8,31,33,22,30,13,24,10,21,34,37,11,2,12,35,25,19,4
380;276;8627;1812;35,0,18,30,14,36,10,24,38,6,21,13,39,15,12,9,25,17,5,1,28,16,23,27,19,37,7,2,4,34,20,29,33,26,31,3,11,22,8,32
381;269;10081;2341;35,0,12,25,24,30,10,36,38,26,3,39,6,17,14,32,9,15,21,18,34,13,4,31,22,11,8,33,19,1,28,27,23,16,2,5,37,29,20,7
382;323;11992;2960;27,2,29,16,20,17,14,39,26,36,7,38,35,23,24,5,3,12,28,32,34,6,22,31,25,33,1,0,15,11,21,9,30,8,18,4,13,10,19,37
383;347;14092;2813;37,11,15,25,22,19,13,34,4,35,12,30,10,36,8,24,31,23,28,33,3,29,1,2,32,6,26,27,39,5,20,9,21,16,18,7,17,0,38,14
384;384;13691;2694;27,2,5,25,16,6,1,21,12,28,19,26,17,23,7,32,35,30,14,24,0,10,9,18,38,39,36,13,20,15,3,29,33,22,31,11,8,34,37,4
385;315;13799;2989;0,18,24,10,36,38,35,9,30,39,21,16,27,6,2,12,15,33,8,13,4,22,28,31,11,19,34,37,25,23,7,17,3,32,26,20,29,14,1,5
386;303;11047;2216;2,27,4,19,1,11,37,25,34,33,22,26,31,3,28,32,6,10,21,12,39,35,0,18,30,38,9,13,8,24,15,14,29,20,16,5,36,17,23,7
387;277;8464;2321;10,35,14,18,24,36,30,0,38,8,34,33,31,22,9,11,32,12,39,3,1,6,17,2,25,28,26,27,7,5,19,16,29,21,13,23,20,15,4,37
388;319;12901;2957;38,0,20,35,14,24,39,29,36,18,19,10,30,25,3,28,22,34,31,33,37,15,9,13,11,4,8,2,17,5,7,16,12,21,27,1,23,6,32,26
389;287;14417;2989;31,33,4,29,11,15,13,34,22,3,20,12,6,21,39,32,2,28,23,37,16,1,17,27,19,7,5,25,26,36,14,10,18,30,35,38,24,9,8,0
390;263;8682;1757;27,2,26,18,32,10,30,23,3,20,7,39,6,16,17,5,37,34,19,28,22,11,29,31,33,15,4,13,9,25,21,35,36,24,0,12,8,38,14,1
391;275;10418;2389;10,35,14,18,36,38,30,24,0,39,6,17,3,20,26,32,13,34,12,25,22,27,21,2,33,15,1,31,16,19,5,11,23,4,37,7,28,29,9,8
392;301;9978;2006;29,16,23,15,5,20,13,7,17,33,26,3,31,14,22,32,25,37,28,1,11,27,9,2,34,4,19,18,21,30,8,10,0,38,35,36,12,39,6,24
393;292;16151;3647;10,35,14,18,36,38,30,24,0,8,22,13,31,33,9,15,28,19,5,1,37,16,17,27,25,23,7,2,12,32,21,11,3,4,34,26,6,29,39,20
394;369;15708;4001;2,3,29,23,20,26,27,14,32,16,5,1,28,25,17,7,6,38,24,12,30,39,13,35,0,18,36,10,21,8,15,33,34,22,31,11,9,37,19,4
395;315;16909;3238;27,2,1,26,23,32,3,28,6,20,14,16,17,7,29,5,33,30,15,22,35,10,39,31,18,38,13,0,36,9,24,11,37,4,34,21,8,19,25,12
396;302;16789;3378;10,31,36,18,38,0,30,24,35,15,33,8,9,21,13,22,39,26,20,14,6,3,23,2,32,17,29,27,7,28,5,4,11,19,37,1,16,34,12,25
397;341;12250;2385;10,35,1,27,12,25,2,18,30,16,5,19,37,7,21,23,6,33,28,32,39,3,34,31,22,38,26,0,36,20,24,15,11,29,13,8,14,4,9,17
398;311;8795;1863;10,35,24,27,36,18,2,38,30,21,16,25,9,1,12,5,26,6,0,14,29,3,17,31,39,20,32,13,22,28,15,11,37,4,34,8,33,19,7,23
399;287;9781;2852;25,28,11,31,4,37,34,1,19,16,7,15,22,21,33,5,2,12,17,27,3,35,23,10,6,32,26,30,24,36,29,38,18,39,0,20,14,13,9,8
400;294;15141;3477;29,31,14,27,26,23,2,32,3,17,7,39,6,16,20,5,22,11,28,33,19,34,36,37,4,38,8,0,24,9,15,30,13,18,10,12,35,25,1,21
401;268;15790;3066;37,2,4,29,8,34,31,9,11,15,22,3,13,32,33,23,36,38,14,24,18,0,6,35,30,39,12,10,21,5,20,17,19,7,25,1,16,28,26,27
402;308;8778;1783;2,31,26,0,32,3,27,23,29,30,24,35,10,38,14,36,33,34,13,15,4,22,9,37,11,19,8,28,17,25,7,12,16,21,6,1,18,39,20,5
403;316;9870;3016;31,13,34,27,33,22,2,29,15,4,9,37,11,21,8,23,0,30,39,18,24,38,20,35,36,14,3,10,32,12,26,17,28,7,25,1,6,19,16,5
404;302;12494;3845;16,27,5,17,1,7,25,28,19,12,21,39,6,24,20,14,29,15,37,2,33,13,32,31,22,26,23,3,11,18,4,10,38,30,0,9,34,35,36,8
405;306;10705;3518;31,13,14,33,24,15,22,36,30,11,34,9,18,37,8,4,10,25,38,0,6,35,21,2,12,16,39,27,5,17,7,32,26,23,3,20,1,28,19,29
406;280;14437;4518;31,13,34,27,22,33,2,15,29,4,8,3,37,32,11,23,12,0,6,21,30,9,25,18,38,10,39,35,1,7,5,36,14,24,17,20,16,26,28,19
407;320;9222;3323;2,18,19,37,28,25,27,30,10,9,8,34,11,33,4,22,29,39,3,13,36,35,14,31,38,24,20,0,5,21,7,6,26,12,17,32,16,1,15,23
408;328;10834;3425;35,0,14,10,24,36,30,18,38,12,26,39,13,6,3,32,33,11,9,8,37,34,28,31,4,19,22,2,15,7,1,16,29,23,27,5,25,17,20,21
409;375;20795;6400;37,34,1,27,19,4,2,28,11,5,7,12,25,21,16,23,26,3,33,17,29,6,14,31,39,20,32,13,22,36,15,30,35,38,10,24,0,18,9,8
410;369;15046;3956;31,13,33,27,22,15,2,23,29,4,28,11,37,8,34,19,25,39,32,3,30,0,12,10,38,18,6,35,36,14,24,1,16,5,26,20,21,17,9,7
411;317;14691;4834;29,31,23,27,4,37,2,34,11,7,17,16,25,5,19,20,22,9,8,33,30,15,32,13,18,3,28,10,6,35,39,38,24,36,0,12,26,14,1,21
412;341;11866;3756;25,6,28,2,26,1,27,32,12,34,22,16,31,21,33,15,10,35,14,3,38,30,39,18,36,0,24,13,9,17,8,4,37,11,29,7,20,19,23,5
413;284;12290;4198;16,27,35,10,12,5,25,21,1,7,19,17,6,32,30,28,18,11,23,9,29,37,15,2,4,13,34,31,22,24,33,38,39,36,0,14,8,3,26,20
414;297;7405;2609;2,37,29,16,4,28,27,11,19,32,20,26,3,17,23,7,34,38,22,33,6,0,1,31,39,12,25,35,15,9,21,30,36,18,10,24,13,14,5,8
415;326;8369;2940;0,18,14,10,24,30,35,36,38,20,26,29,3,6,39,32,22,33,13,15,11,31,9,2,34,4,8,37,21,25,12,16,1,5,27,7,19,28,17,23
416;311;13682;4531;3,6,1,27,28,26,2,39,32,33,22,31,13,29,23,15,9,10,21,12,38,35,14,18,30,36,24,0,8,19,5,37,11,4,25,7,16,34,20,17
417;292;9806;3197;10,18,21,6,12,35,25,9,30,36,24,39,0,3,38,14,13,33,29,15,11,31,8,2,34,4,22,37,23,28,32,16,26,1,27,5,19,17,20,7
418;293;12045;4049;10,3,39,13,33,6,30,26,32,15,23,9,18,29,22,8,19,11,31,28,25,37,16,2,34,1,4,27,7,35,5,38,36,24,0,12,17,14,20,21
419;299;20031;6934;27,2,7,25,5,1,16,19,28,17,20,6,12,39,21,29,33,15,37,31,9,22,4,13,11,8,34,18,23,3,32,10,38,30,35,36,26,0,14,24
420;299;10269;3372;35,18,12,0,21,30,38,9,10,24,14,13,25,15,36,8,39,17,5,6,29,16,23,27,20,31,7,2,3,28,32,19,11,4,37,26,1,34,22,33
421;322;16725;5538;35,13,18,25,30,12,10,39,6,9,1,27,2,16,21,5,38,14,32,3,33,36,15,0,26,22,24,31,8,34,20,11,19,4,37,23,29,28,7,17
422;320;6939;2622;9,18,24,2,14,16,27,36,21,15,29,31,13,33,8,22,38,6,20,0,30,39,7,35,12,25,17,10,5,28,1,37,11,34,3,32,19,4,26,23
423;283;18122;7940;28,16,7,12,5,1,25,21,19,38,24,10,35,30,0,36,9,37,23,18,29,27,8,2,11,4,34,31,22,26,15,3,6,32,13,17,33,39,14,20
424;260;5909;2179;22,13,8,26,24,14,33,36,15,11,4,37,2,19,34,28,18,35,3,9,29,30,20,10,0,39,38,31,32,12,23,16,1,21,27,5,6,25,17,7
425;343;20726;23657;25,16,12,19,21,1,28,7,5,38,24,30,10,0,35,36,27,26,23,17,39,6,14,2,3,20,32,29,37,34,4,13,15,33,31,8,11,22,18,9
426;345;13667;4176;10,35,14,31,24,38,0,36,30,6,26,29,3,20,39,32,18,4,12,8,37,9,16,2,11,34,21,27,22,19,33,25,28,1,13,7,15,17,23,5
427;348;19154;3868;31,3,33,27,32,17,2,6,26,20,7,16,29,1,23,5,39,38,12,14,30,0,13,35,36,18,24,10,21,8,15,11,4,34,37,22,9,19,28,25
428;346;16208;3135;10,35,39,36,6,38,0,12,30,14,32,17,3,20,24,26,9,22,21,18,34,15,4,13,33,11,8,31,29,19,23,27,1,28,2,16,37,25,7,5
429;292;9939;2375;18,9,8,33,4,34,31,37,11,15,23,3,29,28,22,32,13,21,26,17,6,2,25,27,12,39,1,16,7,14,20,35,36,38,10,24,5,30,19,0
430;337;9188;4235;27,2,32,6,23,18,3,29,9,21,20,12,16,5,39,1,37,34,19,28,22,11,8,31,33,15,4,13,0,24,38,10,14,30,35,26,36,25,7,17
431;353;14671;6432;10,0,24,18,36,38,30,31,35,15,33,9,2,8,13,22,26,20,39,14,32,17,5,29,6,23,7,3,1,19,28,37,11,4,27,25,16,34,21,12
432;301;13137;5372;31,18,8,15,9,22,13,26,33,4,28,34,11,37,29,19,6,38,32,3,10,39,14,0,36,24,30,35,20,21,17,27,1,16,2,5,12,25,23,7
433;309;12218;5443;35,12,38,25,39,30,10,0,6,24,1,27,2,26,36,14,33,15,21,31,8,22,4,13,9,11,34,18,17,7,20,19,28,23,37,5,29,16,32,3
434;282;8562;3116;27,2,12,35,21,16,25,9,18,6,28,30,10,3,1,32,11,15,19,37,33,34,8,13,22,29,4,31,23,24,7,38,14,36,0,20,17,39,26,5
435;268;9222;3102;27,2,21,31,12,6,13,16,39,15,5,22,33,28,1,23,11,19,29,34,17,4,14,37,7,26,20,25,24,0,8,35,30,38,10,9,36,18,32,3
436;348;12049;3683;15,13,8,29,9,33,31,18,22,35,24,0,10,38,30,36,11,37,21,4,25,34,1,2,19,28,12,27,5,17,7,39,32,26,6,23,16,3,14,20
437;317;15624;4941;25,0,4,2,19,11,37,28,34,22,8,29,31,13,33,15,24,30,38,36,6,35,26,10,12,32,14,3,39,16,1,9,7,17,18,5,21,27,23,20
438;298;13793;4620;31,13,6,0,39,22,29,33,15,35,23,30,10,3,38,32,25,34,21,12,4,27,28,2,11,19,1,37,7,17,5,9,14,24,18,8,16,36,26,20
439;282;12204;2824;10,18,0,27,38,35,2,9,30,24,8,26,14,4,36,11,12,39,21,25,33,6,1,13,15,22,34,31,32,19,23,3,20,37,29,7,28,17,16,5
440;302;12816;4040;25,6,11,18,34,21,9,1,12,32,15,26,3,33,28,22,16,13,5,17,29,27,23,2,39,20,7,31,37,24,19,35,10,38,0,36,14,30,8,4
441;277;6388;1537;3,29,32,14,6,39,26,17,20,33,28,0,31,22,13,15,5,21,7,23,18,16,12,27,9,25,1,2,19,8,4,30,34,11,10,36,37,35,38,24
442;284;8772;1773;35,10,14,31,24,36,0,30,38,33,32,15,13,22,26,3,18,21,39,9,25,12,5,2,16,1,6,27,7,19,20,11,4,37,34,28,17,29,8,23
443;275;7727;1565;0,18,24,10,36,38,35,9,30,12,21,27,2,6,25,39,15,33,8,13,11,22,19,31,34,4,28,37,32,29,23,17,14,20,26,7,3,16,1,5
444;262;12961;2634;10,35,14,18,36,38,30,24,0,8,22,13,31,33,9,15,21,1,6,12,19,16,17,27,28,7,5,25,34,4,11,23,3,32,2,26,37,29,39,20
445;298;16197;4090;2,31,23,16,29,33,27,15,22,28,1,26,3,20,32,5,13,39,12,21,10,9,0,18,30,38,6,35,24,8,14,11,37,4,34,25,36,19,7,17
446;359;13828;2719;22,13,4,31,11,34,33,8,15,19,23,28,29,3,37,32,2,30,9,27,36,10,14,35,38,24,18,0,21,25,16,6,7,17,39,5,12,20,26,1
447;267;9047;1873;35,13,32,12,3,30,6,39,10,21,1,9,18,16,25,28,38,26,24,36,27,0,15,31,33,22,14,2,23,8,20,11,4,34,37,17,29,19,5,7
448;289;17397;3810;0,39,20,29,24,36,35,14,38,11,9,34,31,37,8,4,26,10,6,17,18,3,23,2,30,13,32,27,28,21,1,16,22,15,25,5,12,33,19,7
449;375;31316;7380;13,31,23,27,22,15,2,33,29,20,17,25,16,5,39,7,34,9,8,37,12,11,32,18,21,6,4,3,36,38,24,35,28,0,10,14,30,1,19,26
450;256;9477;1941;27,29,5,23,7,17,2,20,16,37,4,1,25,34,19,11,36,38,14,24,30,0,13,31,35,10,39,18,9,22,8,12,32,3,6,33,15,26,28,21
451;303;17450;3591;25,29,17,27,7,5,16,20,1,14,24,0,2,38,26,36,12,18,39,6,15,21,34,31,33,22,9,13,8,37,4,30,3,32,10,28,11,35,23,19
452;290;11412;2326;31,13,20,3,39,33,29,15,22,32,4,17,6,34,26,11,0,36,8,14,10,38,9,35,30,18,24,2,21,16,23,25,19,1,27,5,12,28,37,7
453;399;13348;2658;13,31,21,18,8,15,9,33,22,0,38,35,10,24,30,36,11,37,29,4,1,34,16,2,28,25,19,27,5,20,23,26,32,3,17,14,7,6,12,39
454;303;7235;1650;35,10,24,18,36,38,0,14,30,13,8,31,2,22,9,15,6,1,21,12,17,39,20,25,16,7,5,27,28,23,32,37,11,4,29,3,19,34,33,26
455;356;10032;2376;27,2,28,1,19,16,25,21,37,7,5,17,6,32,12,23,34,22,4,11,9,33,29,31,15,18,8,13,0,36,39,10,14,30,35,24,38,26,3,20
456;307;12103;2723;2,18,1,16,12,21,27,25,9,39,0,10,35,30,6,38,37,11,28,19,22,34,8,13,15,33,4,31,23,20,32,26,14,17,3,7,29,24,36,5
457;357;6965;1416;27,2,7,20,5,17,29,1,16,6,21,13,39,9,25,12,22,28,23,15,26,33,4,31,37,32,19,3,11,14,34,30,35,36,10,24,8,18,0,38
458;314;13844;2873;13,3,15,6,22,32,39,33,26,1,12,25,34,11,28,21,0,35,24,14,10,38,8,31,30,9,36,18,29,7,20,27,19,16,2,5,17,37,4,23
459;288;16708;3238;15,33,23,3,32,28,13,26,22,1,0,39,6,17,27,38,37,4,19,34,14,11,36,2,29,24,8,31,20,9,7,10,18,30,35,21,25,12,16,5
460;316;14598;3624;28,25,5,27,7,19,16,17,1,23,3,37,2,29,20,32,10,18,6,12,36,30,14,35,38,24,39,0,9,22,21,13,34,33,31,15,8,11,26,4
461;265;7382;1960;30,18,32,35,3,12,10,25,6,14,36,17,26,29,24,20,39,34,28,38,22,0,27,31,33,15,1,13,9,4,8,37,16,19,2,21,11,23,7,5
462;298;8129;1787;10,0,32,3,6,38,30,39,35,24,26,12,18,25,36,14,31,11,22,33,37,34,28,2,4,19,8,27,23,1,29,16,21,5,13,7,15,9,17,20
463;370;25413;5099;27,2,28,25,32,12,1,26,6,37,19,11,34,4,17,23,35,14,3,10,38,30,13,18,36,39,24,0,20,21,8,29,22,15,31,16,9,33,7,5
464;350;17152;3365;31,10,15,9,22,13,18,33,30,29,21,27,2,16,8,23,35,39,24,36,32,38,12,0,6,26,14,3,20,25,7,34,11,19,37,28,17,4,5,1
465;292;8894;1863;27,2,1,6,32,26,17,23,3,12,21,30,10,18,25,9,34,29,28,11,22,37,19,31,33,15,4,13,20,39,7,38,24,36,0,14,8,35,16,5
466;306;15197;4012;10,35,9,25,21,12,18,6,30,11,8,27,2,37,34,4,38,39,24,36,22,0,26,13,15,33,14,31,3,29,32,28,19,7,17,23,20,16,1,5
467;348;13132;2848;27,2,20,5,7,23,16,17,29,28,19,6,39,32,1,3,11,9,4,37,22,34,18,31,33,15,8,13,21,35,12,38,30,36,0,24,25,10,26,14
468;328;27605;5364;37,34,1,27,19,4,2,28,11,21,23,12,25,7,16,5,22,13,9,15,32,33,39,31,26,6,18,3,20,14,8,30,38,36,10,24,29,35,17,0
469;305;25240;5063;2,0,14,16,24,36,27,39,38,17,7,29,31,23,20,5,30,9,13,35,12,10,32,18,21,6,3,25,1,28,15,4,11,19,37,22,26,34,8,33
470;260;14281;3650;37,11,7,28,17,19,25,34,4,20,5,3,29,32,1,23,27,18,8,16,15,9,33,2,13,22,21,31,12,35,6,38,30,36,0,24,39,10,26,14
471;291;11315;2522;25,28,20,16,5,7,17,1,19,6,21,18,13,9,39,12,34,11,23,27,29,37,26,2,4,3,32,31,22,8,15,30,38,0,10,36,33,35,14,24
472;303;6293;1301;13,15,32,39,26,33,6,3,22,29,20,2,31,27,17,23,18,30,21,9,36,10,14,35,38,24,12,0,8,11,1,37,19,4,25,5,34,16,28,7
473;272;9863;2177;13,31,8,18,33,22,9,29,15,12,16,10,30,35,21,5,34,19,4,11,25,37,7,2,28,1,17,27,23,32,20,39,0,3,6,14,26,38,36,24
474;300;9478;2057;39,6,14,29,32,3,20,26,17,16,7,0,31,33,23,5,1,37,19,28,34,27,21,2,11,12,4,25,8,15,22,13,30,35,18,24,9,10,38,36
475;329;8833;1762;2,37,8,29,23,4,27,19,11,0,24,30,10,38,35,36,22,28,25,34,32,33,12,31,26,6,1,3,7,21,5,9,13,15,18,16,17,39,14,20
476;314;13258;3081;37,2,17,26,28,11,34,19,4,3,23,22,33,15,32,8,18,1,7,9,12,16,10,27,21,25,5,35,24,38,36,0,6,39,31,14,30,13,29,20
477;360;10078;2181;13,31,9,11,8,15,34,22,33,23,32,37,4,19,29,28,30,24,3,18,0,36,20,10,38,39,14,35,12,17,21,27,1,16,2,5,6,25,26,7
478;392;18665;3882;35,0,12,25,24,30,10,36,38,11,4,6,39,37,34,19,22,13,8,33,18,15,16,31,9,27,21,2,5,17,7,3,26,20,29,32,23,14,1,28
479;322;11262;2324;31,34,8,13,4,22,15,11,33,32,23,3,29,39,26,6,37,27,28,19,9,25,12,2,16,21,1,18,7,24,5,10,38,30,35,36,17,0,20,14
480;283;12311;2428;27,2,1,6,28,32,26,23,3,38,36,17,0,14,39,24,22,13,8,33,30,15,35,31,9,10,29,18,11,37,34,12,21,19,25,7,4,16,20,5
481;291;9496;1998;2,27,34,35,11,31,10,4,37,8,33,13,18,15,9,22,29,20,19,25,14,17,23,3,28,32,7,26,5,6,1,38,36,39,0,24,16,30,21,12
482;331;15726;3888;3,29,32,14,6,39,26,17,20,38,36,35,31,12,0,24,1,28,23,5,37,16,10,27,19,25,7,2,11,21,34,18,15,9,13,8,4,22,30,33
483;290;7983;1752;27,2,12,35,21,30,10,9,18,5,19,1,25,28,16,7,11,33,4,37,15,34,23,31,22,29,8,13,32,26,6,38,36,14,0,39,3,24,17,20
484;281;13396;2629;3,29,32,14,6,39,26,17,20,34,11,0,31,22,33,4,1,28,23,5,37,16,10,27,19,25,7,2,12,35,24,9,13,30,18,38,21,15,8,36
485;294;10213;2212;31,13,38,35,39,33,0,15,22,30,21,9,18,6,10,12,14,20,36,24,17,29,23,2,16,7,5,27,26,28,32,19,11,4,37,1,3,34,25,8
486;347;16716;3239;37,2,28,29,19,4,31,34,11,15,23,13,33,3,22,32,10,9,25,30,16,35,5,18,21,1,12,27,7,36,8,38,6,17,0,14,24,39,26,20
487;350;12166;2648;10,35,39,27,6,12,2,24,25,32,1,17,26,3,14,28,13,9,33,15,38,18,8,31,30,36,22,0,21,34,5,4,37,11,29,23,16,19,20,7
488;312;14214;3398;33,13,4,11,8,22,34,9,15,19,28,27,2,16,37,21,30,35,3,18,36,10,14,31,38,24,39,0,12,20,32,26,25,17,29,7,6,1,23,5
489;275;9105;2638;10,35,12,13,6,25,18,39,30,9,15,27,2,34,21,1,0,24,17,38,20,36,5,31,14,16,7,29,23,26,32,19,4,28,37,8,3,11,33,22
490;286;13349;2691;26,3,25,1,12,6,28,39,32,5,20,16,17,19,21,7,0,38,24,14,18,35,8,10,30,9,36,13,22,31,15,27,34,11,2,4,33,37,23,29
491;272;8062;1646;2,27,23,20,32,3,29,6,39,37,11,14,26,16,17,4,0,22,12,34,13,33,25,31,15,9,21,18,28,38,8,10,36,30,35,5,1,24,19,7
492;375;12993;3115;10,35,14,18,24,36,30,0,38,9,12,39,13,6,8,21,3,29,32,26,11,31,33,2,4,34,23,37,22,19,15,1,5,25,27,7,28,16,20,17
493;374;11182;2210;16,27,5,39,1,21,6,25,12,20,17,29,13,15,7,23,0,35,14,24,30,38,8,2,10,9,36,18,3,33,32,11,4,34,31,22,26,37,19,28
494;275;12374;2627;18,13,12,35,21,30,10,15,9,38,0,39,6,3,25,32,33,34,28,22,11,31,8,2,37,4,19,27,1,7,5,17,26,20,29,23,16,14,36,24
495;337;15415;3945;31,2,8,13,33,22,15,23,29,32,21,3,18,6,9,12,34,19,4,11,16,37,7,27,1,5,28,25,20,0,39,35,36,38,10,24,17,30,26,14
496;290;13683;2791;18,2,8,10,4,11,30,37,9,32,6,3,29,20,23,39,13,33,21,15,1,22,19,31,34,28,12,25,5,35,7,0,36,38,27,24,16,14,26,17
497;344;10455;2052;35,10,24,14,36,38,0,18,30,3,26,12,6,17,39,32,13,33,8,9,11,22,4,31,34,37,15,2,23,19,21,16,1,28,27,5,29,25,20,7
498;324;8141;1661;25,10,26,32,1,6,3,30,12,33,34,13,31,15,28,22,20,14,7,17,36,39,16,35,38,24,5,0,23,19,8,27,4,37,2,9,29,11,21,18
499;293;15914;3153;30,18,4,35,8,11,10,34,9,36,24,12,0,21,38,14,31,26,22,33,3,37,19,2,32,23,28,27,1,17,5,6,39,20,29,7,16,13,25,15
