0;321;17026;4639;19,37,35,45,27,7,23,47,46,10,32,29,11,36,25,0,2,6,49,38,34,15,21,40,39,17,4,9,12,16,42,30,5,48,18,26,24,28,1,20,31,14,8,33,22,3,13,43,41,44
1;353;14705;3826;9,27,29,40,37,46,15,44,28,21,19,1,42,11,41,4,25,12,16,45,32,49,35,0,7,6,17,38,39,34,24,2,18,8,14,48,47,23,3,31,26,5,43,33,20,30,13,36,22,10
2;330;19409;4840;8,14,21,1,28,45,37,40,15,44,27,7,11,9,32,49,41,6,43,33,0,22,20,2,31,18,12,3,4,16,42,17,29,24,19,26,35,25,23,48,39,36,10,30,46,34,47,38,13,5
3;313;15084;3656;28,23,49,12,38,42,25,0,6,35,16,19,27,45,46,5,41,1,43,47,26,48,10,3,22,36,30,20,33,31,2,34,4,39,40,14,44,9,21,13,24,7,18,8,29,17,32,11,15,37
4;261;13547;4267;44,27,39,25,15,37,5,38,41,9,21,1,23,11,28,43,14,7,34,19,42,45,6,35,46,29,32,49,0,17,24,40,8,13,48,31,16,18,4,22,26,33,30,20,10,3,2,47,12,36
5;298;14984;3686;13,18,47,5,41,36,11,29,37,25,26,8,44,43,14,45,6,1,27,4,7,40,9,24,32,12,21,17,15,42,16,38,34,39,30,31,49,23,19,3,22,10,48,20,46,2,33,0,28,35
6;263;11862;3178;14,5,19,25,6,36,8,46,18,28,47,13,45,23,7,49,27,35,43,48,32,20,33,26,30,10,31,22,3,0,2,29,21,40,15,42,44,37,11,9,39,12,4,17,24,34,16,38,1,41
7;324;12204;2965;5,30,40,25,12,29,46,36,23,19,16,48,43,47,10,32,42,7,0,20,22,14,13,31,3,26,8,33,18,2,4,21,15,37,17,38,49,9,11,44,39,45,24,1,41,34,27,35,28,6
8;272;15777;4670;6,9,11,13,8,5,40,41,28,18,14,24,17,44,1,21,29,37,15,35,45,12,4,42,27,43,39,49,16,38,34,36,26,47,30,31,7,25,23,33,0,3,48,20,10,2,22,32,19,46
9;346;13623;4207;35,34,18,37,4,5,11,2,28,8,13,39,17,14,38,21,9,15,29,43,27,1,44,45,49,41,24,6,0,32,7,30,33,48,3,36,40,12,23,26,42,10,20,47,22,16,31,19,25,46
10;386;17866;6308;44,9,19,23,25,37,6,29,28,15,21,41,12,11,1,48,10,5,30,16,24,46,45,42,17,27,39,49,35,34,38,22,20,3,31,0,26,40,47,8,7,4,33,18,14,32,2,13,36,43
11;280;11817;3013;2,6,9,18,33,4,37,17,3,31,20,28,0,22,11,13,14,8,5,43,24,49,35,38,41,44,45,1,27,39,34,42,16,12,15,36,30,40,25,10,46,7,21,47,23,19,32,48,29,26
12;372;13076;4115;5,23,14,6,28,32,29,0,13,8,7,19,25,18,46,35,11,37,49,33,22,30,48,20,3,2,36,31,10,26,47,43,27,45,1,38,4,44,15,9,42,17,41,39,40,34,24,16,21,12
13;276;11149;2794;23,19,33,22,3,26,45,31,10,48,30,25,6,20,46,21,9,15,40,35,42,47,4,16,49,12,7,36,2,0,32,43,18,14,8,39,27,29,37,41,17,5,13,38,11,24,34,44,28,1
14;318;16670;4270;9,21,18,37,10,13,25,14,12,23,8,15,29,4,40,35,6,17,49,46,0,36,47,32,2,19,16,7,42,45,27,33,5,48,31,3,43,28,44,38,39,26,20,22,11,34,30,24,1,41
15;379;24593;6915;37,26,17,32,11,24,7,18,13,14,29,25,30,8,38,46,10,23,19,15,36,9,40,16,47,21,39,42,12,4,34,43,5,41,44,49,20,48,22,35,2,45,1,6,28,0,27,31,33,3
16;325;15687;4167;13,6,48,25,19,23,37,5,17,29,46,28,8,30,11,18,33,14,7,45,43,41,1,49,35,27,24,44,38,39,34,10,22,20,31,2,32,3,15,40,42,47,26,0,9,16,36,4,21,12
17;330;15854;4133;4,41,14,8,18,29,40,43,12,15,21,9,28,16,44,22,3,2,38,27,32,35,6,0,7,1,42,45,49,24,17,11,13,37,25,47,31,5,48,36,39,46,23,26,10,34,19,30,33,20
18;403;21012;5392;21,9,28,5,23,46,25,6,27,29,19,15,37,45,42,4,40,12,16,44,17,35,11,24,43,1,39,41,49,38,34,0,7,32,48,3,47,13,14,33,26,31,10,20,30,22,2,36,8,18
19;291;11108;3406;43,5,19,33,20,2,26,0,25,23,31,6,41,47,45,28,1,3,27,30,34,36,10,38,39,48,16,49,46,35,42,32,24,7,13,17,44,22,37,4,21,18,8,29,12,40,14,9,11,15
20;334;14207;3642;48,30,27,28,19,9,41,45,5,23,1,10,43,6,46,17,29,44,24,47,42,12,4,16,36,25,39,35,49,38,34,40,15,21,26,0,22,37,33,8,31,32,13,14,18,2,7,3,11,20
21;333;14128;3580;9,21,43,12,1,49,37,39,11,41,38,15,29,44,40,27,28,6,45,4,0,14,8,32,2,13,17,18,7,24,34,16,35,42,25,22,30,5,23,10,31,26,36,20,46,3,47,33,19,48
22;310;14743;3708;33,12,5,29,23,46,25,30,20,10,19,3,22,48,31,15,11,37,21,16,26,40,47,8,13,36,43,14,18,4,2,42,49,35,28,7,17,9,44,27,39,32,6,45,1,34,0,24,41,38
23;338;13132;4741;25,19,41,8,13,44,48,38,37,5,30,46,23,11,29,33,20,10,18,40,34,9,15,4,39,21,42,12,16,17,24,27,28,1,35,0,31,26,3,47,7,6,49,43,36,32,45,2,22,14
24;321;12506;3333;42,6,21,47,36,40,25,9,37,12,16,35,28,15,49,19,23,29,46,45,17,41,44,24,27,11,43,1,38,39,34,0,7,32,26,2,13,10,48,20,18,31,22,33,30,4,3,8,5,14
25;295;15020;3884;5,25,49,44,28,43,41,45,35,1,6,23,24,27,38,47,11,19,36,39,34,33,10,30,26,46,31,48,20,22,3,0,32,2,13,18,42,37,17,21,12,14,8,40,15,4,7,16,29,9
26;333;19336;4616;46,20,13,14,18,2,19,48,33,37,8,31,3,5,23,40,43,22,42,25,26,12,4,36,47,10,39,16,30,38,34,35,0,49,6,32,21,41,29,1,17,27,28,7,44,24,45,15,11,9
27;362;14667;4597;15,37,45,29,40,28,21,27,9,44,6,11,25,1,41,14,18,8,13,43,24,38,49,34,17,35,4,39,12,16,42,36,19,47,22,2,5,23,10,33,7,31,20,0,26,32,3,30,46,48
28;321;12923;3348;10,5,39,21,15,34,30,20,48,33,9,23,25,31,37,13,8,40,26,41,45,28,44,27,38,11,3,1,22,24,17,29,46,19,47,49,7,6,12,43,2,35,36,16,4,0,42,32,18,14
29;331;21368;5271;25,29,41,28,6,43,36,38,35,1,44,37,47,49,11,27,46,19,45,12,42,21,15,40,16,4,39,9,17,24,34,8,14,18,22,31,5,7,32,20,30,0,3,33,13,26,2,48,23,10
30;298;13158;3361;37,9,26,20,33,30,28,34,22,3,31,11,40,39,41,15,12,29,21,27,13,43,44,8,14,1,2,18,4,17,24,38,48,5,19,42,7,10,25,36,32,35,47,49,16,0,46,45,23,6
31;273;9899;3232;5,48,3,11,37,14,41,31,33,22,13,23,43,20,10,35,6,46,49,30,34,47,36,38,39,25,7,26,32,0,2,18,4,8,44,40,45,28,1,21,17,16,15,9,29,42,12,24,19,27
32;315;12902;3229;48,5,22,25,36,3,23,30,46,10,31,33,37,20,19,39,11,15,34,47,40,8,13,29,21,26,32,18,14,17,7,2,16,0,28,49,38,12,4,44,27,35,6,43,1,45,42,24,9,41
33;302;14182;3754;17,9,26,10,23,46,37,47,29,25,19,15,42,36,21,31,20,33,3,40,2,13,16,18,4,12,7,8,14,0,32,27,6,45,35,24,22,28,5,41,39,43,1,38,44,34,49,11,48,30
34;309;12750;3175;37,21,30,41,5,38,33,16,11,42,48,15,29,12,9,27,1,44,45,32,24,18,4,7,17,40,39,14,8,13,34,46,23,19,20,2,43,25,26,36,49,31,22,3,47,0,10,35,28,6
35;302;13083;3992;3,31,26,28,6,41,22,25,48,30,5,20,33,23,10,2,27,45,0,38,34,46,19,36,39,43,49,47,35,16,42,13,37,11,29,40,32,44,12,15,24,18,14,21,9,17,8,7,1,4
36;310;11914;3516;37,23,49,6,45,44,27,35,41,1,28,25,12,11,38,32,43,0,7,9,24,19,21,17,40,15,39,29,46,42,34,16,36,47,26,33,14,5,8,20,3,48,30,31,22,2,10,4,13,18
37;311;17797;4444;31,30,49,44,22,43,3,35,28,1,41,20,33,6,26,0,42,24,2,36,47,10,48,46,19,5,27,23,25,38,45,34,11,39,29,14,16,37,15,40,32,8,17,18,21,7,13,4,9,12
38;316;14446;3538;25,3,29,4,9,13,37,40,12,15,5,26,22,21,30,2,11,17,24,47,42,31,20,36,16,23,33,19,10,46,48,18,14,8,43,0,35,28,1,45,39,32,6,49,27,34,7,38,44,41
39;345;29377;7630;38,44,45,25,23,46,28,49,27,6,19,1,5,35,41,36,10,47,43,40,24,15,37,17,29,9,42,21,11,39,34,16,4,12,48,0,26,8,18,20,31,7,30,33,22,2,32,3,13,14
40;279;13849;3457;41,34,4,35,49,42,1,18,9,12,16,39,43,40,44,45,28,6,27,37,7,21,15,14,32,11,8,29,13,17,24,38,2,0,33,20,19,5,23,48,36,3,31,30,10,26,22,47,25,46
41;324;20388;4991;27,41,4,3,22,12,28,14,8,9,40,1,11,18,44,42,16,24,17,43,38,45,6,49,35,2,32,39,0,34,7,30,26,13,31,10,29,5,25,47,19,48,20,36,23,46,33,21,37,15
42;326;14457;3836;38,41,7,18,8,32,43,16,25,4,14,1,49,12,44,5,27,35,13,37,34,15,9,39,11,42,40,29,21,17,24,0,45,6,2,31,47,28,19,10,30,3,33,20,48,26,22,36,23,46
43;353;15166;4247;13,46,14,11,37,15,25,40,8,29,21,23,5,18,19,12,17,4,16,2,30,20,3,33,48,22,36,31,10,26,47,34,38,39,28,7,24,9,44,6,49,45,1,32,35,0,27,42,41,43
44;359;16099;3907;9,6,19,12,37,23,15,29,42,21,25,28,45,46,27,32,40,7,0,35,43,11,44,38,49,1,24,41,39,34,17,16,36,47,10,31,4,5,13,48,2,20,22,33,30,26,3,18,14,8
45;361;13957;3464;31,26,48,25,37,30,20,46,10,23,5,36,15,33,47,11,28,3,22,29,40,14,13,18,21,19,7,8,2,0,32,4,16,12,42,24,43,9,44,1,39,45,27,38,41,34,17,49,6,35
46;323;10231;2527;9,4,19,25,23,24,41,44,1,15,21,12,38,28,27,10,36,5,48,46,42,45,6,49,16,43,2,35,0,32,7,17,11,29,37,34,31,40,22,18,30,8,14,13,33,26,39,3,47,20
47;316;19701;6021;31,11,4,5,37,26,20,8,14,33,13,43,29,18,41,19,23,32,7,22,17,28,6,24,2,3,44,0,1,45,27,30,10,48,46,34,21,25,40,36,16,38,35,39,12,42,49,15,47,9
48;328;19376;4634;22,46,37,7,14,8,6,33,3,28,18,19,29,31,20,0,4,32,2,25,47,5,13,26,36,23,27,10,48,30,45,40,15,21,9,34,43,11,16,44,17,39,1,42,41,24,38,49,12,35
49;340;20316;5165;15,12,36,5,48,25,11,47,29,37,33,21,9,17,16,46,38,19,42,26,34,18,4,32,39,40,13,30,8,7,14,10,20,23,31,45,35,22,24,1,2,28,3,6,44,0,27,49,41,43
50;329;15463;4654;25,37,22,39,34,26,33,23,10,31,3,36,11,20,47,0,18,2,32,19,17,15,9,40,29,46,4,21,12,16,42,30,38,48,5,7,45,28,1,41,49,14,8,43,44,24,13,35,27,6
51;334;19972;5033;46,45,47,33,20,19,48,36,10,23,31,6,30,25,35,8,13,14,18,7,4,0,32,16,12,49,39,42,2,38,34,43,5,26,37,24,40,15,9,11,29,1,41,44,28,17,27,22,21,3
52;354;26777;6687;28,37,30,6,45,48,27,26,1,41,5,11,29,43,44,39,4,38,34,8,17,33,14,2,24,13,20,18,31,3,22,10,25,23,46,32,40,19,12,36,16,0,35,7,47,42,49,21,9,15
53;334;18784;5682;0,23,18,21,29,40,5,7,32,13,8,19,25,14,46,4,12,16,42,30,36,22,33,10,47,48,3,20,31,26,2,37,11,15,45,38,43,28,9,1,39,24,27,44,41,34,17,49,6,35
54;356;35520;8584;9,16,37,11,33,19,26,21,47,36,25,12,42,15,40,3,20,31,22,4,0,24,17,32,2,29,13,18,8,14,7,46,10,23,35,38,28,48,5,6,27,39,49,43,41,45,34,44,30,1
55;301;16503;4658;19,45,7,1,35,38,28,36,25,6,49,23,27,47,46,12,4,42,16,30,0,33,10,2,32,48,20,26,31,3,22,43,41,5,44,34,15,11,29,18,17,8,14,39,40,24,13,21,37,9
56;320;14611;4217;23,46,47,39,41,34,25,26,10,36,38,35,19,43,49,12,9,42,16,20,22,6,1,3,31,44,45,28,27,2,0,30,5,48,33,14,4,11,37,8,17,7,13,18,29,24,32,40,15,21
57;293;12892;3316;16,47,44,9,42,38,6,41,29,11,1,36,40,5,35,21,15,28,19,39,34,13,14,0,2,18,43,8,49,17,24,4,37,12,25,32,3,46,23,48,33,45,26,30,10,7,27,31,22,20
58;277;12828;3224;13,8,41,47,36,43,26,29,30,48,10,14,4,5,18,16,25,12,38,11,34,20,33,24,39,37,31,17,3,22,2,40,9,44,1,7,49,23,19,27,45,15,28,32,6,0,21,42,46,35
59;275;13714;3507;18,37,22,20,31,28,33,44,41,2,3,8,29,1,11,35,49,19,46,17,34,12,4,42,39,24,21,9,15,16,40,27,14,43,47,30,38,25,10,5,32,13,36,48,45,7,26,0,23,6
60;351;16257;4728;9,12,27,41,44,38,25,45,23,1,28,15,40,6,21,14,18,4,43,16,49,17,29,42,35,19,24,46,0,32,7,39,37,11,5,34,2,8,22,33,26,10,47,48,20,30,36,31,13,3
61;324;18117;4461;23,47,45,14,13,43,28,32,5,6,27,19,25,7,46,12,18,16,4,26,2,31,3,22,0,36,10,20,33,30,48,35,42,49,1,34,40,8,29,11,17,44,41,39,9,24,38,21,37,15
62;313;14835;3779;23,46,22,1,5,27,19,31,20,33,28,48,30,3,10,16,12,38,42,26,2,36,47,0,49,25,45,35,6,32,7,43,41,44,13,15,24,14,18,40,39,37,8,21,9,34,11,17,4,29
63;349;20993;5875;1,6,15,22,11,29,41,40,44,9,37,27,28,21,45,31,20,3,33,43,32,8,18,7,0,4,13,2,14,24,17,42,12,16,49,39,26,5,23,47,10,35,25,36,46,34,38,30,19,48
64;342;16563;4445;21,37,29,5,23,46,25,49,28,6,19,15,40,35,42,36,47,12,16,9,45,41,44,17,27,11,39,1,38,24,34,0,7,32,26,31,43,10,30,18,4,3,20,33,8,2,22,14,48,13
65;325;14157;3767;23,25,21,41,44,40,28,15,19,1,24,46,38,9,35,39,37,11,34,6,32,4,12,0,7,43,16,49,27,45,42,17,47,29,14,3,30,36,10,33,26,20,18,31,8,2,22,13,5,48
66;321;24171;5909;33,3,15,9,12,13,30,40,48,37,5,31,22,21,20,39,11,38,34,26,42,10,23,47,16,25,29,36,46,19,17,4,8,18,14,32,35,28,1,43,49,7,27,45,6,0,2,24,44,41
67;329;15768;4478;11,25,43,28,6,45,44,49,41,1,27,37,29,35,38,32,2,0,7,21,34,12,4,40,39,15,42,9,16,17,24,46,23,19,5,20,47,8,14,33,22,10,30,31,13,3,48,26,18,36
68;305;14046;3644;27,44,46,37,21,23,9,42,11,15,19,1,28,29,41,14,8,13,43,6,7,38,35,32,0,45,17,49,39,34,24,25,48,5,12,36,18,30,20,31,26,10,4,47,3,2,16,40,33,22
69;277;12534;3143;14,4,5,9,15,23,37,40,8,25,21,12,16,13,18,39,11,38,34,30,22,10,33,20,3,48,36,31,2,26,47,19,29,46,42,0,44,43,28,7,45,49,35,32,6,24,17,27,41,1
70;319;14000;3660;28,44,25,12,9,21,48,19,5,10,15,41,24,23,1,13,8,14,30,38,7,6,43,0,32,27,46,45,35,49,42,16,29,17,11,34,26,36,20,33,2,39,37,18,22,4,40,31,47,3
71;324;12057;3867;15,19,10,5,48,27,9,25,12,4,29,21,40,23,46,39,30,38,34,35,42,6,36,49,16,47,7,45,2,0,32,17,11,37,13,43,26,41,28,31,3,18,8,33,44,24,14,22,1,20
72;289;14931;3800;11,8,29,28,6,45,41,17,44,1,27,37,38,24,18,16,35,49,42,4,34,15,9,40,39,12,2,21,7,32,0,43,13,14,5,30,36,25,3,10,47,46,23,48,20,26,19,33,22,31
73;363;15135;4204;20,30,19,37,25,29,22,47,10,23,46,5,3,36,48,27,28,6,45,13,7,33,31,8,14,26,2,18,4,32,0,40,15,21,12,17,43,11,1,38,39,42,9,24,41,34,16,49,44,35
74;329;15693;4822;23,36,40,15,37,29,25,48,19,46,21,47,7,5,10,32,24,17,0,26,2,33,20,3,31,30,8,22,18,14,13,16,28,11,44,42,43,6,1,45,39,4,9,27,38,34,12,49,41,35
75;332;16362;6575;29,14,30,5,48,46,33,34,37,11,19,8,13,39,18,36,25,47,26,24,7,9,40,15,32,17,4,21,12,16,42,38,43,41,44,27,22,23,20,6,2,35,1,45,28,0,49,3,10,31
76;311;14172;5645;11,1,10,37,31,25,3,19,22,20,33,28,44,23,6,21,9,15,42,5,45,46,48,38,27,41,49,30,35,39,34,24,29,17,13,32,16,26,40,18,43,0,8,14,4,7,2,47,12,36
77;402;65861;17569;23,47,14,13,5,8,20,43,48,33,18,19,25,31,10,12,26,30,4,16,32,45,6,0,7,36,46,2,35,49,42,3,28,22,29,34,40,37,21,38,17,11,41,39,1,24,44,27,15,9
78;380;19252;5739;9,12,24,40,18,28,14,27,41,44,8,4,16,1,43,26,25,36,47,39,34,6,35,32,7,38,45,42,49,0,2,17,30,13,11,33,19,15,29,31,10,3,37,20,5,48,22,46,21,23
79;323;14951;3884;3,11,19,10,25,46,31,36,20,33,23,22,26,47,37,32,48,30,7,17,34,15,21,40,39,29,4,9,12,16,42,2,8,18,28,0,38,14,5,44,43,6,27,35,1,49,45,24,13,41
80;339;13603;3569;10,31,12,23,25,15,5,16,36,37,21,48,20,47,33,22,29,3,17,26,32,13,40,0,7,30,8,14,18,2,4,19,42,46,35,38,24,9,28,6,27,39,49,43,41,45,34,1,11,44
81;276;16184;3932;29,46,15,23,8,25,18,12,40,21,9,19,2,4,14,28,1,27,44,36,43,42,16,49,35,47,45,6,0,32,7,17,37,13,5,39,22,41,10,33,26,38,48,30,31,34,24,3,11,20
82;297;14956;4980;8,4,0,43,41,2,44,29,13,37,49,18,12,11,14,35,6,1,38,15,7,40,9,24,32,21,39,17,16,42,34,47,25,36,26,48,45,5,22,23,31,46,30,10,20,33,19,27,28,3
83;322;20853;4991;33,3,19,5,27,25,28,26,48,30,23,20,22,46,10,44,41,1,38,35,2,47,36,0,49,31,43,6,45,32,7,13,8,14,18,42,24,37,15,9,39,12,4,40,21,34,16,17,11,29
84;314;17496;4318;1,11,43,20,33,31,27,8,22,28,3,41,37,14,44,47,36,19,2,4,16,21,15,42,12,18,29,9,40,17,24,13,5,26,48,34,45,23,10,35,32,39,46,38,49,7,30,0,25,6
85;299;19685;5390;1,5,20,37,33,31,11,30,28,22,3,41,19,44,6,29,36,24,17,23,45,46,10,38,27,48,35,25,39,34,49,43,0,2,26,14,42,47,15,40,32,18,13,4,21,7,8,16,9,12
86;315;16583;4150;13,29,27,23,25,28,5,44,41,38,19,11,14,1,37,32,42,16,7,18,34,17,24,4,39,8,15,12,9,40,21,43,6,45,35,0,22,47,30,48,31,36,46,10,33,2,49,3,26,20
87;321;16201;4065;49,45,30,28,19,18,23,33,35,46,14,6,25,48,43,12,4,42,16,22,47,31,20,26,36,10,7,3,2,0,32,13,5,8,21,24,27,40,9,41,39,17,37,11,44,34,29,38,15,1
88;311;15556;3836;20,3,48,25,23,46,29,12,10,5,19,33,22,30,31,37,15,21,17,13,40,47,36,18,8,26,16,14,43,4,2,7,0,32,6,38,42,9,44,1,39,27,28,24,41,34,45,49,11,35
89;377;21630;6292;8,29,47,23,19,36,13,0,37,25,26,14,11,2,18,41,1,5,44,7,24,12,4,40,17,32,15,9,21,16,42,27,6,45,22,31,38,28,46,48,39,20,3,10,30,34,33,49,43,35
90;279;17658;4312;37,12,5,1,44,48,43,30,11,41,33,15,16,38,9,47,25,26,36,21,34,8,14,40,39,13,4,29,18,17,24,27,28,45,19,3,49,6,46,31,32,20,23,2,10,0,22,7,35,42
91;336;17309;4372;26,46,43,8,13,4,30,31,20,14,18,5,29,33,48,42,49,12,16,25,45,10,23,36,47,19,7,6,32,0,2,3,28,22,27,24,40,35,15,11,39,1,41,17,37,34,44,38,21,9
92;304;8791;2642;29,42,27,21,15,5,19,1,28,9,23,11,46,44,41,30,48,12,16,49,34,45,6,38,39,35,17,0,32,7,24,43,37,25,10,3,13,40,18,36,26,20,33,31,47,2,22,14,4,8
93;271;11469;3335;12,9,32,44,39,34,16,7,18,8,0,4,42,14,40,49,41,43,24,21,17,33,37,11,29,15,31,22,20,3,2,13,30,26,5,47,38,28,6,23,35,10,48,19,25,46,36,45,1,27
94;285;11511;3025;28,7,4,12,5,30,18,0,14,8,13,32,9,2,6,29,40,11,17,43,49,1,41,38,35,44,27,24,45,39,34,26,22,3,31,16,21,48,33,25,46,36,20,10,23,42,47,19,37,15
95;342;17283;4162;27,44,12,37,11,25,28,42,9,4,15,1,43,16,41,18,8,14,2,35,24,38,45,49,17,6,39,0,32,7,34,21,29,40,19,36,3,5,22,48,30,46,23,10,20,26,47,31,13,33
96;369;19645;5167;11,38,21,5,23,40,19,9,29,37,25,39,46,15,41,32,43,7,0,6,49,1,44,42,35,28,17,45,27,24,34,16,4,12,8,26,47,30,33,22,31,14,18,3,20,2,13,36,48,10
97;291;10336;3044;20,3,40,23,5,25,48,13,10,30,12,33,22,26,31,29,21,19,46,43,16,4,18,47,36,8,0,14,2,7,32,24,37,17,28,45,42,9,6,41,39,1,44,38,11,34,27,49,15,35
98;277;15284;3794;22,28,26,33,31,30,20,37,23,10,48,3,6,25,1,46,29,19,42,4,24,15,9,40,17,12,27,21,45,32,7,36,16,47,11,34,13,5,14,43,49,39,41,2,44,0,38,35,18,8
99;348;15173;3660;5,23,1,37,11,44,43,45,41,6,28,49,25,27,35,15,12,9,42,38,34,33,10,30,39,46,31,48,20,22,3,24,13,26,17,7,16,19,29,8,40,32,2,14,18,4,0,36,21,47
100;277;19614;4792;14,4,3,2,33,20,5,22,13,28,31,18,43,27,8,38,12,39,34,37,29,9,1,21,15,41,44,11,40,17,24,26,48,30,45,0,35,19,25,47,42,32,6,36,10,16,7,49,23,46
101;321;17182;4995;12,29,43,25,5,7,16,40,18,14,13,4,27,8,37,19,23,28,42,1,17,11,41,24,38,9,15,44,39,34,21,47,30,26,36,31,45,6,35,10,0,20,22,33,48,2,3,32,49,46
102;285;19652;4802;13,26,46,18,14,23,8,48,20,33,10,22,30,31,3,39,11,38,34,28,45,44,41,27,6,5,43,1,35,49,24,19,17,29,2,16,7,25,9,12,32,36,4,42,40,0,47,15,37,21
103;290;16612;4440;20,48,25,30,26,27,22,47,23,3,28,31,33,19,10,8,18,14,13,2,7,46,6,0,32,36,35,45,49,42,16,43,4,12,15,39,29,40,37,1,17,9,21,38,41,24,34,44,5,11
104;343;17317;4783;8,37,35,5,13,43,44,38,41,1,14,11,18,49,29,36,7,25,47,12,16,21,15,42,40,4,17,9,39,34,24,27,6,28,45,30,26,19,10,33,31,32,46,48,20,2,0,3,23,22
105;349;19507;5003;13,14,36,5,48,25,46,26,19,23,10,8,30,47,18,39,7,2,34,31,3,37,11,22,20,15,21,33,29,17,40,16,4,12,28,49,38,9,44,27,0,35,43,6,1,45,42,32,41,24
106;377;14944;3866;3,33,43,12,4,13,30,47,26,18,8,20,22,14,31,27,28,6,45,48,49,16,36,42,35,10,7,46,32,0,2,19,25,23,37,17,1,5,11,9,24,21,15,40,39,34,29,38,41,44
107;367;26222;7373;21,37,44,27,1,38,3,12,15,28,41,11,22,9,29,31,20,33,2,40,24,14,18,17,26,4,39,30,8,13,34,43,16,5,6,0,19,25,36,35,46,32,45,49,48,42,7,10,47,23
108;316;22836;5455;13,47,22,16,25,12,8,30,14,18,4,26,5,3,36,15,37,21,40,19,0,10,20,2,46,23,31,48,33,32,7,43,42,29,6,34,9,28,44,38,24,35,45,39,41,17,49,27,11,1
109;333;14304;3585;37,15,36,5,48,10,33,16,30,26,25,12,9,47,4,3,31,20,22,29,34,18,40,17,39,21,13,8,14,7,32,23,46,19,38,45,2,11,41,6,0,27,28,35,1,49,42,24,44,43
110;333;15525;3962;23,47,22,33,31,28,27,11,10,20,3,25,26,37,36,5,13,48,30,46,17,12,4,42,29,19,9,16,15,21,40,24,44,1,8,7,38,41,6,43,34,14,18,32,49,0,2,39,35,45
111;365;17291;4964;36,21,44,46,19,6,47,41,29,1,28,37,25,11,15,27,5,23,45,40,24,16,12,38,17,9,35,42,39,34,49,43,26,4,13,7,10,22,20,33,0,18,8,2,31,32,14,48,3,30
112;336;16310;4159;1,6,8,11,29,21,41,14,44,40,15,9,27,18,43,39,37,35,38,49,42,7,4,16,45,12,17,2,32,0,24,22,3,28,31,30,25,13,23,46,10,20,33,48,19,34,26,36,5,47
113;301;11304;2854;15,27,29,43,13,14,12,40,4,18,8,37,5,21,9,48,33,30,26,3,34,1,22,38,39,28,44,41,11,24,17,7,45,6,25,16,46,31,23,36,49,0,2,47,10,42,32,35,20,19
114;333;16151;4177;4,40,14,20,3,2,22,43,18,33,31,29,12,8,21,47,36,26,16,15,34,41,1,39,37,9,44,11,38,17,24,13,28,30,5,42,27,10,23,49,32,46,48,35,6,0,19,45,25,7
115;302;10094;3137;48,3,23,6,28,45,29,10,5,46,27,30,22,19,20,39,11,37,34,33,4,26,47,2,18,36,13,31,8,14,43,0,7,32,25,16,35,44,1,9,17,15,12,42,40,24,21,49,41,38
116;397;18320;4720;25,16,14,21,37,29,4,5,18,8,40,23,12,13,19,42,9,15,17,47,26,10,36,3,22,46,33,20,31,30,48,2,32,7,43,45,24,11,44,35,39,49,6,38,41,34,0,27,28,1
117;339;16488;4158;44,43,15,37,29,40,28,42,27,11,21,1,5,9,41,8,18,14,13,24,7,35,6,0,32,17,39,45,49,34,38,19,23,46,25,10,2,12,22,30,31,36,16,48,20,26,47,33,4,3
118;322;15396;4032;30,42,46,5,48,19,25,47,26,10,23,12,6,36,16,27,28,45,38,49,32,4,43,7,0,35,8,2,18,14,13,40,15,21,37,3,39,9,41,29,24,20,33,22,11,17,31,34,1,44
119;279;12948;3572;30,27,46,40,9,15,33,29,48,19,21,28,18,35,1,3,14,22,26,8,34,11,37,39,38,44,5,13,41,24,17,23,10,20,25,49,42,31,36,6,32,43,12,2,45,0,4,7,47,16
120;346;37689;8916;5,39,3,23,10,31,30,2,48,46,20,34,11,22,28,7,25,26,32,35,0,1,41,49,6,44,27,43,38,45,24,33,42,19,13,4,36,37,15,40,16,14,8,29,21,17,18,47,9,12
121;272;9506;2431;48,41,3,10,23,31,25,28,30,26,20,5,11,22,44,37,13,33,43,1,24,39,38,45,27,6,7,2,0,32,34,49,46,35,15,40,14,19,47,17,4,9,21,12,29,16,42,18,36,8
122;304;14770;4917;41,37,49,35,28,0,44,45,1,32,6,11,7,27,38,14,13,8,18,12,42,21,15,40,16,4,17,9,39,34,24,43,29,25,23,36,2,5,3,48,30,46,19,10,20,26,47,31,22,33
123;360;21343;5130;28,44,48,20,31,37,3,5,11,22,33,27,2,30,1,18,14,8,4,43,34,45,6,38,39,41,0,35,49,24,17,26,29,13,10,47,42,46,40,21,32,25,23,19,15,7,36,16,9,12
124;317;19101;4556;11,44,10,6,28,33,3,25,22,31,20,1,26,37,41,8,18,13,14,43,24,35,36,42,17,47,39,16,49,34,38,45,23,27,5,0,40,12,4,19,7,46,30,2,29,32,48,21,9,15
125;300;19816;6069;9,30,29,19,11,36,15,40,21,37,47,12,42,17,16,44,1,28,27,13,4,33,14,2,8,26,20,18,31,3,22,7,0,32,23,35,45,25,43,5,39,48,10,49,41,34,46,38,6,24
126;284;9615;2484;22,16,48,25,23,19,3,33,20,10,46,36,12,31,47,42,29,5,43,26,13,4,40,14,8,30,2,18,7,32,0,21,37,15,9,38,49,28,35,41,17,39,11,44,1,24,34,45,6,27
127;311;14710;3743;25,46,14,37,21,17,40,5,18,8,29,19,16,13,23,12,9,15,4,36,30,3,22,10,48,47,33,26,20,31,2,7,0,32,6,24,27,42,11,41,39,49,35,38,44,34,43,45,28,1
128;314;15074;3675;18,41,3,20,33,12,40,4,9,22,31,44,8,28,1,30,5,13,26,14,17,45,6,24,43,27,7,49,32,0,2,11,15,37,21,42,48,23,10,47,39,19,29,46,36,34,16,38,25,35
129;372;18058;5455;28,44,23,37,21,5,15,27,11,29,25,1,9,19,41,43,47,24,17,6,7,35,42,0,32,46,39,45,49,34,38,48,36,10,30,3,14,12,40,26,4,31,20,22,18,2,33,8,16,13
130;310;17321;4256;20,26,28,30,48,44,33,46,10,23,1,3,22,19,31,8,18,13,14,27,7,35,36,32,45,47,43,6,49,0,2,24,5,41,11,34,4,25,40,21,42,39,37,15,9,17,38,16,29,12
131;309;12417;3159;44,27,16,21,37,25,11,24,9,15,12,1,28,17,41,19,23,29,46,35,34,6,42,38,39,43,45,49,0,32,7,40,36,47,4,26,10,14,13,31,20,18,8,3,33,22,2,30,5,48
132;289;17250;4169;28,36,33,41,44,5,1,22,3,31,48,26,27,20,10,40,35,9,42,46,21,47,25,29,15,23,11,19,37,17,24,38,13,30,8,34,16,45,43,2,0,14,18,7,4,32,39,49,6,12
133;305;16468;5250;25,12,31,22,33,3,37,47,23,10,20,9,4,36,40,8,13,18,14,21,7,46,19,32,17,15,16,29,42,0,2,26,30,48,5,34,43,11,6,41,49,38,27,39,1,24,45,35,28,44
134;393;27988;7911;9,6,46,25,23,5,37,42,15,21,19,27,45,29,28,32,40,7,0,35,34,41,1,38,39,11,44,49,43,24,17,13,14,8,10,33,16,18,4,3,26,30,20,31,22,2,48,47,12,36
135;336;13840;3621;25,47,33,37,12,21,30,31,23,19,15,6,26,20,45,8,18,14,13,36,42,46,48,49,16,10,7,35,32,0,2,4,27,43,28,24,29,9,5,41,39,22,1,44,11,34,3,17,40,38
136;309;17003;6289;10,26,16,23,25,15,37,40,36,12,21,13,30,47,8,27,5,48,45,4,22,33,18,3,20,14,7,31,2,0,32,42,19,9,46,24,38,29,6,11,39,49,35,43,41,34,17,44,28,1
137;303;15462;6244;10,47,17,1,27,24,23,38,48,5,41,25,19,29,36,30,12,28,26,14,32,6,43,0,7,46,35,45,16,42,49,44,8,13,37,21,3,11,22,9,39,40,33,15,4,34,18,2,20,31
138;360;16241;6505;23,25,20,28,30,22,48,26,10,33,3,19,27,31,46,4,43,12,38,35,2,6,36,0,49,47,16,45,42,32,7,5,14,13,15,40,34,37,41,9,24,18,21,29,44,17,8,39,1,11
139;375;19666;8004;11,44,17,40,25,16,37,24,15,21,12,41,28,9,1,18,8,4,2,6,32,42,35,0,7,27,39,45,49,34,38,29,46,19,23,36,43,5,13,20,31,10,30,47,33,26,48,3,14,22
140;298;11932;5408;27,44,17,16,12,25,4,24,9,15,37,1,28,11,41,18,8,14,2,43,7,35,6,0,32,42,39,45,49,34,38,21,29,40,5,48,33,13,3,47,36,46,23,30,26,10,19,31,22,20
141;305;18086;7532;37,8,31,46,19,3,11,17,33,22,20,14,13,29,18,49,35,39,34,21,32,12,9,0,7,40,4,15,16,42,2,23,25,10,30,24,36,26,44,1,45,5,48,41,27,43,38,47,28,6
142;325;19576;8183;43,14,6,11,41,49,44,0,27,1,28,8,29,45,18,5,35,37,13,32,42,9,12,16,7,4,40,15,21,17,24,38,34,39,25,26,48,19,23,31,10,3,2,47,20,36,22,30,46,33
143;351;20910;8689;46,23,44,36,47,41,25,24,35,49,43,10,19,1,28,37,11,33,17,20,45,31,26,22,27,6,7,3,2,0,32,38,48,5,30,39,15,29,40,4,16,8,14,18,12,34,13,42,9,21
144;335;19686;8280;39,20,41,27,45,24,6,44,37,28,1,22,34,11,3,21,15,9,40,31,43,8,13,2,4,33,7,18,14,0,32,17,5,29,26,36,49,23,25,46,42,10,30,47,19,16,48,35,12,38
145;304;12653;5741;20,26,29,25,37,15,36,46,10,23,21,31,47,19,33,3,17,40,22,5,0,4,30,32,2,48,13,18,8,14,7,16,42,12,6,38,24,9,28,1,39,45,35,27,41,34,49,43,11,44
146;333;10244;4023;8,43,23,6,28,35,40,46,13,5,29,14,4,19,18,32,49,0,7,30,2,33,10,26,47,48,20,36,31,3,22,42,12,16,21,11,17,25,41,27,38,37,9,39,45,34,15,24,44,1
147;334;14198;6059;47,16,20,35,46,22,48,31,36,10,3,12,42,33,30,17,29,40,24,49,7,8,13,32,43,26,4,14,18,0,2,19,25,23,37,38,45,5,28,9,44,15,11,39,41,34,21,27,6,1
148;299;18367;9149;30,5,16,23,25,36,4,42,9,12,10,48,28,46,6,26,13,19,47,44,45,41,49,43,27,35,39,1,38,24,34,3,31,20,11,2,40,15,8,18,7,33,37,0,14,32,22,17,21,29
149;338;13857;12269;27,25,17,28,15,37,9,24,1,44,11,45,12,41,6,29,4,21,40,38,34,35,47,42,39,36,14,16,49,43,7,5,8,13,26,31,32,18,23,20,22,33,30,3,10,2,48,0,19,46
150;304;10906;4349;37,6,16,29,21,40,25,42,15,12,4,45,28,9,27,23,5,19,46,44,17,35,11,24,43,1,39,41,49,38,34,36,26,47,14,32,48,13,18,20,2,3,22,31,33,0,7,10,8,30
151;299;10194;4353;31,6,5,37,33,13,23,30,20,10,48,3,25,26,22,19,29,36,47,28,45,41,11,24,27,43,39,1,44,38,34,49,46,35,8,0,21,17,40,14,16,4,18,32,12,7,2,42,9,15
152;309;13890;10538;36,45,46,41,5,19,47,35,10,48,23,6,43,30,25,27,9,1,24,38,4,7,49,16,12,39,2,42,32,0,34,44,11,28,26,22,13,15,21,33,40,20,31,29,18,17,3,14,37,8
153;350;16072;4342;11,12,23,6,28,45,41,49,44,1,27,9,37,25,15,4,13,5,43,46,42,19,21,16,36,35,40,47,29,17,24,38,34,39,10,0,26,8,18,33,31,32,48,30,20,2,7,3,14,22
154;286;13575;5124;3,47,48,11,37,5,22,30,31,20,10,36,29,33,26,1,28,41,44,16,24,8,13,17,43,12,40,14,18,4,2,25,19,23,46,34,27,21,15,42,32,39,35,49,7,0,38,45,9,6
155;283;9635;4724;37,24,18,29,43,4,41,5,11,8,14,17,39,13,47,1,28,44,27,26,34,48,10,3,22,36,33,30,20,31,2,49,46,35,19,7,38,23,25,15,16,32,40,21,9,42,0,45,6,12
156;392;19077;8169;13,23,7,40,29,43,8,0,18,14,4,19,5,32,46,27,28,6,45,33,30,3,22,10,48,2,26,20,31,36,47,49,25,35,21,42,44,37,41,9,39,12,15,17,24,34,16,38,11,1
157;308;16101;9065;27,49,29,3,22,37,28,44,1,5,11,6,35,41,45,20,26,31,33,24,32,4,43,7,0,17,8,2,18,14,13,21,9,15,40,38,48,19,46,47,39,16,12,25,36,34,42,30,23,10
158;295;13699;7385;25,23,40,37,15,9,18,16,4,12,21,19,5,42,46,14,7,8,13,47,30,20,3,48,26,22,36,33,31,10,2,29,11,17,44,38,32,28,6,27,43,41,1,39,45,34,24,0,35,49
159;345;29565;13961;44,43,20,27,28,30,9,31,1,3,26,41,40,22,11,15,12,29,21,37,17,14,13,4,24,33,39,8,18,2,34,38,48,5,45,0,19,10,25,35,16,32,6,49,46,42,7,47,23,36
160;356;14844;4364;23,25,48,22,3,33,26,46,10,20,31,36,37,30,47,1,28,27,45,4,24,15,9,16,42,19,21,12,40,17,29,2,18,11,8,32,38,5,41,43,39,7,13,0,49,34,14,35,44,6
161;313;22201;5421;35,41,19,25,10,46,36,26,31,20,23,43,38,47,49,15,21,9,42,22,32,28,44,0,2,3,1,6,27,45,24,17,11,29,5,13,40,37,4,18,39,30,33,8,14,34,48,7,12,16
162;306;12054;3104;33,6,29,12,40,21,30,11,4,9,15,28,48,37,18,0,2,7,32,14,17,41,5,24,43,8,1,13,44,45,27,22,26,3,20,35,38,31,23,19,39,49,16,46,47,34,42,36,25,10
163;315;13230;3639;12,25,13,21,29,8,40,2,4,18,14,22,16,5,3,49,35,43,42,19,30,31,20,48,46,23,36,33,10,26,47,17,15,37,11,34,0,9,6,44,32,39,41,38,1,7,24,45,28,27
164;297;16530;4860;23,19,18,28,6,43,5,7,30,13,8,46,29,14,48,21,37,25,40,10,47,20,33,26,36,32,22,31,3,2,0,4,49,35,44,24,16,12,9,41,39,45,1,17,38,34,27,42,15,11
165;284;12659;3184;11,43,3,10,23,31,19,2,29,46,20,38,42,22,41,15,21,9,7,44,32,1,6,0,49,28,27,35,45,24,17,34,25,39,30,16,14,48,37,40,18,36,26,12,33,4,47,8,5,13
166;376;35478;9182;13,23,11,41,43,44,14,39,8,37,28,19,29,18,5,15,25,21,38,10,34,20,33,30,26,46,22,48,31,3,2,17,1,24,27,0,47,9,4,42,7,6,35,49,16,32,45,36,40,12
167;309;14080;3565;28,45,25,26,31,47,22,10,3,20,36,1,27,23,6,37,13,33,11,5,30,43,41,46,48,44,49,35,38,39,34,24,42,19,16,7,4,9,15,40,2,29,14,32,21,0,17,18,12,8
168;293;10476;2718;16,47,11,9,15,34,12,17,29,21,39,36,30,37,40,48,25,5,10,26,13,20,33,14,8,4,3,18,31,2,22,43,41,44,1,45,7,38,19,49,32,27,28,6,35,0,24,42,23,46
169;379;21035;5085;25,3,24,28,11,35,40,29,37,21,15,31,22,17,33,1,9,41,44,13,26,19,23,36,47,20,46,5,10,48,30,34,38,39,16,7,27,12,18,43,2,49,14,32,6,0,42,45,8,4
170;305;13812;3602;21,40,31,22,3,13,37,23,15,33,5,9,29,20,19,2,11,17,24,46,42,48,10,16,4,25,26,12,30,36,47,18,14,8,44,32,38,28,1,6,45,43,35,49,27,0,7,34,41,39
171;366;15644;4925;29,6,40,14,13,18,5,9,37,21,8,28,45,15,27,32,42,7,0,35,24,11,44,49,17,1,39,41,43,38,34,4,16,12,30,31,19,25,36,33,10,3,26,20,48,2,22,46,47,23
172;339;20637;5038;48,19,3,22,28,4,33,26,20,30,12,23,25,31,10,5,13,27,38,45,2,43,6,49,0,46,47,35,36,42,16,32,14,7,18,29,37,8,44,9,39,21,15,17,24,34,40,11,1,41
173;305;16370;4055;30,28,10,19,47,13,25,5,46,23,36,38,26,48,35,3,31,20,22,44,24,6,43,27,1,41,7,45,49,0,32,14,17,29,16,21,33,8,37,9,39,15,12,40,4,34,42,2,11,18
174;308;19633;6123;1,37,31,48,5,20,28,22,41,33,30,11,27,3,44,15,12,9,21,40,4,13,29,18,2,26,43,8,14,17,24,47,46,19,36,0,16,23,25,7,39,49,6,32,45,34,35,42,10,38
175;360;18440;4497;5,23,40,11,37,15,29,18,13,14,21,19,25,8,46,39,17,7,34,2,3,30,48,31,22,33,36,20,10,26,47,16,4,12,28,49,24,9,44,27,0,35,43,6,1,45,42,32,41,38
176;327;18397;4588;38,13,45,6,44,28,41,27,25,11,1,5,35,37,23,17,43,49,24,39,34,31,10,30,48,46,3,33,20,22,26,36,19,47,29,7,2,9,21,18,0,16,40,14,8,32,42,4,15,12
177;306;12472;3738;19,36,18,23,25,8,15,4,21,40,9,47,29,12,46,48,5,10,30,43,49,45,6,42,35,14,7,16,2,0,32,27,26,13,1,24,33,28,11,22,39,44,41,17,3,34,38,31,37,20
178;369;26191;6793;4,9,13,37,18,14,33,26,48,5,8,12,20,30,15,3,22,31,2,21,46,10,25,19,29,40,36,23,47,42,16,17,32,7,24,38,27,11,44,41,43,39,35,49,6,0,34,45,28,1
179;298;12184;3144;42,0,28,38,12,32,16,19,25,6,45,35,49,23,46,39,4,43,34,36,2,30,48,31,33,47,26,10,20,3,22,27,44,1,11,17,18,41,9,21,14,29,37,15,40,7,24,8,5,13
180;378;23220;6186;13,23,27,6,28,45,35,37,41,1,44,25,46,11,5,47,43,19,36,10,34,31,33,38,39,48,3,30,20,26,22,49,2,0,15,42,24,8,18,9,40,7,21,12,4,16,32,17,14,29
181;316;20680;5550;25,45,5,18,14,30,43,19,12,4,29,6,38,23,47,39,11,41,34,2,32,36,10,0,7,48,46,49,35,42,16,33,20,31,8,22,44,37,21,28,24,3,13,40,27,17,26,1,15,9
182;316;15224;3826;23,6,21,29,4,40,27,46,12,15,9,45,10,19,25,30,5,48,26,49,34,36,47,38,39,35,7,42,16,0,32,17,11,37,24,18,28,41,44,43,31,14,13,33,22,2,8,3,1,20
183;357;20558;5330;27,24,40,28,15,12,37,17,11,29,21,1,5,9,41,46,48,33,19,18,13,35,4,8,14,44,39,43,49,34,38,42,30,16,45,2,47,6,25,20,32,3,22,31,7,0,26,36,23,10
184;354;33510;8752;31,37,30,8,18,14,22,26,3,5,13,33,15,48,20,24,28,11,17,25,40,46,10,29,21,23,36,19,47,16,42,2,12,4,43,0,44,9,1,45,39,32,6,49,27,34,7,38,41,35
185;351;14365;3696;42,6,4,29,25,40,37,9,16,15,21,45,28,12,27,14,18,8,13,44,43,41,11,49,35,1,24,38,39,34,17,7,0,32,47,33,5,19,46,20,30,31,36,10,3,48,2,26,23,22
186;348;18472;5395;28,1,19,36,10,47,30,46,5,23,25,44,24,48,41,14,8,13,26,43,34,6,35,38,39,27,7,49,45,0,32,42,12,16,9,21,18,3,31,37,29,15,2,40,11,17,4,22,20,33
187;308;14554;3869;22,33,8,0,21,7,40,29,2,18,32,3,25,14,31,12,15,37,4,23,36,5,46,47,10,20,13,19,48,30,26,16,17,42,6,24,11,28,43,1,39,45,35,27,41,34,49,38,9,44
188;309;20327;4868;41,37,43,6,28,45,44,31,20,1,27,11,2,3,22,39,0,38,34,29,14,48,5,8,18,33,26,13,30,17,24,49,46,35,23,47,32,19,9,12,15,25,10,16,21,42,36,7,4,40
189;331;33603;8458;19,37,22,33,31,3,23,36,46,10,20,25,11,26,47,1,28,27,24,17,42,15,21,16,4,29,39,12,9,40,34,30,38,48,18,32,35,5,44,13,43,0,8,14,45,7,2,49,41,6
190;286;13761;3503;29,41,3,37,33,20,13,22,8,18,31,11,5,14,43,19,23,40,26,6,0,1,44,32,2,28,27,7,45,24,17,15,9,21,38,16,47,30,25,35,49,12,39,42,46,34,4,36,48,10
191;344;20424;5166;37,26,10,20,31,23,33,21,25,48,5,13,30,15,8,22,9,3,42,40,4,47,14,16,12,18,2,36,7,32,0,19,29,46,45,24,43,6,11,1,39,35,27,38,41,34,17,49,28,44
192;330;12057;3015;9,44,16,35,37,49,15,4,21,12,42,11,1,40,29,19,46,28,27,5,13,38,43,14,8,41,39,18,17,24,34,30,33,48,25,32,3,23,10,36,2,45,6,47,26,0,7,22,20,31
193;334;16985;5369;37,5,12,9,15,40,23,4,8,25,21,13,11,18,38,1,41,44,27,2,22,33,10,20,3,39,48,31,26,30,34,36,16,47,19,17,24,14,43,49,0,46,29,35,7,32,42,45,28,6
194;265;9425;2427;17,34,40,46,19,3,29,42,15,21,22,11,37,9,39,25,23,12,16,6,45,41,44,38,27,28,43,1,35,49,24,31,33,20,18,7,47,4,48,26,0,13,8,2,30,32,14,36,5,10
195;343;18397;4800;6,41,37,19,23,21,28,9,11,25,46,44,24,15,1,48,10,5,30,35,34,12,4,38,39,43,27,49,16,42,45,17,40,29,36,32,33,22,3,8,2,14,47,18,13,0,7,26,20,31
196;315;32152;9892;31,30,18,6,4,14,37,2,33,13,43,20,26,8,3,40,12,9,17,28,27,41,11,1,45,22,39,44,38,24,34,0,32,7,48,49,15,5,23,46,16,47,10,35,19,42,36,21,25,29
197;363;24590;5997;10,3,19,11,37,40,25,47,23,46,29,20,22,36,31,24,41,38,17,2,14,48,5,8,18,33,26,13,30,39,34,21,7,15,9,42,43,28,1,27,0,4,12,45,6,32,16,49,44,35
198;320;23281;6673;33,16,26,1,22,5,3,47,31,28,6,20,12,36,30,32,4,2,0,10,19,45,25,46,23,48,49,27,35,42,38,43,44,41,13,34,7,9,37,40,17,18,8,39,11,24,14,29,15,21
199;304;13843;5747;31,0,13,14,18,4,7,47,33,37,8,2,20,36,32,28,6,3,22,26,34,10,23,30,39,5,27,48,25,38,45,43,41,11,1,40,19,12,16,15,42,9,44,21,29,17,24,46,49,35
200;333;14089;5542;33,8,30,28,26,43,20,2,31,3,44,14,13,22,18,36,19,47,16,11,34,15,12,17,39,37,9,29,21,40,4,24,41,1,27,32,10,5,25,49,35,45,6,0,38,42,7,46,23,48
201;301;16014;6191;38,12,35,10,48,36,41,45,42,5,46,16,30,6,39,20,26,33,31,49,34,18,8,4,43,13,0,14,2,7,32,47,23,25,19,24,3,37,15,9,40,1,28,44,21,17,27,22,11,29
202;317;18590;5120;16,47,29,42,9,11,12,30,21,15,17,36,19,37,40,25,23,10,7,22,3,14,13,31,20,26,8,33,18,2,4,34,46,39,28,45,32,48,43,6,49,27,44,1,41,24,35,0,5,38
203;339;17992;4437;9,15,28,37,11,23,29,27,41,44,19,17,21,1,24,12,40,25,16,6,7,35,42,0,32,46,39,45,49,38,34,5,8,13,18,3,47,14,4,20,30,22,33,31,48,26,2,36,43,10
204;278;12536;3236;15,9,42,6,26,36,45,16,37,25,47,21,27,12,40,35,44,1,49,13,2,7,14,18,4,29,17,8,32,0,24,19,11,28,23,20,38,43,5,10,30,31,22,33,48,34,3,39,41,46
205;321;18093;4838;3,45,48,23,10,30,31,22,46,20,33,28,27,5,6,2,29,19,0,35,43,41,1,34,49,11,44,39,38,24,17,26,37,25,9,7,18,36,13,12,16,21,40,32,4,42,15,14,47,8
206;286;17991;4468;41,8,37,10,23,19,33,29,5,48,46,13,18,11,14,20,3,31,22,43,34,7,35,2,39,6,32,49,0,24,17,25,15,21,38,4,26,28,44,9,16,27,1,12,40,42,45,47,30,36
207;343;16773;4304;37,9,44,6,28,41,3,43,31,22,1,15,33,11,21,45,12,27,49,40,2,24,17,18,4,29,7,8,14,0,32,13,26,5,47,34,30,20,23,35,46,39,36,16,19,42,38,48,25,10
208;356;24621;7129;25,46,22,33,31,26,36,11,47,20,3,23,10,37,19,5,41,48,30,12,34,21,15,39,38,29,40,9,16,42,17,24,49,35,43,32,27,28,44,18,2,14,13,8,4,0,7,45,1,6
209;322;17554;4251;25,20,5,40,9,17,37,38,15,21,29,33,31,12,23,22,13,3,35,26,16,48,46,36,47,19,39,10,30,42,34,24,41,11,1,2,8,28,4,6,7,45,44,0,43,32,27,14,49,18
210;364;29968;7528;21,22,29,11,37,4,9,42,15,12,17,40,25,16,3,38,35,39,34,26,47,33,31,10,36,30,23,48,20,46,19,2,8,18,44,45,49,28,13,6,7,27,1,0,14,32,24,43,5,41
211;283;8710;3152;13,30,12,8,14,4,29,40,46,21,18,5,37,19,48,32,7,2,0,22,3,25,23,31,20,33,47,10,26,36,16,42,9,15,35,24,45,11,6,41,39,43,49,44,1,34,17,38,28,27
212;350;42990;10273;23,46,18,9,15,8,37,36,25,40,21,48,19,47,10,11,5,29,17,12,42,33,26,4,16,30,20,2,31,3,22,13,7,14,45,43,24,28,1,35,39,0,6,49,44,34,32,38,27,41
213;336;14030;4339;10,36,3,21,19,29,25,31,23,22,46,47,40,20,26,12,15,4,16,30,13,33,48,14,8,5,2,18,7,32,0,37,45,27,6,17,42,28,1,41,39,35,43,24,11,34,49,38,9,44
214;300;12985;3633;41,13,27,6,28,12,38,4,44,1,45,37,5,24,11,0,49,43,32,15,7,40,21,18,14,9,39,8,29,17,34,16,25,42,30,36,2,23,46,33,3,26,48,10,20,31,47,22,19,35
215;336;14889;3656;4,9,20,37,8,31,14,10,25,18,33,12,7,23,15,35,13,17,49,29,0,19,46,2,32,21,36,40,47,16,42,3,26,22,11,38,43,30,5,1,45,39,28,44,41,27,34,24,48,6
216;321;23401;5573;23,25,13,33,20,3,19,26,48,5,31,10,12,30,46,21,29,37,15,7,38,35,43,34,39,14,36,49,47,42,16,22,28,6,18,32,40,8,41,27,17,0,4,45,1,24,2,9,11,44
217;281;12242;3688;13,23,4,25,37,15,29,40,8,14,21,19,5,18,46,17,28,11,24,33,22,30,48,20,3,2,36,31,10,26,47,16,42,12,35,32,44,9,41,49,45,7,39,0,6,38,34,27,43,1
218;358;13422;3689;18,7,44,5,13,38,43,37,8,41,1,14,32,11,29,0,6,35,49,17,34,15,21,40,39,24,4,9,12,16,42,27,28,45,30,20,47,25,19,48,2,3,33,31,10,26,22,36,23,46
219;333;11984;2985;1,37,35,23,6,46,28,29,27,45,19,41,44,25,11,13,8,5,4,12,40,42,16,21,15,38,17,9,39,34,24,49,32,0,48,26,18,30,3,33,43,47,10,31,20,2,36,14,22,7
220;300;10786;2784;41,27,12,29,37,25,11,16,44,15,21,1,28,9,42,19,5,23,46,6,7,38,49,32,0,35,17,45,39,34,24,43,40,4,47,26,13,14,18,20,10,3,36,31,33,2,22,48,8,30
221;312;15755;4318;18,35,9,37,25,15,13,39,8,26,21,14,6,40,7,3,28,44,31,32,2,36,4,49,0,12,47,43,16,42,34,38,41,11,29,30,33,1,19,46,27,24,5,48,23,45,17,10,22,20
222;358;21249;5590;49,47,28,27,45,44,38,5,6,41,1,35,25,43,36,0,39,2,34,23,46,31,33,48,10,19,22,20,3,30,26,13,11,37,40,42,32,8,14,4,17,21,9,12,29,16,15,24,18,7
223;357;23931;5880;40,14,41,37,11,12,21,1,9,15,28,8,29,44,18,31,33,22,3,4,17,45,6,24,43,27,7,49,2,0,32,16,35,42,19,34,20,13,23,48,47,38,46,30,10,36,39,26,5,25
224;307;9845;2471;48,16,46,15,23,37,5,33,10,20,25,30,12,31,36,22,11,3,17,19,29,13,26,40,21,47,4,14,8,18,2,42,43,9,35,32,24,28,41,45,39,0,6,7,27,34,49,38,44,1
225;376;16145;4779;41,37,27,43,6,28,25,44,49,35,45,11,29,1,38,32,2,0,7,4,40,16,12,15,21,39,17,9,42,34,24,36,19,47,23,26,14,46,48,31,13,3,10,20,33,30,22,8,5,18
226;297;20709;5072;8,40,22,20,33,3,37,17,14,11,31,18,13,29,21,47,25,26,36,15,32,4,12,0,7,9,16,2,39,34,42,30,19,28,43,24,10,6,46,49,38,1,41,27,35,45,44,48,23,5
227;406;29332;7070;9,21,27,6,43,45,5,44,11,41,28,15,37,1,40,38,12,39,34,29,17,14,8,24,4,13,7,18,2,0,32,22,26,3,33,36,49,30,23,48,42,47,20,10,46,16,31,35,25,19
228;377;16541;4725;23,46,37,40,9,21,22,33,20,3,15,48,19,31,10,0,49,35,2,42,26,12,4,47,36,25,39,16,30,38,34,17,11,29,5,44,32,18,13,28,45,43,41,1,6,27,24,7,8,14
229;345;17180;4317;3,31,29,15,25,11,22,46,23,21,37,20,2,19,33,12,42,16,4,40,36,8,14,47,10,18,5,48,30,26,13,34,38,39,41,7,27,9,44,35,0,24,43,49,6,32,17,45,28,1
230;293;10190;2888;9,1,4,40,21,8,28,39,12,15,18,41,27,38,44,17,29,11,24,35,34,6,43,42,16,14,7,49,45,0,32,2,5,13,30,10,22,37,23,47,20,36,26,33,46,31,48,3,25,19
231;334;18580;4940;14,18,3,36,10,43,2,26,20,31,47,8,29,22,13,12,25,4,16,33,17,41,5,24,37,48,30,11,38,39,34,44,28,1,27,32,46,9,23,15,49,0,6,7,21,42,45,35,40,19
232;350;11348;3882;23,46,40,37,25,15,20,36,33,31,21,19,29,10,47,27,6,4,45,18,2,30,48,0,8,5,26,13,14,32,7,22,28,3,11,17,43,9,1,38,16,39,44,24,41,42,34,49,12,35
233;299;17723;4466;14,28,5,40,9,15,18,41,8,13,21,1,19,11,44,27,4,45,2,6,0,46,43,32,7,29,42,49,35,17,24,37,48,33,3,36,12,22,25,26,39,10,20,47,30,34,31,16,23,38
234;292;14905;3742;44,15,31,23,19,33,1,22,28,6,20,21,9,3,40,16,30,12,42,26,4,18,45,8,13,27,32,14,7,2,0,29,11,37,41,38,43,25,10,48,35,24,5,39,46,34,17,49,47,36
235;336;22784;6489;11,25,43,28,6,45,44,49,41,1,27,37,29,35,38,47,46,19,36,15,16,9,40,42,12,21,39,4,17,24,34,8,14,18,13,2,22,5,10,48,31,32,7,30,33,26,0,3,23,20
236;305;14885;3743;20,33,27,41,1,6,11,45,22,44,28,3,37,26,31,40,9,24,17,43,34,18,8,7,39,13,4,14,32,0,2,30,48,5,10,35,21,38,25,36,16,19,23,49,47,42,46,15,29,12
237;302;19392;4841;20,3,12,23,5,37,43,4,10,48,25,31,22,30,33,49,35,46,42,18,0,14,13,32,2,8,36,7,26,47,16,27,6,45,28,34,19,15,9,41,17,44,1,39,11,24,38,29,21,40
238;336;25121;6788;47,22,23,28,6,45,4,42,19,12,25,26,43,16,3,8,13,14,18,30,0,31,33,2,49,20,46,35,48,10,36,32,27,7,1,24,40,5,15,11,17,44,41,39,9,34,38,29,37,21
239;247;8300;2228;28,44,20,48,5,26,13,31,22,33,30,1,41,3,27,39,37,11,34,8,4,43,6,2,18,49,45,14,7,0,32,24,23,10,35,42,38,25,15,29,17,19,36,47,21,16,46,40,12,9
240;331;21811;5347;5,10,27,6,45,44,13,37,41,1,28,23,25,11,48,49,46,35,43,30,24,33,39,26,17,38,22,31,20,3,34,15,12,9,21,7,36,29,8,4,2,16,40,32,18,0,42,47,19,14
241;321;23908;5879;11,35,26,10,20,25,31,34,22,3,23,28,2,39,38,16,47,36,42,41,24,27,1,49,43,44,45,6,0,32,7,15,12,9,37,17,30,19,33,18,14,40,21,8,29,13,4,5,46,48
242;359;15183;4459;37,19,41,9,27,44,15,38,11,28,1,25,21,5,23,12,18,40,4,26,22,10,46,20,3,39,48,31,33,30,34,24,29,17,35,0,47,13,14,7,42,49,6,32,43,2,45,16,8,36
243;347;26154;6624;25,19,20,9,21,22,15,10,12,3,40,23,28,31,46,44,4,1,27,36,42,45,6,49,16,47,7,35,2,0,32,26,48,30,33,14,38,37,29,43,39,8,5,18,17,34,13,24,11,41
244;311;18539;4720;46,30,25,8,13,18,5,36,23,19,14,48,28,47,10,35,42,43,49,45,32,20,33,0,7,6,3,22,31,2,26,4,12,16,21,39,44,40,9,29,24,37,15,11,38,17,34,41,27,1
245;308;29471;8040;20,19,9,22,3,37,31,12,21,15,33,23,26,40,25,0,32,2,49,47,35,48,36,42,46,10,30,16,39,34,38,4,13,5,18,17,45,11,6,44,7,14,8,43,41,24,29,27,28,1
246;298;14344;3667;9,47,46,29,37,19,25,30,15,21,23,40,18,48,26,32,7,17,0,22,2,3,20,36,10,33,12,31,4,16,42,14,13,8,5,43,45,11,35,44,49,39,38,41,1,24,34,27,28,6
247;338;23805;6690;22,31,27,44,1,45,9,37,15,28,6,3,33,11,20,16,4,12,42,40,17,25,23,24,29,21,10,19,26,47,36,38,43,41,5,49,18,30,13,32,0,35,48,39,7,34,46,2,8,14
248;375;19017;4825;31,14,25,13,5,26,33,10,20,48,30,43,29,23,6,18,12,8,4,46,49,36,47,42,35,19,7,16,2,0,32,21,37,15,40,17,34,28,22,44,38,27,9,1,41,24,45,39,3,11
249;341;20078;4866;40,16,21,37,9,29,4,19,12,25,15,42,18,23,46,39,11,17,34,30,26,33,2,36,47,48,22,10,20,31,3,14,13,8,35,32,38,5,41,6,45,43,44,49,1,0,7,24,28,27
250;313;20324;5753;37,29,28,41,44,27,39,24,11,38,1,17,34,35,25,48,13,5,30,23,46,3,31,10,19,33,22,20,36,47,26,21,9,15,12,18,2,6,42,8,32,4,16,14,43,7,40,0,45,49
251;315;14913;4015;25,19,37,1,44,11,28,39,5,13,41,23,35,38,46,6,49,27,45,33,22,36,10,3,20,48,47,31,30,26,34,24,29,17,43,7,42,21,9,4,0,18,8,2,40,32,14,16,15,12
252;287;15532;3846;13,18,5,23,25,38,37,48,36,47,39,8,4,10,14,15,21,12,16,30,32,22,20,0,7,33,3,26,31,2,34,43,41,11,44,45,40,29,46,1,17,35,6,27,28,24,49,42,19,9
253;345;21089;5112;30,45,3,1,27,22,5,20,26,33,28,6,38,31,48,12,32,16,4,47,42,10,23,35,49,25,19,36,46,0,2,43,44,41,37,24,40,13,15,29,14,39,11,17,8,7,34,18,9,21
254;307;12326;4279;25,36,29,44,1,28,41,19,5,38,27,10,47,23,48,39,37,11,34,43,24,6,35,42,17,46,45,49,0,32,7,21,9,15,12,2,13,16,8,33,22,18,4,31,20,3,40,26,14,30
255;296;12294;3245;31,41,48,19,46,10,33,26,20,5,23,43,38,30,24,39,11,42,34,35,2,28,3,0,49,22,1,6,44,45,27,32,25,7,47,4,29,37,14,15,17,12,36,9,21,40,16,18,13,8
256;324;11055;2730;20,3,37,19,46,25,10,5,48,33,23,26,31,13,30,49,6,35,43,22,34,44,11,38,39,28,27,41,1,24,45,15,9,21,8,2,36,12,17,14,0,18,4,7,16,32,40,47,29,42
257;297;12128;3097;33,31,44,27,28,9,5,29,37,41,1,3,20,11,22,30,26,39,34,43,16,14,18,4,12,40,13,2,8,17,24,21,42,15,45,0,47,19,23,35,25,32,6,49,46,38,7,36,48,10
258;356;16406;4244;11,21,27,29,43,28,25,1,37,45,6,15,40,44,41,48,46,5,30,35,34,24,17,38,39,9,12,49,4,42,16,36,19,47,10,3,7,23,8,33,0,20,26,31,18,2,22,32,13,14
259;329;13526;3715;10,23,22,18,26,30,37,3,31,33,48,36,25,20,47,14,13,8,7,19,21,12,4,40,15,46,29,9,16,42,17,2,5,11,24,34,32,28,1,44,43,39,41,35,6,49,38,0,27,45
260;299;11022;2781;22,31,21,40,18,14,11,13,37,15,8,3,2,29,33,12,42,16,4,25,26,23,5,47,36,20,19,10,48,30,46,7,0,32,6,34,17,28,44,41,24,49,35,39,1,38,43,45,9,27
261;323;12061;2984;47,10,29,15,11,40,25,46,23,37,21,5,36,19,48,4,12,16,17,26,13,20,33,14,8,30,31,18,22,3,2,7,0,32,28,49,43,42,44,38,39,27,6,35,1,34,45,24,9,41
262;333;13999;3493;41,48,23,9,10,19,44,24,1,28,25,5,30,27,43,47,16,36,26,45,7,35,46,0,32,6,39,42,49,34,38,12,21,15,11,22,13,40,18,20,31,29,37,3,33,2,17,14,4,8
263;294;6750;1752;5,46,15,12,29,7,16,25,13,21,14,19,42,37,23,18,8,40,4,36,22,48,10,20,3,47,30,31,33,26,34,38,11,39,41,17,2,9,6,44,32,49,43,24,1,0,35,45,28,27
264;308;24396;6756;25,42,46,20,33,5,37,29,23,10,48,15,9,19,21,0,2,7,32,12,16,40,26,47,36,30,8,4,18,14,13,31,22,3,11,38,17,28,35,49,24,41,44,39,1,34,43,45,6,27
265;375;20132;4956;5,23,7,6,28,8,29,0,13,14,18,19,25,32,46,16,12,4,43,30,47,33,2,26,36,48,20,10,31,3,22,45,37,27,21,24,42,40,1,41,38,11,15,39,44,34,17,49,9,35
266;356;34285;8945;13,18,20,5,30,46,26,31,22,33,48,8,28,3,14,44,41,1,24,35,42,6,43,45,27,4,7,49,2,0,32,10,19,23,25,16,38,29,37,15,40,47,12,21,9,34,36,39,11,17
267;340;21391;5138;25,21,20,46,23,29,5,33,48,10,19,37,15,31,30,32,42,7,0,12,2,14,13,18,4,26,47,8,40,16,36,17,22,3,28,1,34,9,35,43,38,45,6,44,41,24,27,39,11,49
268;315;23007;5700;25,36,29,1,28,5,10,19,23,27,48,47,35,46,6,24,41,44,17,49,7,9,12,32,0,45,15,40,21,16,42,38,26,30,20,2,43,11,13,33,39,31,22,4,18,34,3,14,37,8
269;337;32218;9169;23,48,41,2,28,24,27,38,5,1,44,10,19,25,46,39,26,30,34,47,7,6,35,0,32,36,43,45,49,42,16,12,9,4,11,40,13,31,3,18,8,21,37,29,33,17,15,14,20,22
270;271;16479;4062;19,6,30,29,28,14,5,3,47,26,13,23,43,22,36,16,25,45,42,35,2,20,48,0,49,46,33,10,31,32,7,18,40,8,21,34,27,4,9,44,24,11,15,39,41,17,37,38,12,1
271;304;14693;3646;15,40,41,28,6,45,37,44,9,1,27,21,22,11,29,31,20,3,33,43,24,14,8,4,17,13,7,18,2,0,32,39,5,34,38,16,26,12,19,47,46,35,25,36,10,42,49,48,23,30
272;377;28363;7500;44,27,8,12,15,40,11,14,4,9,21,1,28,18,41,31,20,22,3,35,2,45,6,0,49,43,39,32,7,34,38,13,33,37,29,16,30,5,23,19,26,42,24,47,46,36,17,10,25,48
273;274;9194;2378;9,4,7,45,6,29,38,21,25,23,10,12,39,15,40,5,41,48,43,2,16,47,19,42,0,32,46,36,35,49,34,14,8,18,13,3,44,37,28,26,24,20,33,22,30,17,31,27,11,1
274;312;24219;5950;8,41,3,9,40,31,18,28,14,13,26,44,4,22,1,36,37,33,47,17,7,6,35,32,24,27,43,45,49,0,2,11,21,15,29,34,16,12,25,19,46,38,5,30,23,48,39,42,20,10
275;297;18441;5336;36,13,20,31,33,3,15,23,37,25,22,47,21,10,26,18,8,14,43,29,35,11,41,48,46,19,30,5,39,34,38,28,1,44,27,45,4,9,49,32,16,17,6,0,7,42,24,2,40,12
276;307;20873;5051;8,18,46,6,28,29,23,48,13,19,5,14,40,30,33,12,25,4,16,47,26,31,10,3,22,36,7,20,2,0,32,43,49,35,11,34,42,37,15,44,27,24,41,39,1,38,17,45,21,9
277;310;14777;3712;42,35,7,25,37,40,12,32,16,15,21,6,28,0,49,2,29,4,43,11,34,1,44,38,39,9,45,41,27,24,17,8,14,18,13,31,46,5,19,33,10,3,26,20,47,36,22,48,23,30
278;325;15818;4517;14,5,40,37,25,15,7,19,18,8,21,13,32,29,23,0,4,2,43,47,36,20,22,48,10,46,3,33,31,30,26,16,42,12,9,24,49,28,11,1,39,45,27,38,41,34,17,35,6,44
279;346;16994;4365;9,21,43,28,6,35,5,44,11,1,49,15,37,41,40,12,42,4,16,18,13,0,39,14,8,29,17,7,32,34,24,38,27,45,2,31,47,25,23,10,30,3,33,20,48,26,22,36,19,46
280;337;10115;2583;28,1,31,22,3,33,19,48,23,10,20,41,24,5,44,47,25,36,38,46,42,45,6,49,35,27,7,43,32,0,2,30,13,26,14,40,16,37,29,15,39,4,8,21,9,34,18,17,11,12
281;371;15608;3952;11,23,43,27,1,45,28,49,41,44,6,5,19,35,46,17,37,29,24,48,38,20,33,26,30,10,22,31,3,39,34,36,25,47,12,2,13,9,21,40,7,42,4,0,18,32,16,14,15,8
282;301;21749;6273;28,41,16,25,37,4,11,42,9,15,12,44,43,27,1,40,29,21,2,35,24,45,49,38,17,6,32,39,0,34,7,14,8,18,13,31,47,5,23,20,48,26,22,33,10,30,3,36,19,46
283;322;14927;3774;10,31,29,15,37,40,25,47,23,19,21,20,46,36,33,22,12,3,4,5,32,18,30,7,0,48,8,2,14,13,26,16,17,42,11,38,27,9,6,41,43,39,35,49,44,24,34,45,28,1
284;334;13230;3398;14,18,25,41,11,38,23,34,5,37,39,8,4,43,13,35,19,46,49,33,22,30,48,20,3,2,36,31,10,26,47,16,40,12,9,7,42,44,1,0,24,15,29,32,6,17,21,45,28,27
285;319;20641;5015;11,37,12,27,1,16,5,4,41,44,38,15,43,9,21,36,25,26,47,29,7,8,18,14,32,40,17,13,39,34,24,30,33,48,10,3,45,23,28,46,49,31,20,2,35,0,22,42,19,6
286;324;29314;7905;20,3,5,30,48,19,25,47,10,23,46,22,31,36,26,0,32,33,2,28,45,41,44,27,6,35,38,1,49,43,24,17,11,29,13,14,42,37,9,21,40,39,8,18,15,7,34,16,12,4
287;330;20959;5024;41,37,27,5,23,28,49,44,35,46,19,11,25,1,29,48,30,6,45,21,34,12,9,38,39,15,42,40,16,17,24,4,8,13,22,2,43,18,14,33,32,3,20,31,7,0,26,47,10,36
288;304;16466;4331;5,43,30,14,13,26,29,25,48,23,12,41,6,10,19,27,28,1,45,36,24,35,46,16,17,47,39,42,49,34,38,20,3,31,11,7,4,44,8,15,2,33,37,32,21,0,22,18,9,40
289;296;12026;3877;5,42,29,25,10,19,30,17,48,46,23,28,9,11,6,36,12,47,16,49,43,41,44,27,45,35,39,1,38,24,34,22,3,20,31,32,15,26,13,4,14,2,33,18,8,7,0,40,37,21
290;314;13362;3426;23,48,15,6,28,40,29,7,25,37,11,46,30,21,19,16,12,45,42,33,0,22,20,2,32,10,36,31,3,26,47,18,8,14,13,24,27,4,44,41,39,43,5,38,1,34,17,49,9,35
291;291;11254;2811;9,40,27,1,44,19,47,45,25,23,28,21,8,6,15,31,10,36,3,49,2,43,14,32,0,18,12,7,4,16,42,35,29,46,41,24,20,13,37,48,39,11,5,38,30,34,17,22,26,33
292;317;14625;3765;28,41,47,31,10,26,46,27,19,23,36,1,44,25,24,48,13,5,30,39,34,6,35,32,7,43,45,38,49,0,2,3,22,20,9,40,14,11,37,15,29,16,12,21,4,17,42,18,33,8
293;339;13478;4521;16,4,43,5,1,38,37,34,11,44,41,12,42,39,9,45,6,28,27,29,24,40,21,32,17,15,8,7,18,14,13,49,25,35,47,31,30,23,36,33,0,3,26,20,10,2,22,48,19,46
294;262;11494;2988;9,21,33,6,30,44,26,31,22,20,28,15,42,3,40,19,36,47,29,16,2,8,13,0,4,12,43,18,14,32,7,45,1,27,37,34,46,23,25,41,17,39,11,49,5,24,38,35,10,48
295;303;23293;5889;5,10,19,6,28,45,46,0,47,23,27,48,36,43,30,35,37,25,49,26,22,8,14,3,20,13,18,31,33,2,4,32,29,7,40,34,38,12,41,11,24,15,9,39,44,17,21,42,1,16
296;356;14795;3714;37,29,1,20,31,28,33,44,6,22,3,11,5,35,41,30,46,48,26,49,24,18,8,0,17,13,14,2,39,34,43,7,38,32,40,42,36,19,23,27,12,15,9,45,25,16,21,4,10,47
297;375;18131;5545;26,33,45,41,1,44,22,43,3,28,27,31,30,6,20,16,12,24,42,49,38,10,48,47,25,5,23,36,35,46,19,2,32,0,13,18,39,37,15,29,40,14,8,4,21,17,7,34,11,9
298;276;8077;2206;13,18,24,9,11,17,28,41,44,27,5,8,4,1,14,21,37,15,29,2,32,35,6,0,7,43,39,45,49,34,38,40,30,12,22,47,19,25,48,20,42,31,3,36,10,16,26,46,33,23
299;267;11381;2951;11,9,48,18,33,13,4,17,30,37,8,28,12,5,6,21,40,15,42,35,34,1,41,38,39,44,27,49,43,24,45,14,46,29,19,32,22,23,10,36,2,16,25,47,26,0,7,3,20,31
300;324;19306;4805;12,21,46,41,5,30,43,16,49,35,48,15,29,42,9,37,44,11,33,17,32,4,24,7,0,40,8,2,18,14,13,34,38,39,6,27,47,19,23,31,26,28,1,3,20,22,45,36,25,10
301;329;16571;5099;9,28,37,40,25,29,16,17,12,15,21,42,4,11,6,14,13,8,18,49,43,41,44,27,45,35,39,1,38,24,34,19,23,46,47,0,22,5,48,10,31,32,36,26,20,2,7,3,30,33
302;346;38758;9719;5,44,8,19,10,25,30,14,48,46,23,43,28,13,41,31,33,20,3,27,24,6,35,32,7,1,38,45,49,0,2,34,18,39,9,42,26,11,37,21,17,12,15,40,29,16,4,47,22,36
303;318;14474;4637;15,17,33,11,37,48,22,2,3,20,10,29,9,31,21,46,28,19,42,47,40,13,26,18,14,36,12,8,30,16,4,25,5,23,24,34,35,44,1,43,0,39,41,7,49,32,38,45,27,6
304;295;12515;3305;23,46,15,9,40,8,29,4,25,21,18,19,10,12,6,20,33,31,3,43,2,7,14,0,49,35,36,32,47,42,16,17,37,13,5,38,22,28,41,27,39,30,48,45,1,34,24,26,11,44
305;374;27269;6442;1,11,45,23,6,19,25,49,27,28,29,44,37,35,41,47,10,36,43,12,34,9,21,38,39,15,40,16,42,17,24,46,48,5,13,2,26,30,20,14,7,18,8,0,33,32,4,31,22,3
306;346;11936;2926;41,37,14,28,27,13,1,18,44,43,5,11,38,8,29,35,6,45,49,34,24,9,40,42,17,39,21,16,15,12,4,7,3,22,26,31,32,25,19,48,36,20,30,10,47,2,33,0,23,46
307;368;23480;6679;1,45,37,14,18,13,28,43,41,11,8,27,6,44,35,0,2,7,32,38,34,12,4,42,39,49,15,16,9,40,21,24,29,17,33,26,19,25,23,30,36,3,31,20,10,47,22,46,5,48
308;315;15195;3771;5,11,20,30,26,10,44,33,22,3,48,37,41,31,29,38,25,39,34,4,0,8,13,32,2,43,17,18,14,7,24,36,49,47,6,19,21,23,15,16,27,46,28,42,1,45,35,40,12,9
309;331;23164;5707;11,41,19,25,35,47,37,10,29,46,36,5,6,23,48,30,13,26,43,33,31,1,28,3,20,44,45,22,27,24,17,38,34,39,49,32,8,9,15,16,18,0,42,7,12,4,2,14,21,40
310;314;19593;5348;3,2,48,25,23,30,33,5,31,20,10,22,19,46,28,47,37,11,36,44,24,27,1,43,38,35,45,41,6,49,0,26,32,13,8,29,42,4,9,21,34,14,18,40,15,17,7,16,12,39
311;304;11493;2912;44,37,39,6,35,38,28,43,1,5,49,11,27,41,12,16,7,45,42,4,13,21,15,8,14,9,29,18,40,17,24,34,3,22,33,2,47,25,23,48,32,31,20,30,10,0,26,36,19,46
312;280;12637;3307;35,19,44,30,48,8,28,41,27,5,13,46,23,1,38,4,25,12,16,37,42,40,29,21,15,11,39,9,17,24,34,45,33,18,20,2,36,6,10,14,7,31,22,0,43,32,3,47,49,26
313;317;14228;3444;23,47,4,11,37,9,40,30,25,21,15,19,29,12,26,8,13,18,14,46,42,20,33,36,16,48,3,10,31,2,22,34,38,39,44,45,7,5,35,49,17,1,41,43,6,24,27,32,28,0
314;301;12094;3789;6,46,8,41,1,11,29,18,28,13,44,35,19,14,49,48,23,5,30,43,47,20,33,26,36,0,22,10,3,31,2,24,37,17,21,45,4,25,9,39,42,32,15,27,38,34,7,16,40,12
315;329;15952;4303;49,37,45,29,43,28,35,27,41,44,6,11,25,1,38,32,36,47,0,15,4,9,40,16,12,21,39,42,17,24,34,19,23,46,10,3,7,5,13,33,26,20,48,31,30,2,22,14,8,18
316;322;25612;6208;5,32,43,27,28,4,6,18,13,8,45,7,23,14,0,35,49,19,46,36,30,26,2,10,48,47,22,33,20,31,3,16,25,12,37,34,42,44,41,9,24,21,15,39,11,17,40,29,1,38
317;323;15368;4035;19,15,36,5,10,30,23,26,46,25,48,29,17,47,21,3,31,20,22,12,42,8,13,4,16,9,14,40,18,32,7,24,33,37,44,38,2,11,6,41,49,45,1,39,35,34,27,0,28,43
318;348;41587;10117;9,21,1,5,22,6,11,45,44,28,41,15,37,27,40,31,20,3,33,4,2,8,13,0,24,29,14,17,18,32,7,43,35,49,12,34,26,19,25,48,16,39,46,30,10,42,38,36,23,47
319;345;27314;7142;19,10,40,44,1,29,27,21,12,9,28,23,38,15,25,30,5,48,26,45,32,36,47,0,7,46,35,6,49,42,16,17,41,24,11,22,13,43,20,31,4,34,37,3,33,2,39,8,14,18
320;357;17229;4402;40,37,35,47,36,49,25,42,28,12,6,21,29,16,15,46,10,23,19,11,45,44,41,38,27,9,17,1,39,24,34,43,5,4,14,2,48,18,13,33,22,32,7,31,20,3,0,26,8,30
321;283;10529;2686;3,33,12,18,40,39,22,37,30,26,9,20,48,4,31,13,5,8,14,25,34,15,23,0,2,10,27,21,45,32,7,36,16,47,19,49,38,6,11,29,24,35,46,43,41,17,42,44,28,1
322;362;15690;3777;15,37,41,6,28,44,12,49,40,9,1,21,25,38,11,32,23,0,7,46,29,16,36,17,19,35,39,47,42,24,34,43,27,45,4,13,22,5,48,30,31,8,18,26,33,2,14,3,10,20
323;330;12638;3912;3,6,9,4,12,16,20,27,26,30,42,28,31,45,22,32,7,2,0,44,43,41,11,49,35,1,39,38,17,24,34,40,21,15,29,5,14,25,47,10,8,46,23,48,36,13,19,18,37,33
324;377;22067;5494;20,3,4,21,29,12,46,2,19,23,25,31,22,10,33,15,9,37,42,48,40,8,18,26,30,5,36,13,14,47,16,7,0,32,6,34,27,28,44,38,17,35,43,39,41,24,49,45,11,1
325;324;15383;3922;3,10,6,41,1,43,23,45,22,28,44,20,26,27,31,37,25,11,24,2,32,8,18,7,0,33,5,14,13,48,30,38,39,34,46,42,17,4,9,47,40,35,19,36,12,16,49,29,15,21
326;324;19872;4937;44,24,8,46,48,18,28,43,5,13,30,1,27,14,41,12,9,4,16,35,42,2,45,38,49,6,32,39,0,34,7,17,11,29,37,22,36,19,25,20,26,21,33,3,31,40,15,47,23,10
327;338;18742;5671;37,21,24,6,1,45,44,25,11,41,27,15,40,17,9,19,28,29,46,4,34,49,43,38,39,12,47,35,36,42,16,8,14,18,13,2,22,5,10,30,31,32,7,26,48,33,0,3,23,20
328;318;16320;3925;35,45,17,9,28,37,27,24,41,1,11,6,38,44,49,16,40,12,42,43,0,18,8,32,2,13,39,4,14,7,34,29,21,15,5,48,36,25,33,20,26,46,23,10,31,30,19,47,22,3
329;295;15081;4135;27,28,42,26,36,16,37,7,0,25,47,45,22,32,6,31,20,3,2,1,17,49,35,24,44,11,39,41,43,38,34,29,19,46,9,40,33,23,5,13,18,15,12,8,14,4,21,30,10,48
330;319;12610;3161;44,49,4,18,8,43,1,16,9,40,14,41,35,12,42,0,5,13,32,7,34,15,37,39,38,25,21,11,29,17,24,27,6,45,47,31,30,28,19,33,26,3,36,20,10,2,22,48,23,46
331;291;13583;4129;48,8,46,6,49,19,5,47,10,23,35,13,30,36,26,12,25,16,4,33,22,14,43,3,20,18,32,31,7,2,0,29,21,40,37,17,45,28,41,9,39,42,11,24,1,34,15,38,44,27
332;329;20382;4888;38,41,49,23,25,12,19,27,35,28,6,44,46,45,1,48,10,5,30,40,24,15,37,17,29,9,42,21,11,39,34,16,32,0,43,18,33,47,26,13,3,14,4,8,22,2,7,31,36,20
333;295;17313;4252;31,5,15,4,18,40,8,29,33,37,12,13,14,21,20,32,0,2,7,30,42,23,25,46,48,26,47,10,19,36,16,3,9,22,28,34,43,11,44,38,17,45,1,39,41,24,27,49,6,35
334;342;30944;8500;20,36,47,25,28,29,23,26,3,46,19,10,6,22,31,35,4,43,49,30,7,5,48,0,32,33,8,2,18,14,13,45,37,27,1,38,12,11,15,44,42,17,41,39,9,34,24,16,21,40
335;353;13789;3335;12,23,14,21,29,8,5,4,16,40,13,19,25,18,46,15,9,37,17,33,22,30,48,20,3,2,36,31,10,26,47,43,35,42,49,7,27,28,44,38,39,32,6,45,41,34,0,24,11,1
336;348;25111;6179;46,19,31,48,10,37,11,2,22,20,33,23,29,3,21,17,5,41,24,15,7,28,1,32,42,9,6,44,27,45,0,35,25,49,12,47,43,40,8,30,39,16,4,26,38,34,36,13,18,14
337;334;14792;4740;11,15,43,27,1,38,16,34,44,41,5,37,12,39,9,6,28,45,0,21,4,14,13,18,40,29,7,8,32,17,24,42,35,49,19,33,2,23,47,10,3,48,30,20,36,31,46,22,25,26
338;308;10461;2829;35,11,42,40,25,16,37,49,15,21,12,28,17,9,6,19,23,29,46,41,34,27,1,38,39,44,0,24,45,32,7,43,2,4,18,13,10,5,3,48,47,14,33,30,31,26,8,36,22,20
339;325;14376;3461;10,3,46,11,37,29,25,2,36,23,19,20,22,47,31,12,40,4,16,33,18,48,5,8,14,26,39,13,30,34,38,7,0,32,28,43,42,21,9,1,17,27,6,44,41,24,45,49,15,35
340;343;18779;4847;25,19,18,6,45,4,27,5,37,8,14,23,28,13,46,44,1,35,43,47,26,48,10,3,22,36,30,20,33,31,2,0,7,32,29,24,49,11,12,15,42,40,21,16,9,34,17,39,41,38
341;329;30795;8032;28,6,42,23,25,46,37,9,11,21,19,27,17,15,45,40,5,29,43,44,49,24,41,0,35,1,32,38,39,34,7,16,4,12,30,31,13,8,18,10,22,33,48,20,36,3,2,26,14,47
342;289;15027;3715;10,19,3,26,30,1,48,22,33,31,28,23,46,20,25,39,41,5,38,29,40,27,37,15,21,11,4,9,12,17,24,44,6,45,36,32,34,18,8,16,43,0,47,7,14,42,2,49,13,35
343;266;9557;2585;28,19,32,37,13,49,27,0,6,25,35,23,5,45,46,24,1,29,17,33,22,10,30,3,20,48,36,31,2,26,47,42,12,16,4,34,44,38,11,40,14,21,9,39,18,7,15,43,41,8
344;336;18157;4814;37,6,48,31,33,35,20,30,26,13,46,3,29,5,22,23,25,10,19,28,45,44,41,38,27,11,39,1,17,24,34,43,8,49,18,32,21,36,40,4,42,0,14,7,12,16,2,15,47,9
345;368;17765;4889;37,14,20,11,15,22,33,10,25,31,3,8,18,23,13,4,9,12,2,42,24,19,21,17,16,46,36,29,40,47,26,48,30,5,38,45,43,28,41,6,0,7,39,27,1,32,34,49,44,35
346;297;12485;3158;12,23,28,1,27,6,37,40,15,9,45,25,33,21,19,5,13,48,30,31,26,36,47,22,3,10,35,20,46,42,16,17,24,29,49,32,38,11,44,8,14,2,4,18,43,7,0,34,41,39
347;283;13315;3380;16,17,26,36,47,38,11,34,37,30,25,12,29,39,9,48,33,5,24,21,2,13,40,0,4,15,14,18,8,32,7,43,41,44,22,35,19,31,20,28,42,6,1,27,3,45,49,46,10,23
348;360;19826;5507;40,10,37,9,23,21,12,8,4,25,15,36,16,13,47,48,46,30,42,20,26,14,18,3,22,33,7,31,2,0,32,17,19,29,11,24,35,5,45,41,39,1,28,44,38,34,27,49,6,43
349;356;17925;4676;29,31,40,15,37,4,14,16,8,18,12,33,3,21,20,32,22,2,7,5,30,23,25,26,48,13,46,10,36,47,19,42,17,9,35,38,0,11,6,41,44,39,49,43,1,24,34,45,28,27
350;298;10426;3242;24,48,43,6,45,49,27,13,1,28,35,5,17,44,41,23,46,10,25,11,22,26,33,3,20,37,30,31,39,34,38,8,14,18,40,0,36,29,47,21,7,4,9,12,15,32,2,16,19,42
351;347;20926;5128;36,3,40,25,12,21,29,46,47,23,16,10,22,19,20,17,11,37,43,14,2,48,33,18,4,31,5,8,30,13,26,42,9,15,44,38,7,28,6,41,39,45,1,24,49,34,27,32,35,0
352;263;9852;3502;44,11,0,15,21,40,1,32,35,6,9,29,37,49,18,48,33,28,30,5,13,38,43,14,8,41,39,7,17,24,34,2,12,4,45,47,3,27,26,46,10,42,25,19,23,36,16,31,22,20
353;359;19655;4972;41,25,27,22,3,31,44,45,1,28,20,5,38,6,23,12,4,24,16,26,42,10,48,46,19,30,43,47,36,35,49,33,0,2,8,7,9,13,37,29,39,14,18,40,21,34,32,17,11,15
354;352;15663;3823;3,33,7,27,6,4,28,32,2,45,12,31,22,0,20,49,1,35,38,25,42,46,19,36,16,23,30,10,48,47,26,15,9,21,37,17,43,5,44,18,39,29,11,24,8,34,40,14,41,13
355;292;17201;4691;28,6,37,4,14,33,29,11,27,8,18,1,45,13,44,32,2,0,7,48,34,43,41,39,30,5,35,38,49,24,17,46,23,19,25,40,22,10,20,47,42,15,9,12,36,16,21,26,31,3
356;270;10143;2906;20,31,13,12,30,40,26,14,18,4,9,22,33,8,3,11,37,41,49,44,24,6,28,27,1,43,7,45,32,0,2,17,21,15,23,47,38,5,10,46,34,19,25,16,36,42,29,39,48,35
357;277;19213;4758;31,20,12,21,15,40,36,41,28,6,9,3,47,44,22,32,46,19,7,26,30,25,23,48,5,1,27,10,45,38,24,43,42,16,49,18,29,35,37,14,39,2,0,8,13,34,4,17,33,11
358;298;10501;2665;28,41,15,37,18,40,13,27,14,8,21,1,11,9,44,17,5,29,24,35,42,38,6,0,49,43,39,45,7,32,34,4,16,12,25,26,48,23,46,31,20,47,2,3,10,22,36,30,19,33
359;328;12020;4987;4,15,5,43,14,49,28,8,29,18,35,21,12,13,40,16,25,45,42,37,34,1,27,39,38,9,44,11,41,24,17,7,32,6,0,3,47,23,46,20,30,22,33,31,48,26,2,36,19,10
360;324;16530;6684;28,35,7,40,8,18,29,0,5,13,14,6,9,32,49,15,4,37,21,43,45,44,41,38,27,11,39,1,17,24,34,2,3,22,31,36,19,12,33,30,42,47,20,10,48,16,26,46,25,23
361;316;13206;5829;15,16,28,1,9,45,37,3,21,40,27,12,42,22,25,49,6,35,38,19,26,20,31,36,47,23,33,46,10,48,30,4,13,5,29,7,39,44,11,17,2,14,8,32,24,0,18,34,41,43
362;349;33886;13421;45,36,38,44,41,43,1,5,6,35,49,28,27,25,47,17,37,11,24,19,22,10,46,31,3,23,30,20,48,33,26,34,13,39,8,0,15,29,12,18,16,32,14,2,4,42,7,21,9,40
363;320;18759;7680;22,15,19,25,10,46,3,29,31,20,23,37,11,33,21,4,9,12,42,26,16,8,13,47,36,17,32,40,18,14,7,48,30,5,27,24,43,28,6,1,39,0,45,38,41,34,2,49,44,35
364;310;15052;6397;19,36,12,15,21,4,25,42,23,40,9,47,7,16,46,29,11,37,17,48,33,22,30,31,3,10,26,20,2,0,32,49,6,35,28,38,13,18,8,44,24,27,1,39,41,34,45,43,14,5
365;339;18971;8080;20,3,30,25,23,13,10,5,33,37,26,31,43,48,22,35,19,46,49,11,34,44,28,38,39,6,27,41,1,24,45,2,32,0,15,14,36,9,12,40,42,8,21,18,4,16,7,47,29,17
366;334;25377;10480;8,40,44,3,28,22,13,45,37,11,1,18,14,27,21,24,30,26,17,15,7,4,12,32,42,9,39,16,2,0,34,33,20,31,38,46,49,29,6,48,36,23,25,10,5,47,19,35,41,43
367;301;10329;4094;35,23,0,44,28,7,1,45,49,6,32,46,10,27,19,5,48,41,43,25,38,40,47,12,4,36,21,9,15,16,42,18,8,14,26,2,24,13,37,33,39,22,20,31,30,34,3,17,29,11
368;331;19875;8310;29,17,8,41,43,13,37,18,11,49,44,2,24,14,0,36,25,38,47,4,16,21,9,42,12,40,32,15,39,34,7,35,6,1,28,26,19,22,33,31,10,27,3,30,20,48,45,46,5,23
369;314;11806;4821;18,13,3,20,33,2,4,27,14,43,31,8,5,28,37,47,23,19,26,21,40,41,9,17,29,15,1,11,22,24,44,7,45,6,12,49,10,25,48,35,42,0,38,39,16,34,32,36,30,46
370;432;79302;30256;44,19,25,8,18,12,1,10,9,27,4,28,2,23,40,48,46,26,30,3,24,33,20,17,29,31,37,22,11,21,15,16,47,36,45,7,5,14,43,49,39,0,6,42,35,34,32,38,13,41
371;315;19019;8409;26,36,45,37,13,27,25,3,6,28,5,47,35,22,30,39,49,38,34,23,46,31,33,48,19,20,0,10,2,32,7,42,21,15,1,24,43,11,29,12,4,9,44,16,8,17,40,18,41,14
372;339;25436;11023;28,34,48,25,19,10,29,35,17,46,23,39,11,5,38,36,37,30,47,44,7,27,1,32,43,41,6,24,45,0,49,14,8,13,21,40,26,18,20,12,2,9,15,16,22,4,42,3,33,31
373;310;15676;7022;18,26,15,20,31,33,13,4,8,21,37,30,2,12,40,17,14,29,24,41,34,1,27,38,39,9,28,11,44,22,3,43,48,5,23,35,7,25,6,36,16,19,10,49,47,42,46,32,45,0
374;271;11961;5444;12,16,43,11,41,13,49,4,38,5,37,25,23,39,47,35,19,46,42,36,30,3,22,10,48,26,33,20,31,2,34,14,8,18,40,7,28,29,1,24,0,15,9,17,27,32,21,45,44,6
375;308;19185;8597;33,28,30,25,23,13,31,5,20,10,26,3,6,48,37,21,29,9,15,11,17,27,41,24,44,22,39,1,45,38,34,7,0,32,2,47,40,46,8,14,42,36,35,43,18,16,49,4,19,12
376;385;24483;10817;44,45,29,6,28,46,37,49,41,11,19,27,25,35,1,32,23,0,7,38,34,15,9,42,39,12,40,16,21,17,24,43,36,47,4,13,22,5,48,30,31,8,18,26,33,2,14,3,10,20
377;309;16174;7323;11,17,24,41,28,27,44,40,15,9,1,29,43,21,37,48,12,5,30,8,2,20,14,18,4,13,3,33,31,22,26,7,0,32,6,16,38,19,10,35,49,36,45,42,46,34,47,39,23,25
378;303;16731;7533;14,36,43,28,44,1,29,5,37,11,41,8,47,13,18,46,35,23,19,10,2,30,33,3,31,48,26,20,22,17,24,27,6,45,49,7,21,25,4,16,42,32,38,39,12,34,0,15,40,9
379;275;10798;4920;25,5,12,13,9,4,37,16,21,15,40,23,29,42,19,39,11,17,34,46,22,10,36,20,3,47,48,31,33,26,30,18,14,8,2,0,38,28,44,6,27,32,43,49,1,45,7,24,35,41
380;331;14203;5883;40,8,25,33,37,31,36,15,9,47,26,18,13,21,14,17,19,29,24,43,42,6,4,49,16,12,2,45,0,32,7,27,23,10,46,22,44,35,28,5,39,3,48,30,38,34,20,11,1,41
381;363;22550;5280;25,45,46,5,37,33,27,19,23,10,48,36,6,29,47,49,38,35,17,2,7,9,21,32,0,40,4,15,12,16,42,31,30,20,3,14,24,28,11,18,39,13,22,8,44,34,26,43,1,41
382;274;14825;4157;8,18,38,5,13,27,43,37,44,41,1,14,7,11,29,0,35,49,32,17,34,15,21,40,39,24,4,9,12,16,42,45,28,6,30,31,47,25,19,33,10,22,26,20,48,2,3,36,23,46
383;318;18442;8480;43,39,23,9,1,24,41,46,48,5,27,38,12,10,25,4,26,30,2,6,7,16,36,0,32,47,35,45,42,49,34,44,28,19,15,17,31,37,33,13,18,21,11,8,14,40,29,22,20,3
384;291;10750;5731;47,30,48,19,23,6,25,35,36,10,5,12,26,46,16,20,3,31,33,13,7,4,8,32,14,42,43,18,2,0,49,45,29,38,21,24,22,28,41,9,39,40,15,27,1,34,17,44,37,11
385;318;15966;6910;3,31,13,29,40,14,22,23,19,18,8,33,2,5,20,15,9,21,37,25,26,30,48,36,47,46,4,10,12,16,42,43,35,49,28,7,17,44,41,27,39,32,6,45,1,34,0,24,11,38
386;271;12743;5574;14,18,23,17,37,25,40,46,5,29,21,8,4,19,13,39,38,11,34,22,30,31,3,33,48,2,36,20,10,26,47,16,15,12,43,7,24,9,44,6,45,49,35,0,28,32,42,27,41,1
387;326;18792;7019;23,31,19,37,11,49,33,35,48,5,41,10,25,46,20,39,30,38,34,47,43,28,6,22,26,36,1,3,44,45,27,24,29,17,40,42,2,13,18,12,32,15,9,16,4,7,21,0,8,14
388;365;14084;3462;1,9,24,37,11,25,28,38,44,41,17,27,15,39,35,29,19,21,40,4,32,43,6,0,7,12,16,45,49,42,34,2,3,22,36,33,14,23,47,48,13,20,10,30,5,26,31,8,46,18
389;324;21125;5644;48,29,38,11,41,37,5,25,23,21,15,19,14,10,46,18,33,13,8,43,47,6,49,16,36,35,45,42,0,32,7,34,12,39,28,26,4,9,44,3,17,27,1,22,20,24,30,2,40,31
390;353;20622;5300;36,47,3,29,23,46,22,31,10,20,19,5,40,33,48,15,25,21,37,30,2,8,13,0,4,26,43,18,14,32,7,16,42,12,6,45,17,9,41,1,39,35,28,27,44,34,49,24,11,38
391;311;13108;3484;5,26,33,41,28,13,6,20,43,3,22,30,12,31,48,27,44,1,45,25,16,19,23,36,47,38,35,10,46,42,49,39,37,11,29,32,24,15,21,18,2,7,14,4,8,0,34,17,9,40
392;308;12779;3341;41,37,20,21,15,6,29,3,44,1,28,11,5,22,43,45,26,27,49,33,32,8,13,0,7,31,17,14,18,2,24,40,4,9,12,42,19,30,10,38,35,36,47,39,25,34,16,46,48,23
393;342;12321;3705;13,34,32,38,26,36,11,29,37,25,47,39,30,7,14,48,10,5,33,18,24,15,21,40,17,8,4,9,12,16,42,19,46,23,35,0,31,41,1,28,27,6,43,2,22,45,49,3,44,20
394;343;17389;4802;27,19,35,14,18,44,6,5,28,1,8,23,45,13,46,32,29,0,7,47,26,48,10,3,22,36,30,20,33,31,2,43,41,49,4,24,21,25,11,38,39,16,12,17,9,34,42,40,37,15
395;305;10355;2649;6,0,13,8,18,29,43,19,28,5,14,35,49,23,46,1,41,44,24,36,2,33,48,26,30,47,22,10,20,31,3,17,37,11,32,4,27,25,21,15,42,39,7,12,9,16,34,45,40,38
396;286;19677;4713;46,19,48,31,20,30,36,43,35,10,33,23,47,49,25,3,28,22,26,41,34,15,37,39,38,5,29,11,21,24,17,2,6,0,13,32,27,44,9,4,42,14,8,18,12,16,7,45,1,40
397;278;9952;2465;39,35,31,29,11,3,41,20,43,37,22,38,49,33,25,7,6,14,32,19,47,13,46,26,36,23,5,10,48,30,34,17,28,24,1,0,21,44,18,12,16,45,27,4,9,42,2,15,8,40
398;304;15416;4545;25,19,48,15,37,31,30,5,23,20,33,46,42,10,21,4,9,12,2,18,24,14,13,17,29,8,36,40,16,47,26,7,22,3,28,38,0,27,45,41,49,44,1,39,35,34,11,43,32,6
399;332;20234;4875;25,19,4,37,15,18,21,16,42,40,9,23,29,12,46,39,11,17,34,47,22,48,10,3,26,36,33,30,20,31,2,14,13,8,43,0,38,5,41,35,27,32,49,6,44,45,7,24,28,1
400;354;18148;4442;20,3,16,23,25,40,12,47,10,48,5,33,22,36,31,27,28,6,45,43,4,13,26,8,18,30,7,14,2,0,32,46,29,19,21,17,38,35,41,11,39,15,37,24,9,34,42,44,49,1
401;313;26502;7222;11,20,26,48,5,30,41,15,37,8,13,33,31,21,18,38,2,39,34,4,22,44,9,40,3,12,27,28,1,24,17,10,25,23,36,7,45,29,46,43,49,14,47,32,6,0,16,42,19,35
402;282;9286;2324;23,29,26,13,33,31,37,10,25,47,20,19,11,36,41,15,12,16,21,38,42,30,48,35,49,5,39,46,17,24,34,43,3,22,40,7,27,9,28,4,0,18,8,2,44,32,14,45,1,6
403;335;19943;5024;25,19,39,21,15,40,37,33,3,12,9,23,22,31,20,17,11,29,38,46,42,13,5,36,16,10,26,48,30,47,34,4,8,18,14,0,24,28,1,6,7,49,35,43,44,32,2,45,41,27
404;395;33149;8733;5,23,4,21,29,12,14,40,13,8,16,19,25,18,46,32,43,7,0,36,30,22,33,10,48,47,3,20,31,26,2,37,11,15,28,45,42,9,6,41,39,1,44,24,38,34,27,49,17,35
405;293;18162;4425;15,12,13,18,29,14,40,26,21,37,8,4,9,5,30,39,17,38,34,25,16,23,10,47,36,48,27,19,46,42,45,7,33,32,20,2,24,11,1,6,49,3,22,0,28,43,31,35,41,44
406;312;25841;6444;33,5,8,3,22,14,31,26,20,30,18,48,37,13,46,39,15,11,34,23,29,36,10,19,21,25,16,40,47,17,24,2,12,4,43,0,38,9,44,27,49,32,28,6,1,45,7,42,41,35
407;303;21205;5924;44,14,37,28,5,45,13,39,41,1,27,8,43,11,18,35,7,6,49,29,24,9,15,40,17,38,4,21,12,16,42,34,25,30,26,10,32,23,46,33,0,36,48,31,20,2,47,22,19,3
408;317;17803;4248;44,41,38,25,23,19,1,21,9,27,28,37,5,15,11,16,43,12,4,13,24,18,8,7,32,40,39,14,29,17,34,45,0,6,49,48,47,2,3,33,31,46,35,10,20,36,42,26,22,30
409;281;19958;4828;27,37,40,41,9,21,1,29,28,44,15,11,25,19,23,39,30,38,34,36,24,33,10,2,17,47,20,26,31,3,22,5,46,48,35,49,13,12,18,16,7,42,6,0,43,32,45,14,4,8
410;302;16018;4214;12,44,35,23,28,46,25,27,49,6,19,1,16,45,41,32,40,0,7,42,24,11,37,21,15,9,39,29,38,17,34,5,30,48,10,31,4,13,47,22,43,20,36,3,26,2,33,18,8,14
411;325;20362;5459;41,48,45,9,28,35,44,49,38,1,27,5,24,6,30,37,33,11,17,8,0,14,18,32,2,13,39,4,43,7,34,42,16,12,15,19,31,25,10,29,22,46,21,47,36,26,40,3,23,20
412;305;22982;5545;46,35,23,12,9,10,28,27,44,19,25,6,42,1,45,29,11,16,17,30,0,41,5,49,32,48,38,43,39,34,24,7,21,15,36,3,4,37,14,33,2,31,47,20,40,22,26,18,13,8
413;304;18755;5293;28,13,35,11,41,49,37,27,1,6,44,38,25,45,5,21,9,15,42,19,26,33,10,30,46,23,31,48,20,22,3,43,34,39,36,17,40,8,4,16,32,29,47,14,18,7,24,0,12,2
414;281;16845;4039;16,21,44,11,28,27,36,8,14,37,1,15,47,13,9,39,29,19,34,40,26,33,18,22,30,12,4,20,31,3,2,10,23,25,43,32,17,41,48,38,42,45,6,0,35,49,7,24,5,46
415;315;23446;5731;13,14,25,5,48,23,30,36,26,46,10,8,18,47,35,20,3,31,33,45,7,49,43,0,32,6,12,2,4,42,16,38,29,19,40,34,22,28,41,37,24,15,9,39,11,17,21,44,27,1
416;315;11136;2744;37,47,2,3,31,22,14,18,13,33,20,36,25,8,26,32,11,7,0,15,42,9,40,38,16,21,30,12,4,39,34,10,19,23,46,49,45,29,6,41,17,5,35,43,44,24,48,27,28,1
417;305;16695;4884;20,3,40,46,19,29,23,47,10,48,5,33,22,36,31,15,25,21,37,30,2,8,13,0,4,26,43,18,14,32,7,16,42,12,6,45,17,9,41,1,39,35,28,27,44,34,49,24,11,38
418;369;19443;4650;19,11,31,10,5,33,23,2,46,20,48,22,29,3,28,47,25,37,36,44,17,27,1,24,43,41,45,35,6,49,0,38,26,30,21,7,4,13,14,9,16,39,15,32,40,42,34,12,8,18
419;278;14145;3572;43,36,8,46,35,45,6,18,49,13,28,10,47,14,48,16,12,4,42,33,22,2,26,3,20,30,32,31,0,34,7,44,27,1,41,24,19,5,25,37,21,39,11,29,15,17,38,40,23,9
420;360;18073;4699;28,1,14,37,13,18,5,24,11,29,8,44,27,17,41,21,15,9,40,35,34,45,6,38,39,43,2,49,0,32,7,4,3,22,31,48,19,12,23,10,16,30,20,46,36,42,33,47,25,26
421;328;18253;4928;21,28,18,12,4,43,5,40,29,13,14,15,6,8,37,0,49,7,32,11,24,1,44,38,17,9,27,41,39,34,45,16,35,42,19,33,2,25,36,10,3,48,23,20,30,31,46,22,47,26
422;341;15539;3873;28,29,31,10,25,26,23,22,19,20,33,37,27,3,11,48,46,5,30,38,34,44,1,40,39,41,15,9,21,24,17,47,35,36,13,7,45,6,49,4,0,14,8,2,43,32,18,42,12,16
423;291;17966;4366;20,31,27,44,28,9,30,40,22,6,1,3,33,45,26,10,48,36,47,16,2,8,13,0,4,12,43,18,14,32,7,42,17,24,41,38,23,37,15,29,46,35,11,39,5,34,49,19,25,21
424;301;10795;2845;28,34,18,12,9,30,5,2,8,13,4,39,35,14,38,29,40,11,17,44,24,6,43,27,1,41,49,45,0,32,7,26,22,3,31,10,19,37,21,47,42,48,20,36,25,16,33,46,15,23
425;367;15450;4522;20,22,10,25,23,46,5,12,33,48,19,3,29,30,31,17,11,37,24,26,43,18,4,14,13,2,36,8,40,47,16,42,15,21,7,45,44,9,41,35,39,0,6,49,38,34,32,27,28,1
426;277;11417;2864;20,33,12,7,25,0,23,4,3,22,32,31,43,2,10,29,21,19,46,5,16,40,30,47,36,48,8,26,13,14,18,45,28,6,27,34,42,37,11,41,17,1,9,39,38,24,44,35,15,49
427;366;20266;5082;25,19,12,18,40,4,37,16,21,15,9,23,29,42,46,8,5,14,13,47,30,22,10,26,48,36,3,33,20,31,2,0,7,32,6,49,17,28,44,1,39,27,35,38,41,34,45,24,11,43
428;288;12697;3203;37,29,4,13,8,18,21,39,15,12,40,11,5,9,28,32,16,42,0,6,49,44,41,43,35,38,27,45,1,24,17,34,7,14,30,31,47,25,19,33,10,3,26,20,48,2,22,36,23,46
429;381;22857;6295;41,37,14,35,5,49,1,18,44,13,43,11,38,8,29,47,26,25,36,17,34,15,21,40,39,24,4,9,12,16,42,7,27,32,28,2,30,19,46,22,20,0,6,3,33,31,45,10,23,48
430;332;28694;7058;33,3,21,13,5,40,37,23,12,15,9,31,22,25,20,17,11,29,38,46,42,48,10,47,16,19,39,36,30,26,34,4,8,18,14,32,24,28,44,6,45,7,43,0,35,49,2,27,41,1
431;305;23034;6515;24,17,44,35,1,49,11,0,41,28,6,5,29,43,48,19,23,10,46,26,22,14,13,3,20,30,8,31,18,33,2,45,37,27,36,34,7,25,40,12,42,39,47,4,9,16,38,15,32,21
432;309;17279;4187;10,5,22,25,23,47,36,2,31,20,26,48,30,3,38,21,15,9,40,41,24,6,35,43,44,28,45,1,27,49,0,46,42,19,16,32,4,12,37,14,39,17,11,7,13,34,29,18,33,8
433;317;19634;5038;37,21,5,8,13,48,27,44,19,28,30,15,40,1,9,4,45,12,16,29,42,38,41,35,46,11,17,49,39,34,24,43,18,14,47,32,26,6,23,10,2,33,36,31,20,0,7,22,25,3
434;316;17072;4503;25,36,46,20,30,5,10,29,33,23,48,37,26,19,47,3,22,31,2,14,21,18,8,40,15,13,4,9,12,16,42,17,32,7,27,38,43,28,44,41,0,45,1,39,6,34,24,49,11,35
435;390;19358;5267;1,11,29,6,28,46,25,17,27,45,19,41,37,24,44,36,26,47,43,40,34,15,21,38,39,9,35,12,49,16,42,4,5,23,30,14,3,48,22,32,0,18,13,7,33,2,8,31,10,20
436;302;12720;3380;5,19,6,38,1,49,13,0,27,28,35,23,25,45,46,29,37,24,17,30,47,2,33,26,36,48,20,10,31,3,22,43,44,41,11,16,32,8,18,9,40,12,39,42,15,34,4,7,14,21
437;334;27815;6871;23,19,30,26,3,33,22,5,10,20,31,46,11,48,28,36,37,25,47,44,34,6,1,38,39,41,43,35,49,45,27,2,13,0,8,7,24,12,15,29,40,14,4,32,21,17,18,16,9,42
438;344;20254;5771;43,18,11,5,37,15,13,29,40,9,21,8,4,41,14,31,33,22,3,28,17,6,1,24,27,44,7,45,2,0,32,39,38,34,25,35,20,12,30,47,16,19,23,46,36,42,49,10,26,48
439;343;14981;3655;48,6,29,10,23,37,13,17,46,19,25,28,30,11,5,47,42,36,26,45,34,44,1,38,39,27,43,35,41,49,24,0,7,32,15,3,16,9,8,33,40,20,21,31,18,2,22,4,14,12
440;287;14840;3772;23,47,18,21,25,40,5,7,13,8,29,19,36,14,46,12,37,4,16,10,30,3,20,26,48,22,32,33,31,2,0,43,35,49,6,38,17,15,9,1,39,27,28,44,41,34,45,24,42,11
441;300;15167;4473;21,9,47,45,25,35,37,43,29,36,6,15,17,49,40,39,11,38,34,13,32,18,8,0,7,12,16,14,4,2,42,19,23,46,10,27,26,33,20,41,44,5,30,1,28,24,48,22,31,3
442;270;6579;1930;35,0,34,39,38,5,28,23,6,45,27,19,49,25,46,16,4,12,42,2,47,33,48,26,36,30,20,10,31,3,22,13,11,37,15,17,43,41,9,18,32,8,21,14,40,7,29,24,1,44
443;291;14597;3660;37,13,24,35,44,34,11,27,38,41,39,28,25,1,5,21,9,15,42,26,19,33,48,46,23,30,3,10,31,20,22,45,29,17,6,32,12,47,40,14,18,0,43,7,8,2,49,4,36,16
444;336;19203;4814;20,19,30,14,18,13,3,37,31,48,8,23,46,33,10,32,22,2,7,26,21,36,47,40,15,25,4,9,12,16,42,5,17,29,11,34,0,43,35,1,45,39,41,38,44,27,24,49,28,6
445;312;10147;2616;30,6,10,25,33,19,5,46,31,48,23,28,26,20,3,13,37,27,45,11,49,44,1,43,35,22,24,41,38,39,34,47,2,36,0,12,8,29,7,15,40,16,32,9,21,4,42,18,17,14
446;323;19086;5366;8,41,12,20,31,2,28,4,22,3,33,1,27,18,44,13,5,30,26,29,24,37,11,34,17,38,9,39,15,21,40,19,25,23,46,49,14,10,36,6,32,16,35,45,43,0,42,7,48,47
447;285;12066;3079;21,9,14,4,18,5,37,7,29,8,13,15,3,32,40,38,12,39,34,11,17,6,28,24,41,22,27,1,44,43,45,0,49,2,31,48,16,23,19,26,47,30,20,10,46,36,33,42,25,35
448;341;14276;3668;35,48,0,12,45,7,28,16,49,6,32,46,30,42,19,21,9,15,40,23,22,36,33,3,20,25,47,10,31,26,2,4,14,18,13,34,27,5,37,41,17,38,8,39,11,24,43,44,29,1
449;309;18490;4669;46,5,3,19,23,28,10,26,33,20,22,48,35,31,30,47,27,36,4,18,43,6,8,7,14,13,45,49,32,0,2,44,41,1,11,24,16,29,37,15,40,39,38,9,21,17,34,42,25,12
450;308;11935;3475;39,12,29,41,5,33,25,17,37,11,48,34,38,24,30,32,6,0,7,40,16,8,13,47,36,26,4,14,18,43,2,49,31,10,21,46,45,9,1,20,22,23,15,35,3,42,19,27,44,28
451;299;12663;3139;13,23,29,12,4,21,37,40,14,8,16,5,25,18,19,32,7,2,0,46,22,48,36,20,3,47,30,10,33,31,26,42,9,15,28,24,43,11,41,44,39,27,1,45,38,34,17,49,6,35
452;335;21066;5370;10,3,5,37,25,16,23,30,36,47,12,20,22,48,26,27,28,6,45,13,7,18,33,14,43,31,2,8,4,32,0,40,15,21,9,34,49,19,42,11,44,24,29,39,41,38,17,35,46,1
453;354;19625;5140;48,41,33,37,23,18,10,31,30,13,8,5,11,20,26,49,35,25,38,22,2,44,28,0,32,3,1,6,27,45,24,7,43,14,19,21,39,46,47,9,16,40,29,15,12,42,17,34,36,4
454;276;17687;4413;41,29,20,15,21,40,27,3,1,28,9,44,26,22,11,32,6,7,0,37,43,18,33,14,13,31,2,8,4,17,24,39,30,34,5,46,49,12,25,36,16,10,23,19,47,42,48,35,45,38
455;302;14584;3710;48,8,40,25,19,21,46,47,5,23,29,13,30,36,10,35,28,6,49,26,22,33,18,3,20,14,7,31,2,0,32,37,11,15,4,34,45,43,41,9,24,42,12,39,38,17,16,27,44,1
456;339;15678;3908;44,24,13,37,5,29,28,14,11,18,17,1,27,8,41,48,33,4,30,35,34,45,6,38,39,43,2,49,0,32,7,21,9,15,25,42,31,12,3,46,36,19,23,16,10,47,40,26,22,20
457;348;14418;3797;41,35,29,5,13,14,37,38,11,8,18,44,1,43,49,45,6,28,27,15,4,40,9,16,12,21,17,42,39,34,24,7,25,32,23,36,30,22,20,46,0,26,19,10,31,2,47,48,3,33
458;302;12709;3669;9,16,44,22,3,29,6,21,1,28,19,12,26,15,42,36,31,47,43,40,2,14,8,0,4,13,27,18,45,32,7,17,37,11,41,34,20,25,23,49,48,39,5,38,35,30,24,10,33,46
459;386;29566;7150;42,6,21,29,16,40,25,9,37,12,4,45,28,15,27,19,36,47,46,35,34,44,1,38,39,11,43,41,49,24,17,8,14,18,22,2,23,13,26,20,7,31,3,0,30,32,33,10,5,48
460;336;14791;3623;37,15,28,8,14,5,7,27,6,29,13,21,42,45,9,32,18,40,0,35,17,11,44,24,49,1,39,41,43,38,34,19,23,46,25,26,2,22,20,12,16,30,10,47,4,36,48,33,3,31
461;343;17650;5218;9,21,1,45,6,27,24,22,11,41,28,15,37,44,40,39,29,17,34,31,0,8,33,32,2,3,14,4,18,7,43,13,5,26,30,47,49,20,25,19,46,10,48,16,23,42,36,35,12,38
462;343;20345;5011;25,15,18,31,5,20,37,8,10,48,33,23,26,13,21,2,49,35,0,14,32,47,36,42,7,40,19,16,46,29,17,30,3,22,11,38,43,9,4,1,45,39,28,44,41,27,34,24,12,6
463;332;16296;4102;12,35,21,11,37,36,25,40,9,15,47,42,38,16,39,44,1,41,24,43,2,8,13,0,4,49,7,18,14,32,34,17,26,29,22,20,27,6,19,46,30,31,3,10,23,48,33,45,28,5
464;344;34757;8932;37,13,29,44,41,21,11,17,27,1,15,28,25,24,5,39,35,38,34,19,30,33,26,48,46,23,31,10,20,22,3,45,40,9,6,4,7,36,8,49,32,16,12,2,43,0,42,14,47,18
465;299;14360;3522;49,46,44,6,28,45,25,11,37,1,27,35,19,41,29,43,36,47,4,12,40,42,16,15,21,38,17,9,39,34,24,0,23,32,10,3,14,5,13,33,26,20,48,31,30,2,22,18,7,8
466;365;26970;6872;9,16,37,10,36,23,26,21,47,25,19,12,42,15,40,39,38,30,34,29,24,14,8,4,17,13,7,18,2,0,32,33,20,31,22,27,35,46,5,1,43,28,11,44,41,45,3,49,48,6
467;319;12998;3766;6,49,37,40,25,16,28,42,7,21,12,0,35,15,32,19,23,29,46,11,45,41,44,17,27,9,39,1,38,24,34,4,18,8,2,31,5,14,13,10,30,3,33,20,36,26,22,48,43,47
468;351;32222;7912;23,30,32,13,43,14,5,45,26,6,7,48,19,0,10,9,41,15,21,12,49,36,47,35,46,25,39,38,16,42,34,29,24,17,20,2,1,37,28,18,40,3,33,22,8,4,31,44,11,27
469;350;19206;4900;35,25,44,23,28,27,19,29,46,41,1,37,49,11,38,32,47,43,7,39,34,9,12,17,24,4,15,40,21,16,42,45,5,6,13,30,0,8,18,20,3,10,36,26,33,31,48,2,14,22
470;319;18209;4804;37,25,3,8,18,13,11,22,31,33,14,23,15,20,10,4,9,12,2,26,16,19,46,47,36,21,29,40,42,17,24,48,30,5,41,34,27,28,1,49,0,39,43,7,35,32,38,45,44,6
471;367;24595;6015;37,29,42,23,25,46,21,45,9,15,19,28,5,27,6,14,8,13,7,11,17,41,44,34,24,1,35,39,38,43,49,16,4,12,40,2,47,48,10,33,31,32,18,22,20,3,0,26,30,36
472;336;11830;2987;35,19,27,44,38,28,23,45,49,25,1,47,46,6,36,29,11,41,43,2,7,9,21,32,0,40,12,15,4,42,16,26,22,3,20,13,24,10,48,18,39,14,31,8,33,34,30,17,5,37
473;341;22664;6210;37,28,16,23,29,46,25,42,15,21,19,11,6,12,9,13,8,5,43,49,17,1,44,24,35,41,27,38,45,39,34,40,36,47,26,31,14,30,18,10,0,20,22,33,48,2,3,7,4,32
474;342;44053;10390;25,42,19,5,48,29,10,21,37,23,46,9,30,15,12,45,27,2,0,16,4,26,47,18,40,36,13,8,14,32,7,33,31,20,22,34,35,3,6,41,49,24,11,39,43,38,17,44,28,1
475;320;14666;4295;23,27,31,25,28,22,33,30,10,20,3,19,18,48,46,44,1,6,7,45,0,15,9,2,32,40,12,21,4,42,16,26,36,47,8,34,29,37,5,35,24,39,13,49,14,17,38,43,11,41
476;298;17284;4334;20,3,2,6,35,0,25,19,10,23,49,31,22,46,26,48,37,33,30,29,17,9,36,40,21,47,4,15,12,16,42,45,28,27,1,24,5,11,8,41,39,7,44,38,43,34,32,13,18,14
477;277;11635;2975;9,13,19,25,36,11,26,29,15,47,37,12,30,21,40,38,41,39,34,4,0,14,18,32,2,8,42,7,16,24,17,44,1,28,6,35,33,43,3,23,10,45,49,46,5,48,27,31,22,20
478;300;18906;4695;8,13,31,47,36,22,28,20,18,3,26,14,6,33,30,49,25,35,43,5,27,19,23,45,48,10,7,46,32,0,2,4,40,29,21,42,44,37,11,9,39,12,15,17,24,34,16,38,1,41
479;310;11193;3304;27,28,30,23,25,4,37,5,9,15,12,6,11,48,45,29,21,19,17,44,34,43,41,38,39,1,46,24,35,49,42,16,36,10,13,7,22,47,33,40,2,18,8,32,26,0,14,3,20,31
480;297;14110;3595;25,37,27,28,6,45,43,44,41,49,35,11,29,1,38,14,13,8,18,39,34,9,12,17,24,4,15,40,21,16,42,36,19,47,22,0,30,23,46,20,7,2,3,31,10,32,26,33,5,48
481;402;25055;6041;5,11,20,19,23,33,10,22,48,46,31,28,30,3,6,47,25,36,26,45,24,41,49,1,27,35,39,44,43,38,34,2,32,0,9,7,13,37,17,40,16,21,12,4,18,42,15,14,29,8
482;322;13656;3697;39,4,27,23,25,28,38,24,41,5,19,9,12,1,44,42,43,16,34,37,40,8,13,21,15,11,14,18,29,17,7,32,6,45,30,2,47,49,46,20,22,33,48,31,10,3,0,26,35,36
483;283;8765;3065;43,18,27,23,13,26,6,45,36,25,37,8,49,47,14,31,20,10,33,2,7,9,21,32,0,40,12,15,4,42,16,17,19,29,28,24,48,3,46,41,39,1,11,38,35,34,44,30,22,5
484;325;18281;4433;37,12,46,35,23,34,11,19,36,25,39,9,4,47,15,0,6,49,2,13,32,18,40,7,8,21,16,14,29,17,42,38,43,10,5,31,45,41,1,26,22,33,48,20,24,3,30,27,44,28
485;319;12764;3385;1,6,33,26,30,20,41,31,5,48,22,28,24,3,44,46,38,49,35,45,0,8,13,32,2,27,14,4,18,7,43,10,25,23,12,42,17,37,36,40,39,21,9,16,47,34,15,29,11,19
486;334;25842;6747;41,38,37,30,48,9,1,29,5,27,33,44,45,11,39,49,28,6,43,14,7,18,8,0,32,13,17,2,4,34,24,40,15,21,12,19,3,35,26,23,36,16,25,46,10,47,42,31,22,20
487;308;11574;3235;25,5,20,15,37,29,46,33,23,19,21,48,2,31,10,39,9,38,34,12,16,40,26,47,36,30,8,4,18,14,13,42,22,3,35,32,44,11,41,6,45,7,49,0,43,24,17,27,28,1
488;319;22278;5560;32,6,16,25,12,29,37,42,7,15,21,0,28,9,11,48,4,5,30,44,27,35,49,45,1,41,39,38,17,24,34,46,23,19,10,3,13,40,47,33,14,20,2,31,18,43,22,26,36,8
489;306;17752;4392;28,44,25,21,15,40,9,46,38,12,23,1,41,19,27,39,37,11,34,43,32,35,36,0,7,47,16,6,49,45,42,24,29,17,10,31,4,5,13,30,33,20,22,26,48,2,3,18,14,8
490;368;18221;5190;37,40,28,25,23,6,13,27,29,5,19,21,8,45,15,18,4,14,43,11,34,44,1,38,39,9,32,41,7,24,17,0,35,49,46,36,26,12,30,33,31,16,48,10,20,2,42,3,47,22
491;331;18858;4680;20,3,5,19,23,38,10,41,33,48,30,31,22,46,43,47,25,26,36,44,0,27,1,45,2,28,24,6,35,49,42,34,11,39,13,17,16,37,15,40,32,14,8,29,21,7,18,4,9,12
492;332;23450;5660;9,34,29,10,23,19,25,21,37,17,11,39,38,15,42,31,33,20,3,13,26,18,14,4,30,8,36,12,40,16,47,46,5,48,35,0,22,41,44,6,27,32,49,2,43,45,7,24,28,1
493;380;16131;4680;47,23,16,15,21,42,25,4,36,40,9,19,18,12,46,14,13,8,7,30,0,20,10,2,32,48,3,33,31,26,22,29,37,17,5,24,43,28,45,1,44,39,11,41,27,34,38,49,6,35
494;341;17513;4393;40,8,35,28,1,47,44,15,9,27,36,18,13,21,14,39,41,38,34,43,42,4,12,16,49,6,7,45,2,0,32,19,46,29,23,26,24,5,25,31,22,48,10,20,33,3,30,17,11,37
495;379;15535;3838;47,13,46,25,19,49,5,10,36,23,35,30,8,48,26,16,21,40,42,18,7,20,33,32,14,43,31,22,3,0,2,29,28,6,44,24,12,37,11,41,39,27,1,17,38,34,45,4,15,9
496;320;15046;3723;22,31,25,5,48,19,30,47,20,10,23,3,2,36,26,32,9,7,0,14,40,33,37,18,8,13,12,21,15,4,16,46,42,29,43,24,27,11,6,41,39,49,35,38,44,34,17,45,28,1
497;347;19733;5536;23,46,30,28,3,12,33,26,31,20,22,48,19,25,10,14,40,18,43,36,49,45,6,42,35,47,7,16,32,0,2,38,27,4,15,34,8,5,1,9,24,11,21,39,41,17,37,29,13,44
498;292;16190;3993;22,31,17,4,30,11,33,15,9,48,37,3,26,12,20,32,45,27,7,36,42,23,25,47,16,10,21,40,46,19,29,5,28,13,24,34,2,1,8,44,43,39,41,35,6,49,38,0,18,14
499;373;26592;6392;1,9,35,37,11,43,27,49,41,44,28,45,15,6,42,29,25,21,40,16,17,38,4,34,24,12,7,39,2,0,32,14,8,18,13,33,47,46,23,3,22,48,5,31,20,26,30,36,19,10
