0;227;10901;3798;58,10,32,13,35,30,29,5,23,52,18,59,28,27,22,49,56,39,8,33,19,55,11,42,20,34,24,9,50,48,12,45,41,4,40,46,16,7,53,0,26,14,57,44,2,47,17,1,21,54,37,38,25,36,6,3,31,51,15,43
1;206;7609;2525;41,16,9,27,43,48,36,53,59,58,26,40,34,2,11,6,20,52,13,3,47,15,49,55,25,57,46,5,23,42,45,17,4,54,10,1,51,18,39,33,50,0,28,7,21,19,44,24,8,30,38,22,29,35,37,31,32,14,12,56
2;227;14800;4610;49,22,15,37,33,43,35,20,45,47,0,17,8,39,11,21,16,10,5,23,48,46,24,38,44,58,1,32,34,13,30,9,19,3,27,53,41,6,26,4,14,36,54,7,18,42,50,56,57,52,25,2,59,31,55,51,29,12,40,28
3;234;16852;5007;56,32,40,57,29,53,18,16,36,9,26,35,28,41,23,31,33,55,38,54,3,11,49,17,0,24,42,47,25,14,52,43,34,50,21,46,13,8,37,2,44,1,15,20,58,4,45,7,10,30,51,12,6,27,5,59,22,48,19,39
4;245;21468;7440;28,10,23,16,47,35,52,44,17,40,13,38,48,31,19,3,37,22,20,5,30,45,41,56,55,54,11,33,57,0,43,39,32,49,7,15,42,12,14,6,21,25,36,2,27,51,46,50,8,9,1,59,26,34,58,53,29,4,18,24
5;237;18360;5356;25,20,33,14,1,32,13,34,41,58,59,18,24,35,42,51,57,19,0,55,56,23,47,30,48,27,52,31,7,16,21,10,43,50,5,36,11,15,40,9,45,26,6,53,44,38,12,29,2,46,3,39,8,54,4,37,28,49,17,22
6;223;16404;5140;29,49,12,48,4,23,11,34,8,39,26,45,5,42,38,28,54,2,44,7,22,43,51,16,40,0,50,41,53,55,14,36,10,3,19,27,35,17,32,20,31,57,37,21,33,47,1,56,58,24,13,9,52,30,25,46,6,18,15,59
7;233;21741;6918;57,39,58,12,48,6,3,45,31,18,55,19,33,51,10,50,43,29,59,46,32,49,44,53,37,5,4,17,38,16,35,14,52,47,28,20,0,36,56,54,7,24,8,34,25,40,2,21,41,1,9,13,23,15,30,27,26,42,22,11
8;225;12248;3702;26,10,49,53,0,39,24,54,15,8,17,23,52,51,47,14,44,29,48,11,56,9,43,16,12,30,38,20,5,57,28,19,18,27,3,45,35,40,58,22,21,33,13,46,2,31,4,25,7,6,42,50,37,36,32,34,55,59,41,1
9;214;9466;3008;54,3,43,56,47,6,45,10,27,59,57,16,11,22,50,44,58,36,13,35,26,7,4,0,30,1,46,49,18,20,14,48,19,33,17,25,23,28,52,38,31,32,42,39,34,8,24,53,15,9,55,5,41,51,21,2,40,12,29,37
10;255;18846;6319;11,32,33,37,39,2,8,47,38,28,29,25,1,49,4,21,19,27,16,26,54,17,24,41,14,13,40,22,6,59,45,9,20,36,12,50,15,43,44,46,0,3,35,10,52,23,5,48,56,7,51,53,55,57,42,31,18,30,34,58
11;243;23349;6925;47,40,5,22,39,35,30,0,50,11,43,32,59,37,54,36,42,17,16,46,56,20,8,6,51,57,55,34,15,58,44,3,19,26,7,4,12,48,1,13,23,21,10,14,38,9,24,53,31,27,18,49,25,33,28,52,2,29,41,45
12;217;10460;4398;51,20,23,55,57,35,46,50,7,41,37,4,22,13,1,52,3,5,49,0,47,45,30,34,17,9,12,15,11,28,36,39,48,58,54,31,53,14,44,59,10,40,38,29,21,42,32,56,25,27,24,19,2,8,16,18,6,33,43,26
13;227;17934;7378;31,54,52,25,29,36,22,51,2,34,57,20,59,35,49,50,56,13,12,42,32,47,26,7,30,1,24,4,39,10,55,8,11,27,0,45,23,6,40,33,46,53,3,9,28,5,21,41,18,19,14,15,16,17,58,38,44,48,43,37
14;263;23678;8154;58,29,4,49,44,3,17,30,25,11,5,12,59,56,9,37,16,13,54,20,42,55,43,10,27,41,34,38,35,40,36,32,47,45,8,51,28,24,57,53,39,50,6,48,31,19,7,18,15,52,14,33,0,23,22,1,2,21,46,26
15;240;20859;6814;8,43,29,56,26,54,6,37,38,33,15,17,30,47,45,58,25,3,24,57,27,13,36,10,28,51,44,39,50,4,14,16,41,48,18,7,9,19,21,42,23,49,5,40,31,32,12,20,55,11,59,34,22,0,35,2,53,46,1,52
16;205;12460;3751;52,2,14,16,1,17,32,29,23,25,54,11,9,42,35,53,10,27,26,55,22,4,15,31,56,34,59,12,3,24,44,5,58,13,8,46,47,48,7,51,50,37,38,30,28,57,33,6,21,36,40,49,0,45,41,20,19,39,18,43
17;244;27208;8476;50,29,21,22,47,33,28,10,3,34,59,20,56,54,44,4,15,0,18,55,11,36,41,31,19,37,43,25,27,58,45,14,26,32,7,13,17,6,49,48,51,53,57,46,1,35,52,24,38,23,30,39,12,2,40,5,16,8,42,9
18;242;18111;5328;44,49,21,39,54,57,46,38,50,20,3,59,11,51,27,19,41,56,43,32,28,7,8,13,58,34,37,9,25,52,48,42,29,1,53,15,5,36,22,30,12,55,14,33,18,26,35,24,16,17,40,47,31,45,10,2,0,23,4,6
19;216;7630;2562;31,10,43,32,11,2,34,26,38,12,0,29,40,7,53,57,33,35,15,56,22,46,24,17,47,20,21,8,52,19,28,4,41,54,42,50,30,23,49,45,5,36,14,59,1,44,55,27,18,9,48,6,51,13,39,25,58,3,37,16
20;244;16079;4822;7,29,54,44,17,57,26,14,15,1,21,46,24,43,22,3,30,51,38,36,16,2,58,31,6,5,20,49,53,35,33,27,56,39,18,9,13,41,50,52,47,25,34,10,42,8,23,32,48,45,11,12,37,59,28,55,40,0,4,19
21;227;16533;5920;23,45,8,40,42,29,24,33,21,15,10,3,44,37,53,12,20,30,41,6,1,57,19,26,56,2,18,22,58,11,17,0,49,34,31,7,28,9,4,52,39,38,13,25,54,16,27,43,36,47,14,59,32,48,35,5,55,46,51,50
22;243;18596;5580;35,11,16,14,22,10,19,38,17,56,30,41,6,26,23,50,1,54,3,24,40,45,52,46,57,49,37,28,0,55,29,48,13,15,39,31,25,47,33,12,8,27,53,9,58,44,34,7,20,21,4,43,36,2,51,59,5,18,42,32
23;218;12200;3661;11,10,0,19,42,29,1,3,36,53,21,50,44,16,28,59,5,22,57,39,35,54,41,56,52,25,45,13,17,9,2,49,43,20,46,4,14,38,15,51,7,6,37,34,24,23,30,48,58,8,40,31,55,12,33,47,26,18,32,27
24;234;17822;6084;28,29,22,3,30,10,52,11,18,41,58,19,26,31,16,5,25,59,47,8,32,6,27,38,12,46,40,34,14,20,15,44,55,35,33,45,0,21,24,39,1,37,54,4,7,51,42,36,56,23,9,17,48,53,49,2,57,13,50,43
25;225;15284;4606;33,56,40,44,19,42,27,23,36,39,22,18,29,48,21,4,2,12,9,28,30,38,49,57,17,34,1,43,35,26,11,7,14,51,45,8,13,46,41,55,5,16,0,58,37,32,10,20,15,3,25,31,24,52,59,47,54,50,6,53
26;210;8036;2676;47,37,11,5,32,22,23,12,31,6,45,50,39,40,49,57,51,46,55,52,21,56,53,4,28,58,10,26,9,43,20,16,7,42,29,27,36,2,33,54,25,24,14,15,17,18,0,1,13,38,30,3,34,44,48,19,59,35,41,8
27;246;13512;4019;12,59,8,20,34,54,19,47,45,33,14,7,56,11,13,30,32,53,46,43,22,1,2,36,9,31,35,48,0,50,10,6,4,21,24,18,52,28,41,23,49,38,27,16,58,15,57,26,25,3,5,39,55,17,42,51,44,37,29,40
28;228;13218;4910;19,54,12,0,37,51,59,32,57,22,31,56,55,40,10,25,24,50,52,9,35,49,43,48,21,3,17,41,39,11,42,8,46,47,58,15,5,18,44,14,2,6,26,53,7,20,1,34,36,29,28,33,23,27,16,38,30,4,45,13
29;220;14641;4442;59,22,45,36,47,54,11,25,34,32,3,30,15,48,58,19,38,10,16,17,51,23,50,0,44,18,2,39,5,4,8,12,24,42,53,13,14,49,40,57,21,20,41,37,56,1,7,43,27,6,33,46,31,28,55,35,52,26,29,9
30;254;23726;7219;32,48,9,53,44,6,10,26,13,47,29,38,45,54,41,51,34,36,4,49,14,33,42,0,24,16,52,11,39,19,35,40,37,50,2,18,28,7,57,8,31,30,15,17,56,43,55,59,3,27,12,46,25,5,23,20,1,21,58,22
31;223;16146;5250;35,45,50,56,38,49,54,12,8,32,14,21,7,34,57,11,10,37,3,6,44,25,43,20,33,5,22,26,51,53,39,52,19,17,29,31,46,2,41,59,9,48,36,23,15,1,13,55,40,47,58,0,4,28,16,30,24,27,18,42
32;237;14818;4678;9,0,25,45,26,50,27,5,53,48,15,19,14,33,13,40,2,35,4,10,42,47,18,22,1,6,43,17,39,59,55,29,41,46,11,38,12,51,16,57,58,30,32,31,8,28,3,36,20,21,49,44,24,7,23,54,34,37,52,56
33;214;18831;5555;1,15,46,29,56,48,35,2,21,49,25,32,38,20,40,51,13,28,9,57,3,5,16,27,31,58,44,42,34,24,36,50,41,11,23,6,47,10,45,59,8,55,30,0,12,22,52,54,17,4,39,26,37,33,43,53,7,14,18,19
34;202;11541;4026;5,0,47,14,44,27,49,22,30,13,2,26,10,36,57,56,32,1,17,7,19,3,58,39,46,25,37,29,34,52,38,28,11,50,31,33,35,53,15,24,55,8,45,54,16,48,12,20,42,59,21,40,41,23,43,18,4,9,6,51
35;220;7060;2449;53,16,59,49,50,23,12,24,26,4,33,30,13,14,44,34,48,17,28,29,58,41,51,42,0,20,21,54,25,37,7,57,35,46,39,52,27,47,32,15,45,19,8,43,31,40,38,1,18,36,56,55,9,2,5,6,22,3,10,11
36;229;11143;3490;29,26,39,8,53,23,12,37,36,15,16,3,45,6,11,20,18,14,7,9,10,17,59,25,13,28,30,40,35,0,46,21,41,49,33,44,5,38,43,57,42,48,32,27,4,24,2,22,51,19,54,31,1,50,34,47,58,52,55,56
37;214;10719;3366;8,59,54,44,52,5,45,1,39,37,4,11,50,17,0,10,29,49,15,31,40,13,6,58,12,36,47,18,53,14,28,56,32,21,25,27,46,7,42,2,24,22,35,43,16,51,30,41,23,57,38,3,55,9,20,34,19,48,26,33
38;239;13408;4130;13,10,35,23,28,16,46,34,38,4,5,22,44,18,59,21,24,43,33,42,56,40,58,55,25,45,3,15,50,37,39,27,12,14,20,31,6,7,41,17,57,54,48,11,8,32,36,47,53,9,51,19,26,0,1,29,2,30,49,52
39;201;8773;3391;14,38,46,26,7,48,24,54,45,12,11,0,57,41,52,35,1,40,53,15,10,43,8,27,5,33,28,13,55,31,17,4,37,21,9,25,39,2,36,19,44,34,58,56,22,3,23,32,47,29,51,59,49,18,42,30,50,16,6,20
40;228;12030;3825;46,3,31,56,42,59,49,38,2,33,18,40,39,5,17,9,13,1,22,14,29,52,10,28,43,47,21,51,45,50,30,32,4,11,16,23,55,12,27,26,24,19,20,48,25,44,53,34,36,6,54,37,57,8,15,35,0,7,41,58
41;255;22811;6576;11,48,40,50,59,2,23,9,51,21,38,42,58,47,14,4,52,41,36,15,29,57,49,45,34,27,30,46,7,56,53,35,43,16,13,18,5,25,32,33,0,10,24,1,44,6,39,37,20,31,26,8,55,54,17,28,12,3,19,22
42;236;21472;6684;42,51,26,18,0,23,52,25,15,28,35,56,11,31,54,3,8,29,32,19,30,47,41,22,44,49,58,16,40,48,38,21,55,6,14,2,33,27,57,9,50,5,17,4,13,39,7,59,36,53,12,45,37,46,10,34,1,43,20,24
43;232;14122;4909;2,26,17,11,7,30,15,50,46,41,5,4,33,52,58,56,35,40,12,14,32,39,44,25,8,13,27,23,57,36,3,10,6,47,16,54,31,59,29,1,21,53,43,37,24,18,19,0,38,28,45,20,9,51,48,55,42,49,22,34
44;243;20322;6045;1,19,17,24,49,58,3,55,33,21,25,29,40,50,23,31,41,37,42,39,6,7,27,43,59,14,38,12,51,56,52,32,47,18,15,46,36,16,26,57,35,5,8,13,45,34,54,10,28,48,2,30,4,53,20,44,0,11,22,9
45;219;13159;4424;47,43,59,1,44,26,18,34,39,55,51,12,17,13,35,21,40,23,49,16,58,15,57,36,56,38,9,37,22,19,28,53,33,2,48,50,8,52,32,42,20,31,27,0,11,46,25,7,54,6,4,30,45,5,29,10,24,3,14,41
46;245;18140;5605;12,37,52,35,45,28,8,7,42,0,30,4,22,57,21,6,25,26,3,11,5,36,32,46,48,53,54,44,38,10,15,39,41,14,33,50,40,24,20,17,29,51,31,55,27,49,13,56,59,16,34,23,43,2,19,9,58,18,1,47
47;220;21757;6553;35,47,48,24,22,53,36,31,54,58,16,12,40,45,42,34,8,29,37,9,6,52,44,55,26,56,46,25,23,57,17,27,49,7,33,50,28,38,5,0,13,51,19,59,14,4,30,41,18,1,21,15,2,43,39,3,20,11,32,10
48;223;15616;5090;21,44,42,55,12,1,58,8,50,26,56,9,14,32,4,15,52,29,35,41,49,13,16,47,2,38,33,24,5,43,7,10,23,46,59,17,3,31,37,30,45,27,51,18,48,6,53,0,34,22,39,57,54,20,36,11,40,28,25,19
49;227;26090;7739;1,44,58,21,33,23,22,41,36,32,26,28,29,47,14,49,12,13,34,39,40,50,24,35,43,54,57,7,6,25,2,48,10,59,42,46,17,5,19,15,8,38,45,11,4,56,53,52,37,30,18,27,20,55,31,9,16,51,3,0
50;249;16564;5082;13,56,53,44,26,55,7,10,8,2,3,21,34,48,22,54,39,35,28,27,47,50,19,6,49,11,12,29,40,58,36,17,18,0,16,4,1,15,9,31,52,51,23,37,14,32,57,41,38,33,30,42,5,25,43,24,20,45,46,59
51;222;11709;5558;7,58,14,38,26,3,33,45,2,55,23,21,32,51,43,19,34,49,11,44,12,1,48,24,8,37,41,56,20,17,6,47,52,15,35,39,18,59,50,42,4,5,27,25,53,13,9,0,30,28,46,36,31,57,40,16,29,54,22,10
52;222;14080;6592;44,52,41,12,40,4,25,36,13,35,5,39,0,17,59,57,20,2,23,7,48,27,10,51,54,11,3,49,24,19,29,8,22,56,30,15,31,18,53,32,55,38,34,26,16,9,50,43,37,6,33,42,1,14,46,45,47,21,58,28
53;260;25686;11809;28,40,32,30,46,59,47,7,18,1,38,14,49,42,53,19,17,48,39,6,55,5,43,27,22,37,41,3,44,10,23,12,29,54,2,35,8,15,50,13,25,24,9,52,56,0,11,34,4,51,21,57,31,33,26,58,36,45,20,16
54;225;14820;7260;47,32,50,33,3,53,31,16,8,59,51,22,6,25,49,18,35,40,19,37,56,14,44,58,9,0,26,5,43,57,4,30,2,17,7,36,46,1,29,13,45,12,52,34,38,10,55,41,39,28,15,27,11,23,48,42,20,21,24,54
55;252;22570;21589;57,48,7,3,55,11,14,49,2,5,27,16,43,36,41,38,34,50,4,58,20,1,12,59,25,10,44,8,52,22,30,54,26,9,33,15,39,13,40,45,17,37,6,31,46,18,28,0,24,35,53,29,56,51,23,32,19,42,47,21
56;254;21352;20943;28,11,14,48,41,23,45,31,15,37,30,29,0,4,24,49,43,10,7,22,40,59,42,46,2,1,26,17,47,53,57,12,3,20,35,13,25,36,34,56,9,21,16,54,50,6,52,58,27,19,55,18,39,33,5,44,32,38,8,51
57;225;11184;15965;22,6,11,30,43,23,46,12,57,10,29,39,14,44,53,5,27,15,13,49,0,2,41,45,7,4,48,58,51,8,20,18,32,38,33,31,50,21,1,55,26,35,28,56,3,16,17,34,42,59,36,9,52,37,24,25,40,54,47,19
58;233;13279;11481;46,57,47,6,58,27,49,3,1,37,20,9,40,39,26,15,22,13,45,12,29,52,56,5,44,0,17,59,7,43,18,48,11,53,33,23,31,19,28,51,41,50,36,25,38,34,16,35,10,8,54,4,42,30,21,55,24,2,32,14
59;251;14884;5092;2,24,21,5,40,52,29,38,35,12,39,15,6,42,32,56,22,50,17,58,44,30,49,19,36,11,34,14,1,43,27,37,9,28,25,57,47,4,7,20,45,18,55,13,48,26,8,59,0,31,54,51,33,3,41,46,16,23,53,10
60;223;19222;9774;14,52,30,43,47,17,16,19,5,31,29,23,37,57,54,40,22,0,6,15,32,36,10,49,44,28,58,59,2,12,45,48,21,13,33,9,35,51,11,26,50,42,56,25,38,3,46,41,8,4,20,53,27,24,34,1,7,39,55,18
61;226;10246;6571;25,10,23,51,45,40,1,33,5,6,21,0,46,52,24,47,41,9,8,13,11,44,26,7,29,43,2,30,34,20,59,17,15,50,27,53,38,36,16,35,58,57,37,54,22,42,31,56,14,48,28,18,12,3,4,55,39,49,19,32
62;238;13403;8003;59,18,46,27,17,41,26,28,31,36,51,1,3,50,16,4,55,42,6,15,32,9,12,49,44,19,0,56,39,23,38,30,11,22,45,2,7,57,5,58,8,37,20,53,35,10,52,43,13,29,40,25,33,21,14,47,48,34,24,54
63;240;26672;13837;12,39,10,40,59,26,35,28,9,14,45,57,43,33,30,27,24,11,8,16,41,50,34,56,25,15,32,47,55,44,29,51,0,38,18,42,23,3,37,5,21,36,20,48,49,52,31,7,1,46,4,2,53,13,19,6,22,54,17,58
64;242;21206;7459;30,43,13,41,0,44,3,58,35,24,49,31,46,5,32,16,11,37,36,8,28,50,22,15,55,38,34,6,21,25,45,7,9,51,27,42,20,10,39,18,57,54,14,26,4,53,48,1,17,12,23,47,56,33,52,40,2,29,19,59
65;242;15249;4543;20,9,8,47,33,40,48,44,45,49,52,18,30,41,43,34,11,58,56,35,57,59,28,29,12,53,17,6,54,26,39,3,27,2,36,7,21,5,32,23,25,55,4,10,42,19,46,16,13,22,38,50,1,15,0,31,14,24,37,51
66;220;17203;5385;26,57,49,22,8,41,19,33,45,38,37,55,11,23,47,30,42,27,9,44,58,18,39,36,15,35,28,43,17,32,0,20,12,56,3,54,53,48,46,13,51,7,10,52,24,25,34,40,16,21,50,59,31,4,1,5,14,29,6,2
67;222;18866;5826;34,39,13,41,55,16,21,5,37,24,56,35,22,36,49,7,28,44,48,27,42,57,3,59,26,15,43,52,23,29,2,32,10,46,51,31,12,40,20,14,25,30,1,17,8,9,33,50,53,54,38,47,19,18,4,45,11,6,58,0
68;242;17579;5160;3,16,57,1,42,19,15,32,2,17,18,29,38,13,55,20,43,25,59,45,44,21,41,24,4,26,58,34,9,22,35,47,14,51,7,30,54,5,56,8,33,10,6,39,53,50,23,11,12,46,31,36,40,48,37,28,0,27,52,49
69;213;10587;3418;28,55,22,29,25,31,4,18,35,3,34,17,20,39,21,23,7,32,44,57,48,52,27,41,40,5,8,6,14,2,59,26,38,19,37,51,36,24,12,1,16,50,49,11,9,54,30,56,58,33,45,10,42,15,53,46,0,13,43,47
70;232;19314;6234;2,48,33,59,8,16,47,19,58,3,50,22,12,6,40,49,28,18,24,35,56,42,55,9,17,27,14,15,45,10,38,30,13,23,46,0,20,54,41,21,53,34,11,4,5,44,43,26,7,31,57,25,32,52,29,51,36,39,37,1
71;243;19969;5904;24,39,54,10,17,43,26,57,13,35,12,40,3,22,37,31,23,44,11,4,34,27,52,50,14,48,7,28,9,29,15,20,32,38,33,21,2,47,51,25,1,59,8,0,53,58,46,49,36,56,16,45,6,18,55,42,19,41,5,30
72;245;12564;3668;0,53,40,36,48,42,6,51,55,44,17,46,4,38,35,58,28,27,7,30,22,41,10,59,15,26,1,12,3,54,11,5,39,37,31,29,50,33,19,34,16,23,8,52,45,20,14,49,18,47,21,25,56,2,32,13,57,9,24,43
73;224;15673;5290;50,59,17,23,20,35,53,15,49,37,41,6,54,21,13,9,28,8,46,31,42,30,51,39,40,2,27,0,32,52,55,43,45,47,16,38,26,7,44,25,22,10,57,18,3,33,36,4,48,58,19,5,12,24,1,11,14,34,29,56
74;225;16610;4984;5,43,53,48,57,10,9,4,46,40,6,51,47,41,16,12,20,44,28,42,2,59,15,3,45,17,18,54,58,37,39,49,29,35,21,50,13,1,0,22,25,27,36,23,55,24,31,56,33,34,38,14,8,19,7,11,52,32,26,30
75;226;18073;5372;57,27,29,31,58,49,9,45,33,44,56,21,53,47,30,10,20,52,24,3,41,25,19,59,0,5,13,55,39,4,23,32,54,46,36,38,50,1,35,15,51,2,16,48,40,28,7,34,42,14,8,6,12,43,26,17,11,18,22,37
76;214;10256;3844;59,46,50,14,41,45,20,48,8,57,30,43,49,39,15,44,23,40,22,58,38,29,6,4,42,36,13,5,11,35,25,10,1,26,34,24,21,52,55,3,37,7,2,9,28,19,0,32,18,33,54,27,12,17,31,53,47,51,56,16
77;232;18605;5823;52,36,50,19,56,45,31,43,2,10,54,39,26,34,46,22,29,6,11,58,16,13,44,8,12,4,41,20,15,48,3,32,35,0,49,23,25,28,53,14,37,18,1,42,21,55,33,9,51,38,7,59,47,17,57,30,24,5,27,40
78;241;27536;8125;10,31,54,22,11,18,6,0,33,9,21,57,44,8,38,56,36,26,14,51,43,35,58,4,47,16,29,17,25,40,37,55,41,46,53,45,15,19,28,2,12,20,5,50,24,59,23,48,3,30,7,1,42,39,52,13,49,34,27,32
79;247;20004;6686;9,59,40,43,26,1,33,28,16,52,46,48,29,15,12,36,34,41,24,44,10,57,42,2,37,35,0,19,7,14,38,20,53,49,39,31,47,3,56,51,6,13,18,45,30,54,23,22,58,50,11,21,17,8,4,5,27,25,32,55
80;214;8077;2541;19,33,13,37,16,28,11,35,30,27,55,3,47,40,48,12,0,17,41,46,32,21,22,7,8,34,50,31,43,42,38,44,58,2,57,51,15,36,9,39,20,29,10,53,25,26,1,59,5,4,18,23,24,14,54,52,56,45,6,49
81;230;18419;5551;16,47,38,42,44,30,25,7,17,26,35,59,4,50,41,39,10,3,56,46,49,1,29,33,2,36,43,12,11,51,14,23,52,6,37,54,48,28,57,18,21,0,53,8,58,13,34,40,15,27,45,24,22,55,32,19,9,5,20,31
82;226;24585;8082;9,13,32,30,27,43,24,58,14,10,23,51,29,22,20,17,3,44,33,4,52,35,34,36,8,2,40,7,57,56,45,37,11,46,42,53,25,21,12,55,5,50,18,59,39,54,6,47,49,31,16,15,41,48,1,38,26,19,0,28
83;240;20655;6187;5,52,47,53,19,18,50,45,37,40,29,27,58,1,54,32,33,34,46,26,11,0,43,22,17,57,12,9,23,48,30,7,25,15,56,35,21,4,44,2,36,28,13,59,38,8,14,41,55,49,24,3,6,39,16,51,31,20,10,42
84;238;20059;6652;59,29,24,7,39,17,35,52,30,26,14,54,25,18,6,56,57,33,44,15,32,55,28,36,21,50,0,34,1,40,27,4,51,45,2,46,19,58,48,53,8,37,31,16,20,10,12,43,11,38,9,49,22,41,3,5,23,42,13,47
85;211;17498;5264;8,35,10,1,41,52,13,34,38,49,19,33,3,30,5,54,56,44,27,25,47,57,15,51,14,46,24,16,59,28,12,53,55,7,40,45,36,2,29,21,9,20,43,0,11,31,50,32,37,23,6,39,18,17,58,26,48,22,4,42
86;239;16933;5112;14,19,55,32,8,27,39,51,36,10,38,18,52,57,37,3,43,5,20,54,25,15,56,50,23,35,0,48,30,44,53,9,40,2,33,45,11,13,41,21,24,6,16,47,26,46,49,29,28,58,4,17,42,34,22,59,7,1,31,12
87;233;11560;3678;59,10,58,34,16,6,38,48,23,7,5,41,49,18,26,20,1,13,46,35,51,4,19,50,2,44,3,12,42,57,31,40,54,45,36,28,21,24,29,27,17,55,22,37,9,53,52,43,39,33,8,25,47,32,14,15,11,30,56,0
88;242;20522;6465;18,0,48,19,13,39,7,30,45,42,3,38,16,27,53,8,37,15,14,22,54,17,56,34,32,51,58,59,49,55,11,29,20,25,23,33,44,12,47,46,52,50,2,57,31,36,4,26,5,10,21,40,1,6,43,24,28,35,41,9
89;239;15733;4703;14,28,10,32,18,4,47,0,23,16,33,1,26,35,40,15,52,22,46,6,19,25,12,59,44,20,36,48,50,56,17,38,30,57,9,8,34,37,31,54,45,27,41,58,2,7,24,43,49,29,5,21,39,42,51,3,13,55,11,53
90;225;17388;5684;59,7,1,16,9,51,3,52,25,2,4,33,19,40,27,46,17,35,30,57,54,15,10,31,43,41,6,37,22,45,50,49,29,5,14,18,38,12,28,23,21,58,39,24,42,56,53,32,48,8,47,13,34,11,55,36,44,20,26,0
91;244;14525;4660;33,14,23,30,53,40,39,22,20,38,9,58,15,57,13,7,59,48,31,6,10,35,27,34,36,49,41,18,54,8,2,26,32,55,12,17,45,46,3,19,21,44,25,29,0,51,42,28,52,16,56,5,1,47,50,37,43,4,24,11
92;255;23060;6972;53,32,47,20,25,42,50,14,36,22,5,21,56,8,29,19,9,55,16,46,10,2,52,28,40,1,35,41,31,37,15,0,12,39,34,13,3,30,58,17,57,23,51,45,33,6,38,11,4,59,24,18,48,7,49,27,43,54,26,44
93;222;8299;2601;44,43,14,52,54,9,45,37,16,58,30,48,51,33,0,49,6,25,24,12,29,42,19,35,21,27,2,56,20,15,46,50,1,38,13,59,53,18,22,39,17,28,23,26,31,3,57,32,7,36,47,5,40,55,11,4,41,8,34,10
94;234;13437;4715;15,19,38,44,8,13,4,48,27,20,23,16,10,57,49,7,33,30,12,21,22,46,58,34,43,42,17,35,26,32,14,40,25,9,53,36,18,45,41,3,29,31,54,24,5,11,56,37,6,1,52,2,28,55,51,47,59,39,50,0
95;221;7757;2491;11,16,8,14,10,23,46,5,27,1,57,25,29,19,34,21,43,54,42,18,32,33,59,58,50,45,26,17,35,37,31,22,56,12,48,3,38,7,13,0,36,47,44,51,2,40,15,20,4,39,6,55,52,53,28,9,24,30,49,41
96;234;20807;6158;31,26,2,7,54,56,1,49,24,25,27,51,55,39,58,38,37,35,15,8,20,19,4,17,44,36,14,18,57,29,40,34,6,48,42,45,12,5,22,59,33,47,50,3,52,46,16,32,10,11,28,13,21,30,9,53,43,23,0,41
97;224;19476;6456;41,25,50,2,59,1,24,12,30,37,43,42,48,46,22,32,6,44,56,26,40,3,9,39,28,55,31,47,7,58,21,27,34,57,49,45,17,23,10,14,4,53,15,11,18,13,0,29,35,38,52,33,54,36,20,19,16,5,8,51
98;232;18404;5572;19,42,59,56,41,34,6,48,23,20,27,44,18,30,36,2,8,24,10,4,52,5,49,16,3,32,40,50,31,57,33,26,55,46,22,13,14,21,37,9,39,51,7,53,45,1,47,58,43,17,0,25,35,38,54,12,28,15,11,29
99;232;17493;5167;43,59,37,6,8,7,20,53,42,31,51,11,29,25,14,40,45,32,21,49,9,3,30,52,58,26,55,1,2,28,27,34,57,41,39,12,50,33,22,13,24,44,5,48,18,10,23,0,4,56,46,15,35,38,16,47,17,36,19,54
100;218;13793;4649;33,59,38,42,3,41,48,53,46,47,10,4,55,7,12,34,14,57,35,26,9,50,23,31,58,22,27,24,2,52,21,37,49,13,39,45,0,25,56,51,54,8,19,36,11,44,43,40,29,5,6,15,30,18,20,28,1,16,32,17
101;226;16916;5364;37,48,56,8,6,35,40,23,58,36,7,53,18,5,57,17,1,26,33,44,19,28,45,50,4,10,43,49,12,41,24,11,20,34,25,9,54,42,39,2,55,29,27,13,21,52,15,16,3,38,30,31,32,59,14,51,46,47,0,22
102;208;15219;4507;55,26,44,12,54,47,1,57,50,46,0,10,15,6,27,7,53,58,35,14,41,36,11,45,39,18,3,52,38,24,30,22,56,42,19,8,51,25,59,23,33,34,2,37,48,16,17,32,5,43,40,13,4,49,28,21,29,31,9,20
103;226;10546;3373;4,10,58,24,15,46,9,25,39,5,8,36,47,13,17,52,20,37,31,59,18,48,41,3,53,22,51,11,26,43,0,40,45,14,2,6,30,35,23,21,44,56,19,42,12,32,33,50,27,1,55,49,54,7,38,34,28,57,16,29
104;242;19536;6506;35,29,27,26,49,47,5,52,3,42,56,17,53,18,33,0,37,50,10,46,34,22,41,24,2,31,30,44,48,38,1,13,51,9,19,59,12,54,7,39,16,21,14,28,4,43,8,11,6,45,36,23,40,15,58,32,25,55,57,20
105;249;26630;7652;6,20,38,35,51,21,49,31,17,34,59,57,12,42,23,32,26,27,16,56,40,28,8,45,15,1,3,39,47,44,36,22,41,0,9,25,53,5,4,33,11,43,18,37,58,50,46,2,14,30,29,13,10,24,52,55,48,7,19,54
106;240;11806;4210;42,20,14,17,40,45,23,27,2,41,12,7,22,25,1,48,16,6,49,37,5,13,46,53,32,24,36,3,8,18,50,55,54,15,26,31,39,51,11,57,35,19,56,38,30,43,58,4,28,21,0,33,47,29,9,10,59,44,34,52
107;210;10541;3305;30,1,46,58,10,49,16,44,45,20,33,43,2,9,3,48,7,37,27,59,22,17,52,11,41,23,51,8,36,26,24,5,39,19,54,15,42,53,55,50,56,12,47,34,6,14,18,32,57,0,38,4,29,31,25,28,21,13,40,35
108;246;23440;6966;9,56,53,20,33,57,47,51,36,24,7,17,32,1,34,37,22,59,50,5,19,31,10,12,27,11,55,38,58,40,18,48,52,49,29,8,23,26,28,25,46,54,16,13,4,0,30,41,14,15,44,6,42,3,39,45,35,21,43,2
109;272;44607;13191;57,53,39,22,41,19,35,11,36,46,15,51,28,18,5,34,25,26,33,45,32,12,40,54,52,43,37,23,49,9,21,13,0,4,42,55,16,20,44,56,27,2,29,10,59,1,30,3,47,8,17,7,38,48,31,6,58,14,24,50
110;229;19176;5699;20,9,34,1,32,21,5,46,2,11,23,6,59,33,38,27,25,58,52,14,41,37,19,29,49,42,3,30,8,55,40,7,50,54,31,48,47,10,15,36,45,12,43,35,17,26,57,0,16,44,39,4,18,28,13,51,56,53,22,24
111;244;18813;6485;9,54,41,20,4,46,56,3,50,11,42,34,26,40,43,48,24,37,28,55,18,21,52,8,31,44,45,17,13,19,33,59,2,10,38,12,30,58,39,25,53,35,16,49,0,51,15,32,7,57,23,36,6,14,22,27,5,1,29,47
112;242;21113;6241;22,6,38,42,25,13,53,27,47,37,9,23,19,8,21,30,12,24,48,44,33,17,32,34,29,57,43,0,11,36,31,49,52,20,14,45,55,4,3,15,7,58,50,1,54,18,5,10,2,39,59,16,56,46,26,35,51,40,41,28
113;239;14639;4381;41,24,53,37,32,9,47,1,17,0,2,28,26,22,57,11,25,52,21,43,10,19,16,6,4,30,35,13,39,29,15,7,8,44,14,58,27,12,23,54,36,38,5,46,33,51,45,40,31,42,18,34,48,59,49,50,55,20,56,3
114;213;10821;4160;36,28,2,22,49,12,57,17,21,29,13,35,6,10,48,11,14,41,39,8,7,44,37,27,34,26,30,1,32,58,31,3,42,16,4,59,23,45,20,38,47,18,51,55,0,33,52,15,53,9,50,5,25,24,46,43,40,56,19,54
115;219;17111;5115;6,10,50,14,18,5,11,42,17,9,55,49,51,16,28,31,54,37,21,25,39,26,24,46,13,1,45,57,33,44,7,27,4,47,12,59,23,30,19,36,2,38,8,48,58,56,41,29,40,22,34,53,52,15,32,0,43,35,20,3
116;226;13074;3953;24,53,32,10,35,52,51,43,39,25,16,11,9,42,44,37,28,59,54,33,56,15,41,18,7,34,20,17,31,5,26,23,6,50,1,46,47,0,22,36,29,8,48,14,12,49,13,21,58,38,2,57,40,30,27,55,19,45,4,3
117;253;27877;8678;10,44,54,39,25,0,16,19,50,34,1,45,37,51,18,6,29,43,8,55,20,40,30,4,31,23,35,42,59,48,3,57,58,12,46,24,21,49,2,13,27,52,11,15,32,28,9,41,33,56,7,26,22,53,5,17,47,38,36,14
118;228;22599;6683;44,42,36,49,17,51,46,7,35,20,9,6,13,45,12,15,59,53,30,31,24,27,47,18,25,50,3,14,37,43,39,56,19,2,23,52,21,4,34,54,33,22,41,16,5,32,48,28,57,58,8,38,1,10,29,0,40,55,26,11
119;230;12977;3954;33,36,50,10,11,25,31,21,45,6,24,34,4,40,53,56,15,48,9,38,1,20,58,23,39,16,54,5,49,41,13,14,52,8,30,59,27,3,32,7,2,35,28,47,29,44,46,26,57,37,51,18,0,55,19,22,12,43,42,17
120;251;19217;6279;46,25,39,48,32,7,5,51,18,17,31,41,8,33,53,20,36,14,9,15,42,38,29,49,45,1,37,30,50,47,59,2,56,21,35,12,3,43,34,54,44,19,40,27,22,6,16,10,23,26,52,11,58,13,0,24,55,57,28,4
121;246;21975;6577;48,43,14,0,3,12,18,54,38,1,23,11,53,44,34,49,16,39,58,13,56,7,29,6,45,50,42,37,57,32,46,25,4,27,31,21,26,36,15,33,35,19,10,59,47,20,17,52,30,22,51,8,5,28,40,55,9,2,41,24
122;272;46231;13840;1,32,50,58,3,23,12,56,30,6,15,24,26,41,54,55,19,43,33,46,37,42,4,44,28,25,35,51,34,59,13,22,27,8,21,16,29,48,38,39,9,45,40,11,14,20,49,10,5,7,17,0,52,53,36,18,57,2,31,47
123;213;8828;2748;44,25,41,1,11,14,42,28,49,9,15,32,20,52,22,58,3,46,26,8,10,53,56,29,7,34,18,48,43,6,38,31,45,33,39,37,2,36,13,30,47,27,59,54,16,40,4,24,17,51,21,57,35,23,12,5,55,19,0,50
124;222;13737;4438;33,37,20,8,19,0,58,51,38,1,25,50,18,55,39,15,11,46,53,26,22,54,56,35,57,27,43,31,59,41,52,21,42,5,29,9,36,6,12,44,40,2,24,10,45,13,14,28,23,7,17,3,49,34,47,30,16,32,48,4
125;234;16658;5131;48,53,19,28,5,15,37,27,8,44,32,59,47,7,13,55,40,20,42,6,41,54,56,9,49,11,46,14,12,34,39,52,50,3,38,45,58,33,26,2,36,43,35,30,22,57,31,10,25,1,21,16,23,0,29,51,24,17,18,4
126;215;12226;3717;51,56,13,58,21,10,29,17,37,30,9,2,20,52,5,23,19,47,7,33,32,14,59,8,1,12,18,3,6,43,25,42,41,26,4,27,15,24,22,48,49,16,50,57,31,54,45,55,39,11,46,36,34,38,40,28,53,0,44,35
127;202;11694;3600;27,56,23,31,36,30,44,7,16,22,9,49,21,0,35,59,54,38,52,15,37,32,41,53,17,24,11,42,58,3,46,55,57,50,19,13,20,45,26,12,14,10,40,6,43,8,25,34,39,5,47,2,28,1,4,51,29,48,18,33
128;227;12427;4288;23,20,5,48,29,56,8,51,13,7,52,2,19,26,49,9,41,36,31,37,32,38,40,57,11,6,46,34,28,3,27,21,17,59,14,45,39,16,0,15,10,55,58,42,53,22,18,54,12,30,33,25,35,24,47,44,4,50,43,1
129;217;17055;5267;42,59,54,24,21,55,13,3,5,15,39,1,2,44,53,10,34,49,32,51,52,43,37,18,8,46,20,36,38,41,7,26,47,28,12,25,23,31,29,27,6,35,50,0,4,14,33,30,22,11,45,16,9,17,58,56,19,57,48,40
130;235;14421;4324;54,11,47,59,21,28,10,13,49,6,43,32,3,18,17,57,27,34,12,40,44,39,20,53,26,38,1,58,9,24,14,5,56,23,42,50,35,52,51,46,4,8,25,36,29,41,15,48,16,2,22,33,30,37,45,0,55,31,7,19
131;224;17326;5259;19,22,6,14,53,44,10,27,25,11,54,39,59,31,30,42,29,43,49,4,32,9,40,0,3,17,28,56,26,16,23,2,48,50,52,36,45,58,5,18,12,13,8,15,51,1,7,37,47,41,57,24,35,33,46,34,38,21,55,20
132;228;13358;4475;52,1,37,22,20,7,55,54,45,32,27,24,6,36,10,16,3,9,14,13,11,17,51,57,42,43,15,41,18,28,38,58,47,25,49,56,50,23,40,39,59,35,4,46,19,30,34,29,5,21,33,8,44,48,2,12,53,31,26,0
133;219;12016;3690;22,19,51,27,29,59,9,8,16,58,17,33,12,1,43,40,15,39,54,57,53,38,52,44,42,23,18,3,49,45,13,28,5,7,11,14,50,32,10,36,2,21,20,25,46,55,0,26,31,48,35,4,34,47,24,41,30,6,37,56
134;235;13998;4139;6,11,33,3,53,34,31,47,46,52,21,41,19,54,48,0,44,20,4,27,57,17,32,39,37,55,13,56,45,24,9,58,22,25,18,36,23,1,28,12,7,42,40,50,51,30,2,59,35,43,38,10,15,5,29,14,16,49,26,8
135;220;9860;3223;29,34,42,0,13,48,1,3,15,40,41,28,43,30,38,59,51,44,49,4,26,21,35,8,37,31,18,57,11,46,36,14,47,50,23,58,53,7,5,19,17,16,2,6,25,52,55,9,32,45,24,56,22,39,12,10,33,27,54,20
136;225;11482;4339;11,59,6,56,53,7,48,51,33,31,18,12,45,13,16,2,39,52,21,19,44,34,43,29,55,1,27,49,57,32,8,41,37,20,38,5,54,25,58,50,35,47,24,36,4,14,3,22,9,42,30,15,40,26,28,46,17,23,0,10
137;236;20646;6304;47,37,39,36,46,4,38,11,53,45,56,12,52,49,15,42,41,51,33,30,22,54,35,58,27,31,5,17,24,32,10,50,1,2,8,57,26,13,0,25,7,59,6,9,20,48,18,29,40,43,44,3,34,14,23,16,28,21,55,19
138;243;17418;5106;37,11,36,49,42,46,34,58,17,6,40,26,16,55,19,8,2,41,28,30,32,3,12,45,9,44,10,38,57,53,23,25,56,48,33,7,21,31,5,52,14,35,50,59,18,27,4,20,51,0,54,24,43,39,15,22,13,29,47,1
139;235;15863;5430;40,16,57,17,39,50,32,35,18,43,26,31,41,21,44,6,30,5,53,33,0,45,29,4,49,13,58,54,38,25,23,24,36,7,15,42,2,9,3,46,10,22,28,52,14,8,27,34,55,20,48,37,11,1,19,59,51,12,56,47
140;237;17334;5082;32,27,9,19,10,55,6,48,8,59,41,38,44,49,50,58,11,20,28,0,54,46,21,2,37,14,13,30,31,25,45,4,24,36,26,1,12,56,33,23,5,22,57,42,7,16,35,3,43,40,47,52,51,17,53,39,34,15,18,29
141;236;11385;3512;8,29,37,41,53,23,42,1,12,17,18,20,51,25,59,15,45,58,34,52,19,16,32,47,24,46,33,44,3,0,4,43,54,28,21,36,5,2,26,7,9,48,14,27,6,11,30,22,39,31,38,49,40,55,13,57,50,35,56,10
142;223;9512;3113;22,10,50,53,23,16,15,21,7,0,58,36,56,12,35,4,25,48,17,32,51,1,44,11,24,34,13,39,57,41,14,20,8,40,45,33,52,31,19,46,27,2,47,9,18,38,26,55,3,37,30,28,43,5,29,54,49,42,59,6
143;261;22685;7316;49,7,16,48,43,40,57,42,59,14,54,26,22,38,4,28,6,30,39,47,41,23,25,8,1,55,56,19,15,32,17,18,0,35,13,58,34,29,51,33,36,45,52,31,12,44,2,27,24,46,5,21,9,37,11,10,3,50,20,53
144;225;13854;4169;55,10,37,22,1,31,14,45,33,9,20,6,32,16,54,43,27,25,30,48,19,50,47,28,12,52,51,46,13,56,23,41,42,18,38,15,59,17,24,2,36,7,3,44,39,40,4,8,49,34,57,5,58,35,29,0,21,26,11,53
145;241;17052;5245;43,4,42,48,9,49,3,7,36,0,21,12,22,28,19,10,34,52,54,30,56,45,35,13,15,39,29,20,46,32,18,37,26,14,24,50,23,33,59,5,27,11,31,55,8,53,38,47,16,41,1,25,40,2,51,6,58,17,57,44
146;251;15668;5107;53,42,36,1,43,7,45,26,56,37,49,22,57,32,25,54,40,58,24,31,44,19,28,15,33,9,41,55,4,17,35,18,11,50,6,13,46,48,2,30,23,29,27,10,12,39,38,5,8,47,3,59,51,0,34,21,16,14,20,52
147;240;14564;4287;46,10,9,20,44,26,38,51,53,22,40,41,37,16,11,48,28,14,42,58,1,31,3,54,15,59,30,6,12,47,43,55,21,17,35,33,23,45,24,0,13,49,34,4,32,39,50,19,7,18,5,25,56,27,8,57,29,36,52,2
148;217;11727;3664;16,3,30,54,18,5,4,23,17,44,33,52,29,27,37,26,19,39,14,32,22,8,40,50,55,46,38,42,59,48,13,25,56,15,58,45,24,31,20,43,47,10,7,2,9,12,36,51,35,49,21,41,57,34,6,0,11,53,28,1
149;216;12102;4445;43,22,46,38,52,23,54,53,39,9,48,36,58,28,42,55,59,11,51,5,19,49,34,57,3,10,45,35,47,16,27,21,26,14,24,4,1,30,12,13,7,17,41,2,8,25,31,32,6,29,18,33,40,50,44,0,20,15,56,37
150;226;12074;3867;3,40,1,43,29,55,37,46,24,51,32,59,34,6,12,36,7,49,9,17,35,4,54,15,13,26,58,42,23,27,57,56,45,22,50,47,44,38,52,21,8,53,39,41,5,30,0,2,16,19,33,11,28,14,25,10,20,31,48,18
151;230;12865;4051;29,34,42,20,32,55,49,27,13,0,52,39,56,30,10,24,48,33,57,35,9,18,38,11,7,1,46,58,59,4,45,19,47,6,5,31,17,53,44,50,16,26,2,3,14,36,51,21,23,12,41,8,28,43,25,37,22,15,54,40
152;256;23255;7018;26,7,52,50,58,8,3,24,42,10,22,23,39,2,20,11,6,47,27,38,43,13,25,31,56,35,44,55,51,46,36,33,0,54,40,57,4,48,30,21,29,15,9,16,32,41,17,28,45,59,49,14,18,37,19,12,34,5,53,1
153;243;20266;6211;19,1,9,32,21,30,29,22,13,33,53,26,43,55,49,11,3,44,54,8,16,38,40,7,15,37,4,17,34,6,42,48,28,41,5,36,25,2,31,39,51,20,35,46,10,56,14,47,23,0,59,27,18,12,57,58,52,45,24,50
154;210;11398;3421;26,49,52,28,4,3,50,12,18,43,2,45,6,46,7,40,42,24,29,0,56,39,57,54,10,58,1,8,5,51,11,14,16,31,9,23,34,35,19,21,25,36,55,13,48,22,38,44,17,15,30,20,32,47,41,27,33,59,53,37
155;247;10055;3084;4,1,21,11,47,34,14,3,13,22,52,25,42,55,36,54,46,10,6,41,28,33,35,48,15,37,50,49,51,32,59,44,2,9,31,57,58,12,56,38,24,16,5,53,30,40,8,27,7,23,18,39,43,26,29,19,0,45,17,20
156;245;19805;6567;45,0,6,59,2,13,43,55,27,23,15,24,18,48,38,49,25,56,17,58,32,8,9,21,41,52,47,10,44,42,11,28,26,1,5,3,12,7,20,54,36,16,30,35,51,46,19,14,37,31,4,39,29,33,50,34,40,53,57,22
157;223;13157;4150;7,41,1,20,48,28,22,24,53,23,45,3,46,39,21,42,49,40,52,0,11,18,8,57,12,9,58,6,25,35,54,34,16,13,4,33,2,15,17,56,30,29,37,10,14,59,55,32,50,51,36,47,38,5,19,31,26,27,43,44
158;228;14693;6130;7,15,39,47,54,34,40,19,50,20,17,42,44,45,9,5,41,52,37,30,58,6,57,0,12,55,8,21,31,32,33,23,24,14,4,35,1,59,26,46,3,28,48,43,11,49,53,29,2,10,13,36,18,16,22,56,27,25,51,38
159;221;12250;4411;53,39,6,34,7,36,26,46,57,48,20,2,43,24,56,54,5,52,10,47,32,19,55,29,3,11,4,16,28,42,27,23,8,33,13,15,59,41,21,38,9,25,12,14,35,30,37,0,45,50,58,1,51,49,17,44,40,18,31,22
160;240;30197;8683;34,44,26,41,16,52,7,54,8,22,33,0,4,40,5,58,57,36,29,9,49,23,43,53,30,32,59,3,31,35,24,45,19,14,50,17,27,1,25,13,2,55,10,37,38,20,21,51,15,48,39,56,6,11,42,28,18,46,47,12
161;226;12098;3673;30,55,44,46,24,2,51,49,54,16,38,47,9,10,19,28,56,20,43,12,40,36,22,45,48,7,18,15,52,17,11,59,21,0,37,8,13,23,39,33,6,42,29,31,50,57,5,26,41,14,25,4,34,27,32,53,3,35,1,58
162;213;16250;6522;50,55,23,58,15,47,22,12,48,42,56,46,53,4,32,5,35,19,41,6,11,0,39,59,13,7,17,31,18,9,24,20,34,36,43,2,54,40,38,33,1,21,26,45,52,44,25,27,57,28,51,8,3,14,16,49,10,29,30,37
163;239;14968;4748;56,1,17,12,27,11,55,6,2,49,41,44,9,0,20,35,3,8,34,50,43,28,32,37,48,47,7,22,33,29,54,46,52,31,30,23,42,21,36,24,40,26,57,39,4,25,13,51,5,58,53,16,19,14,38,18,15,59,10,45
164;229;14431;4514;25,17,6,32,0,16,28,55,12,21,53,52,31,45,4,2,19,46,23,30,11,33,58,37,59,9,20,3,29,40,7,34,42,51,38,27,35,57,10,49,54,13,8,41,22,56,14,5,18,39,48,36,24,47,1,50,15,26,43,44
165;239;21877;8707;26,40,4,41,53,22,52,58,37,18,51,3,0,55,19,9,25,35,42,13,49,6,11,12,32,47,29,31,8,24,43,20,57,44,16,36,27,5,7,23,17,21,54,34,15,30,14,56,45,46,33,39,10,38,28,48,59,2,50,1
166;200;8099;2524;7,53,48,22,17,20,50,10,39,30,14,41,34,58,43,42,11,33,28,13,0,59,56,21,19,55,18,45,8,47,15,1,57,24,49,27,38,36,32,40,31,2,26,5,6,54,35,4,3,23,37,46,9,25,52,12,44,16,29,51
167;261;28427;8930;18,34,37,26,43,21,5,16,9,2,56,17,7,52,41,28,14,10,27,59,35,11,0,47,4,48,19,45,39,6,15,38,24,42,25,46,44,20,29,33,51,49,22,31,50,32,12,40,30,36,57,54,23,55,3,8,13,53,1,58
168;253;31317;9385;17,44,28,49,53,8,6,59,51,42,56,11,45,20,10,27,48,30,41,47,19,2,16,7,29,15,9,5,46,24,35,40,12,50,36,14,23,3,31,39,13,25,21,54,32,4,33,37,38,1,34,0,58,22,26,52,18,55,57,43
169;241;24856;8264;2,43,17,34,14,38,58,51,15,18,0,59,48,20,29,50,25,36,24,1,30,49,19,46,3,41,9,28,45,12,5,55,31,6,56,21,8,10,57,4,33,27,44,22,32,42,52,23,54,37,16,13,53,26,35,11,7,39,47,40
170;261;22619;6864;32,9,13,46,47,57,17,33,4,27,34,52,49,2,48,56,40,10,28,41,0,42,19,15,51,23,21,55,1,26,38,36,18,22,31,59,3,54,43,50,6,12,24,7,58,8,35,37,5,20,30,16,25,39,14,29,53,44,11,45
171;231;11439;3454;10,35,30,49,46,36,38,16,13,1,53,57,15,27,11,17,24,28,26,50,20,55,32,42,23,59,6,2,54,44,47,5,58,43,8,21,18,52,4,12,51,37,34,7,19,40,33,39,31,0,25,45,41,9,3,14,29,48,22,56
172;234;13629;5734;55,48,26,57,4,32,0,13,30,37,17,35,40,20,49,39,59,36,44,24,12,52,47,51,16,6,41,9,10,19,23,11,2,15,18,54,31,1,38,56,50,25,27,5,46,43,7,8,29,28,3,33,45,21,53,42,58,14,22,34
173;222;13541;4263;10,29,0,3,33,1,52,46,11,12,39,41,57,2,19,8,13,55,28,16,6,49,9,20,31,47,36,59,15,18,35,37,56,7,22,5,45,43,27,51,54,50,44,40,25,17,34,42,4,58,23,14,53,48,30,21,26,38,32,24
174;245;33790;11159;31,11,45,20,53,16,37,9,51,19,58,41,29,52,46,55,48,30,18,39,36,15,59,40,5,27,38,22,34,56,33,43,25,2,42,47,57,13,49,35,26,14,28,21,4,10,7,8,17,44,3,6,24,0,1,50,32,54,12,23
175;245;27654;8104;52,7,27,15,53,25,31,5,46,26,32,12,39,44,14,13,21,38,56,19,57,30,51,49,43,9,16,55,34,18,0,22,48,10,33,23,24,1,29,36,8,40,20,54,11,47,45,58,4,37,17,59,41,3,50,6,35,2,28,42
176;246;17121;5370;4,11,42,6,20,3,44,14,36,47,54,10,33,41,27,53,59,25,55,50,49,12,30,24,5,28,1,43,0,29,7,23,46,8,18,21,35,31,16,56,57,40,22,9,48,32,34,52,51,17,15,2,58,38,19,13,37,45,26,39
177;233;24715;7802;30,11,0,38,6,3,24,23,9,56,2,17,5,4,33,15,53,50,21,47,19,34,59,42,44,55,35,29,32,48,45,58,37,51,46,36,12,14,41,7,16,13,22,54,52,20,8,25,18,26,1,49,28,27,40,43,10,39,57,31
178;212;15845;4699;21,55,58,10,7,6,47,1,48,39,24,32,35,27,4,37,2,23,15,53,34,43,40,33,14,11,56,16,50,5,20,36,44,38,46,51,49,17,59,26,42,18,3,8,19,9,54,12,25,0,31,13,57,30,29,41,52,45,22,28
179;232;16075;5719;27,11,8,43,34,7,30,57,23,14,54,32,19,39,13,25,56,22,26,35,16,51,50,42,38,59,5,1,0,29,3,41,20,45,18,15,49,46,6,31,37,53,24,36,12,10,52,9,48,55,58,4,17,47,33,2,28,44,40,21
180;241;24762;8555;40,43,13,55,32,18,7,39,29,58,12,54,2,20,1,57,3,6,28,22,56,15,46,4,31,25,0,30,45,37,8,14,19,38,17,23,47,34,9,33,53,11,10,24,16,59,42,52,21,44,35,49,26,50,48,5,36,51,41,27
181;245;21701;6524;40,47,17,54,29,10,6,16,14,20,43,50,48,49,27,26,19,8,37,1,24,58,33,38,41,56,46,25,51,2,39,34,18,12,13,36,44,7,22,28,3,42,59,55,52,32,11,4,35,53,45,23,21,31,57,9,15,0,30,5
182;221;17780;5587;31,43,17,59,5,34,0,12,47,29,18,16,53,45,57,30,41,35,25,24,26,11,32,6,7,27,28,3,38,44,23,56,19,55,21,37,40,48,10,46,13,54,14,39,50,49,20,1,42,36,15,33,22,8,51,4,58,52,9,2
183;240;18425;5562;2,27,36,32,22,58,47,16,55,30,18,48,13,40,5,14,45,8,25,1,19,41,9,3,0,50,37,26,46,17,23,28,49,15,11,38,24,53,39,31,34,4,6,42,29,33,12,56,54,57,21,51,20,10,44,59,7,52,35,43
184;210;14051;4225;0,12,39,22,8,31,1,19,30,32,5,41,42,9,53,51,33,50,14,6,2,18,10,17,7,34,56,23,47,57,45,35,3,24,26,25,4,21,48,58,27,15,40,20,44,49,36,59,46,16,54,11,13,37,43,28,55,38,29,52
185;213;16149;5148;14,40,55,22,6,29,57,41,51,47,52,33,8,17,1,35,20,9,50,38,16,42,3,48,25,45,30,11,34,21,49,58,7,37,39,24,36,18,53,46,4,19,10,43,15,59,27,44,32,56,12,23,28,2,13,5,31,0,26,54
186;223;13353;4080;46,32,17,40,7,36,0,57,50,11,43,16,28,1,24,42,31,21,27,45,41,23,56,20,2,13,59,4,44,34,53,19,33,25,48,15,29,37,47,30,58,22,35,55,54,51,6,49,5,39,8,14,26,9,38,18,12,3,10,52
187;239;22614;6733;42,52,54,30,14,9,11,59,36,41,22,31,51,5,49,57,20,37,0,29,4,15,19,1,12,16,21,35,34,40,27,6,32,50,3,25,53,10,43,55,46,38,8,48,13,44,17,58,39,33,2,56,24,7,47,18,45,23,26,28
188;228;12595;4057;29,56,25,50,30,22,13,24,59,44,38,55,11,48,18,1,42,35,39,26,28,27,40,0,37,47,10,36,15,6,7,51,17,53,52,49,5,43,41,2,14,54,9,3,58,16,23,34,20,12,33,4,57,46,8,21,31,45,32,19
189;231;15724;4812;29,10,35,18,48,40,22,23,25,16,2,11,24,32,15,38,33,26,1,28,12,8,57,58,19,30,4,14,59,45,17,47,44,3,31,39,51,46,41,13,55,56,20,7,27,0,53,52,36,34,6,5,21,54,50,42,43,9,37,49
190;236;28921;8946;14,9,54,17,46,55,49,3,15,24,7,19,38,25,56,37,2,0,43,12,27,21,29,42,41,53,10,26,58,52,18,11,59,47,4,23,28,57,35,13,39,6,30,20,40,50,5,32,31,44,51,22,45,36,33,48,34,8,16,1
191;223;16130;4798;9,6,12,33,42,36,59,53,50,22,51,37,23,0,11,17,24,18,4,54,20,10,28,52,19,55,8,5,58,41,15,47,43,2,48,21,7,1,56,25,31,57,46,27,3,16,38,26,39,40,13,44,29,30,49,45,34,14,35,32
192;226;19177;5837;45,43,22,20,34,39,6,54,30,13,33,14,42,5,59,3,32,28,0,7,19,1,35,50,8,37,24,38,46,40,27,26,55,49,23,18,10,57,51,47,12,36,31,16,53,15,21,58,44,4,2,52,11,25,48,9,56,17,29,41
193;224;15710;4600;48,58,43,32,6,37,1,24,15,44,13,56,30,22,57,3,55,45,18,4,19,59,41,52,11,40,49,17,9,28,8,54,10,21,27,2,38,51,0,47,16,35,5,46,33,53,31,20,50,12,42,14,26,7,23,25,34,36,29,39
194;227;15046;4508;52,42,59,53,22,44,43,17,8,47,16,41,34,32,56,27,12,11,55,3,26,2,58,33,38,9,50,30,31,37,28,48,35,7,13,54,36,57,46,1,25,45,40,10,0,5,6,24,23,18,15,39,29,21,4,14,19,49,20,51
195;213;17868;5407;54,27,44,0,47,46,48,36,33,37,23,3,34,18,50,21,32,15,25,42,26,12,55,16,53,57,10,30,6,45,58,40,28,11,19,1,13,43,56,20,35,51,24,4,8,29,5,22,31,2,38,39,7,49,41,17,9,14,52,59
196;219;12387;3969;30,24,32,58,56,26,6,51,5,9,22,36,38,27,43,7,53,45,17,1,57,42,11,33,40,37,52,31,21,41,50,18,44,4,2,23,0,14,54,3,28,48,13,35,12,47,16,25,55,19,39,15,20,10,34,46,29,8,49,59
197;219;12236;4312;50,32,33,39,46,44,18,51,37,30,9,17,28,40,57,49,7,35,16,13,58,52,31,19,21,0,59,10,2,12,54,1,26,55,24,20,4,43,41,45,23,36,6,8,3,56,15,11,47,27,38,25,48,5,42,14,53,29,34,22
198;240;19440;5792;2,44,55,20,12,10,7,15,23,46,30,53,32,56,52,28,48,37,13,47,27,31,50,8,26,9,41,18,21,43,38,33,35,36,25,45,17,5,22,1,42,24,51,39,11,19,59,40,58,29,57,49,34,54,14,3,0,16,4,6
199;238;12710;3784;48,39,53,6,32,27,22,9,25,10,15,23,34,47,0,7,52,1,40,50,41,16,19,49,58,35,20,28,45,11,26,30,56,46,31,38,14,21,2,33,59,8,12,55,5,51,57,3,17,13,4,54,44,18,29,24,37,43,42,36
200;239;16517;5468;42,47,46,17,19,33,38,7,57,55,56,49,28,53,48,37,43,0,35,34,16,2,32,50,21,3,1,5,52,45,15,4,11,10,23,58,39,41,13,51,27,20,59,31,36,22,18,26,12,40,8,9,24,30,29,25,54,14,6,44
201;251;19381;6284;15,50,28,44,52,9,18,27,13,58,53,8,41,35,7,47,43,34,5,46,26,51,0,12,10,54,16,11,14,24,59,22,48,17,6,36,45,38,56,42,29,40,49,1,4,23,37,19,2,55,31,39,32,21,33,57,20,30,3,25
202;227;20338;6120;50,39,30,26,29,45,41,9,33,22,42,38,52,0,51,40,55,44,10,59,49,48,35,3,54,43,6,24,13,19,5,20,12,23,47,4,28,17,37,27,31,32,7,8,15,56,36,34,18,53,21,57,11,25,46,1,16,14,58,2
203;216;10241;3547;27,43,10,32,28,49,17,52,58,42,0,45,24,19,46,12,29,16,18,56,14,22,38,44,5,6,31,2,21,53,15,23,4,51,20,26,13,47,35,50,3,54,40,8,39,30,59,7,57,36,1,37,41,25,48,11,33,55,34,9
204;228;12245;3906;36,31,56,43,7,29,12,23,24,53,18,45,11,54,27,26,14,21,1,28,19,0,17,4,25,16,30,15,9,6,47,52,41,34,39,42,32,10,49,5,55,58,33,40,48,44,38,20,8,22,50,2,13,51,59,35,57,3,46,37
205;224;10615;3298;28,35,53,54,23,41,43,57,15,2,55,42,56,1,30,26,25,59,3,47,11,36,39,31,10,14,12,49,13,24,17,48,38,0,37,46,51,6,29,4,45,9,19,40,44,52,58,34,8,5,7,16,27,18,50,22,32,33,20,21
206;249;12683;3825;26,19,51,30,17,41,47,59,0,35,14,20,37,57,16,18,27,32,12,40,10,23,55,54,29,33,1,25,11,24,42,58,56,46,9,39,45,50,15,8,21,34,7,44,13,2,48,43,49,38,5,36,28,3,6,4,22,31,52,53
207;230;18164;5929;56,43,31,18,22,8,38,12,17,44,10,41,5,20,35,3,59,29,42,53,37,14,11,46,9,26,25,24,57,58,34,6,39,45,0,2,36,51,28,15,1,19,55,4,27,52,49,30,54,7,50,21,40,47,13,23,48,33,16,32
208;238;15956;4743;40,55,50,46,17,58,49,2,23,48,15,43,53,14,7,10,24,51,29,45,6,33,32,25,22,35,9,5,44,4,31,18,41,30,21,1,11,38,19,42,37,34,8,59,12,57,28,52,3,54,47,36,26,13,20,56,27,0,39,16
209;211;15190;4562;48,53,47,38,28,19,45,15,49,54,41,35,4,3,11,7,29,1,16,32,44,42,43,34,8,9,39,21,46,6,0,27,17,37,59,30,33,24,25,12,13,5,40,22,14,58,31,52,23,18,20,50,2,57,26,51,55,36,56,10
210;251;25552;11036;35,51,15,17,54,36,47,37,49,10,4,5,34,28,19,27,29,8,48,9,30,38,16,18,6,39,1,7,46,56,58,25,3,43,14,53,0,33,11,2,21,57,22,20,45,40,23,24,52,50,59,32,42,31,26,12,41,13,55,44
211;247;16078;7634;59,44,42,32,5,33,1,57,17,49,3,6,0,22,23,20,12,58,18,34,27,37,28,11,16,45,41,9,40,52,8,21,4,13,51,15,50,55,56,46,25,14,35,39,10,19,2,48,53,7,38,36,30,29,47,43,54,24,26,31
212;248;21854;10228;59,55,4,48,22,39,8,33,23,19,27,11,18,3,31,13,15,17,58,42,10,53,0,20,44,6,2,51,25,35,21,29,45,41,16,14,52,46,57,47,50,12,32,5,54,37,28,30,36,38,26,40,43,56,49,9,1,7,24,34
213;236;15252;7139;16,44,12,30,19,27,40,23,54,25,24,18,59,42,57,33,48,35,2,55,53,9,37,31,10,15,28,39,58,3,13,22,43,46,38,34,14,49,50,36,52,6,7,45,11,4,20,32,21,51,1,41,17,47,5,8,26,56,0,29
214;245;19667;9138;38,47,42,32,22,51,7,45,15,9,58,39,26,27,23,55,8,36,25,2,28,5,10,1,0,19,4,49,13,44,24,21,56,52,30,11,16,53,48,31,17,12,40,18,14,34,29,43,33,46,37,57,20,6,59,3,50,35,41,54
215;230;14648;7247;5,12,20,59,37,10,3,21,53,32,45,39,19,35,24,51,34,11,31,6,44,25,22,13,8,50,2,47,26,56,57,33,14,27,46,54,36,16,1,23,43,38,52,49,15,41,48,55,4,18,42,30,0,58,28,17,9,7,29,40
216;236;20965;10563;13,17,45,31,37,5,8,20,16,52,36,0,58,1,49,10,27,12,48,50,32,14,19,2,42,59,22,53,46,18,15,21,44,34,54,57,25,23,43,29,26,51,40,55,39,56,41,24,47,38,7,33,4,35,11,30,9,28,6,3
217;215;20538;10634;31,43,55,41,38,52,44,35,40,22,7,20,18,42,56,28,36,0,58,24,9,34,57,14,50,37,16,47,15,10,21,19,4,46,13,11,17,33,25,59,8,51,6,2,3,29,45,26,5,12,23,49,32,30,54,48,39,1,27,53
218;230;16783;8958;4,19,21,48,12,36,3,47,46,2,20,8,29,9,32,40,7,58,41,22,30,28,18,52,24,39,49,1,17,54,5,43,11,33,57,31,23,14,26,13,38,16,53,45,42,37,27,0,34,35,25,59,51,15,50,44,56,10,6,55
219;226;13993;7422;2,21,6,20,42,13,36,54,27,26,4,17,59,28,25,3,33,31,1,15,22,24,58,11,48,51,55,39,37,16,5,44,56,49,19,46,12,10,29,7,45,52,30,57,8,14,18,32,23,40,47,34,9,0,41,50,53,38,43,35
220;234;18584;9776;33,35,9,45,48,21,1,23,2,41,42,22,5,13,29,54,18,46,34,49,30,24,20,14,59,40,26,53,57,28,7,51,11,12,15,50,25,3,56,31,47,4,55,38,17,44,16,0,27,32,39,58,36,8,37,19,43,10,6,52
221;233;17537;9161;41,32,17,54,38,42,22,9,1,51,8,18,58,28,6,37,46,3,4,35,26,11,10,40,49,15,0,27,30,57,53,52,34,44,36,14,16,31,39,59,25,12,24,50,23,47,56,43,48,33,45,13,55,5,29,19,21,7,20,2
222;253;23109;11752;15,35,33,54,30,49,50,17,18,29,51,55,52,47,40,11,26,7,53,46,0,2,41,36,56,28,23,19,31,44,14,13,34,12,45,21,16,1,3,5,20,4,25,22,10,37,38,43,58,6,59,27,48,32,57,24,9,8,42,39
223;224;16855;9687;46,34,43,29,11,28,51,50,31,32,8,39,16,45,57,30,56,24,58,3,47,5,13,18,40,44,59,41,14,52,54,27,37,48,7,17,35,0,10,53,55,1,22,4,21,49,42,20,2,12,15,36,6,33,19,9,25,38,26,23
224;239;11007;5112;27,24,8,11,47,30,7,40,29,5,57,26,18,58,36,56,9,33,21,13,42,54,1,59,32,22,19,49,39,52,48,43,37,23,17,31,12,4,34,35,45,41,44,46,16,10,53,20,2,51,38,15,28,6,50,55,25,3,0,14
225;224;14827;10460;21,27,51,0,56,9,19,18,33,37,46,48,4,31,30,12,59,50,26,45,10,32,41,29,6,57,20,52,54,17,34,25,42,7,47,53,43,28,11,15,5,13,49,2,24,3,23,40,55,38,8,58,14,44,1,39,16,35,22,36
226;250;17115;11193;54,32,33,44,19,48,31,7,23,16,20,11,53,21,18,39,40,36,15,55,57,38,14,3,10,29,41,0,50,22,35,56,25,43,46,45,1,9,51,47,2,30,26,27,5,6,28,42,8,58,12,4,49,59,37,13,24,17,52,34
227;229;14120;6788;31,16,44,51,13,18,2,3,59,41,48,29,0,37,28,6,11,56,36,58,50,46,47,26,24,38,54,10,45,30,27,20,32,57,4,49,12,14,17,40,9,15,21,39,19,22,33,7,34,53,55,8,1,42,5,52,35,23,43,25
228;240;13782;4096;8,12,30,40,18,1,27,2,55,33,54,5,46,43,45,17,41,26,21,37,16,57,34,58,35,29,56,38,4,39,3,32,50,0,20,31,28,7,52,53,19,25,6,42,51,49,36,24,15,13,59,10,44,14,22,48,11,23,9,47
229;229;9787;3124;48,20,42,46,49,16,22,56,7,8,18,10,24,58,3,40,6,39,36,13,35,23,41,29,45,1,52,51,0,37,2,21,11,53,17,33,38,43,32,14,4,19,15,54,12,59,26,44,27,57,50,5,28,47,55,31,30,34,25,9
230;265;29552;8425;58,32,6,50,46,48,18,24,33,34,52,41,1,42,8,43,19,39,16,17,7,4,5,14,0,11,59,45,56,12,57,38,2,49,30,15,23,27,10,44,9,53,47,35,55,20,37,28,13,3,25,51,36,26,21,29,31,40,22,54
231;249;19092;6282;25,19,28,39,34,57,1,38,15,51,9,30,32,55,58,2,44,8,5,13,6,56,49,40,42,14,24,21,22,33,36,16,37,45,47,4,35,11,26,31,17,20,7,59,53,10,12,43,3,50,54,41,48,18,52,27,46,23,0,29
232;226;11573;3549;16,46,50,39,44,48,37,51,35,19,30,20,12,52,47,32,1,23,5,25,27,15,24,8,14,3,54,0,58,13,9,41,53,45,43,2,42,40,34,36,57,59,29,4,49,26,38,56,31,6,55,11,28,18,33,7,17,21,22,10
233;243;18812;5812;30,32,48,29,10,7,36,55,47,28,8,49,42,50,11,20,59,58,18,12,0,26,43,5,40,25,57,19,51,38,15,35,16,13,39,17,31,27,22,46,14,54,52,3,2,34,45,56,6,4,53,23,37,33,44,21,41,9,1,24
234;205;14902;5125;14,24,4,15,25,3,40,48,35,12,49,54,42,53,57,17,8,34,44,1,41,52,32,58,6,22,33,13,45,56,37,23,9,7,47,27,30,51,11,31,28,50,55,2,38,43,0,10,29,18,20,21,26,59,19,16,46,39,5,36
235;224;14153;4402;17,18,28,0,39,10,32,8,54,27,59,3,42,29,14,6,44,7,22,9,38,52,48,30,46,35,24,58,51,40,4,33,47,56,11,36,55,41,21,25,45,19,49,43,23,37,13,16,15,34,53,31,20,12,50,2,1,26,57,5
236;240;20636;6116;8,43,40,55,9,5,57,3,45,19,12,27,56,47,58,18,28,6,26,16,17,35,36,39,31,49,7,29,1,59,48,25,10,54,30,53,15,34,52,42,2,13,41,21,20,22,51,24,14,37,11,46,4,23,38,33,32,50,0,44
237;244;21379;7152;47,40,27,44,28,14,37,8,35,45,26,39,6,13,59,10,17,30,48,23,56,15,11,29,19,34,33,57,3,20,5,32,58,18,31,2,25,9,0,54,43,12,4,51,7,42,21,46,53,38,41,49,22,50,55,1,16,36,52,24
238;248;17304;5137;36,16,55,29,8,4,13,17,38,58,39,35,26,9,37,5,53,52,30,10,14,56,48,20,6,41,34,15,42,43,51,0,22,50,21,23,3,18,54,12,46,19,44,32,27,33,11,1,57,7,31,59,28,25,49,40,24,2,45,47
239;251;17745;5194;12,26,21,0,11,32,43,22,59,34,23,5,42,49,24,39,25,45,29,8,33,38,37,52,48,35,2,40,58,41,13,17,19,44,53,14,15,3,7,16,55,31,54,10,30,47,46,18,27,50,36,20,51,6,9,28,4,57,1,56
240;250;15747;5254;9,34,5,6,56,40,14,12,11,23,22,15,57,36,21,52,41,46,48,16,32,8,44,18,29,1,26,50,3,37,2,25,33,53,31,13,55,54,47,49,42,58,10,27,19,28,17,20,38,45,59,0,43,7,35,24,30,39,4,51
241;232;18445;5609;10,35,9,56,27,15,38,28,8,52,48,41,22,14,40,42,12,34,18,32,11,16,13,44,37,6,39,30,20,49,59,58,33,36,2,46,50,51,47,0,29,25,31,55,53,19,57,24,17,26,23,21,45,5,4,54,1,7,3,43
242;246;22171;6569;12,46,21,18,37,57,27,25,58,48,42,47,29,49,11,1,2,40,24,55,56,20,43,35,33,53,10,16,14,41,5,36,30,45,51,31,17,44,26,22,7,13,9,4,8,19,50,28,52,0,38,59,6,39,32,23,15,54,34,3
243;236;14548;5179;57,34,27,31,44,22,38,10,35,32,59,41,12,55,7,28,9,16,18,56,6,8,26,21,11,40,42,52,45,19,15,33,43,50,23,54,17,25,49,53,13,24,37,1,2,29,51,3,46,14,4,30,36,58,0,5,39,47,20,48
244;248;22902;6822;53,16,0,48,26,52,13,18,23,40,21,7,1,38,46,17,24,58,9,25,59,54,11,51,49,35,47,15,10,43,36,8,28,33,6,57,34,22,5,55,39,32,56,31,30,45,42,29,12,50,20,4,19,37,41,27,3,14,2,44
245;206;10443;3178;14,28,54,30,3,10,5,38,18,23,21,49,32,44,35,25,46,8,9,55,0,56,47,39,13,41,36,17,34,58,1,12,43,51,42,11,16,37,6,22,15,57,7,27,2,20,33,19,31,24,50,4,48,52,53,59,26,45,40,29
246;205;11140;4103;43,42,21,29,50,32,35,9,2,34,10,36,51,11,18,22,28,52,33,54,44,39,59,58,56,4,37,40,48,6,3,23,55,8,0,14,15,45,27,7,26,53,20,47,38,1,57,19,46,30,31,12,16,41,49,5,24,25,13,17
247;230;12243;3891;13,40,30,44,38,51,9,55,49,54,7,56,16,34,41,39,47,8,24,1,43,18,19,36,22,5,17,50,32,11,15,12,14,42,20,31,46,37,59,26,23,21,35,25,45,10,3,58,4,28,48,53,2,6,27,29,33,52,0,57
248;234;14978;4665;18,49,11,51,54,48,46,14,4,56,7,43,53,47,26,17,41,9,59,57,36,1,19,29,15,58,42,44,25,2,13,39,34,12,55,33,38,27,40,16,8,10,35,22,21,6,31,52,0,50,45,20,24,30,5,37,3,23,32,28
249;226;17519;5184;19,42,21,54,12,47,27,15,8,5,39,43,37,49,55,23,28,57,46,58,1,48,16,0,44,24,50,14,13,31,33,10,59,6,40,4,56,36,52,30,26,45,17,25,34,32,2,41,38,9,53,20,3,35,22,18,51,7,29,11
250;234;12840;4447;5,19,28,13,22,8,1,56,57,53,54,3,7,58,34,11,44,36,6,49,10,2,29,48,40,35,37,25,16,32,42,12,4,26,9,21,17,15,18,50,38,47,30,33,0,52,24,46,23,20,39,41,51,45,14,31,27,55,59,43
251;242;17527;5258;22,58,30,0,8,27,7,44,14,39,52,18,31,21,28,51,43,40,2,1,34,46,56,11,25,26,50,45,47,12,13,54,20,59,23,36,4,5,53,24,33,16,29,15,3,19,10,41,38,48,17,57,42,55,6,37,9,49,32,35
252;250;24147;7098;7,10,6,57,32,44,47,42,0,35,2,28,30,36,55,12,1,46,26,11,41,40,24,9,4,27,56,21,16,34,58,17,19,5,51,31,15,54,14,39,13,59,38,45,33,37,23,22,50,29,18,8,48,49,25,20,43,3,53,52
253;238;13836;4805;26,9,33,58,8,13,30,56,15,57,44,0,40,27,6,28,52,19,21,31,16,20,55,23,3,24,29,34,47,32,54,12,25,35,53,17,36,49,48,2,37,10,51,42,50,14,59,39,18,4,11,45,22,41,5,43,38,7,1,46
254;240;22273;6446;43,34,45,6,48,12,18,55,39,36,51,53,42,25,24,2,35,41,5,31,32,40,44,22,46,1,26,4,47,37,49,11,30,8,50,9,27,14,38,33,59,21,7,15,29,57,17,16,23,56,3,58,13,0,28,10,20,52,19,54
255;251;22757;7293;30,24,52,10,0,14,19,3,59,35,25,56,22,41,26,57,1,34,6,31,47,48,58,8,27,44,38,9,13,11,46,18,37,54,33,20,15,36,28,7,55,51,16,50,49,53,21,40,42,39,45,4,29,5,2,17,32,12,43,23
256;226;13609;4014;46,4,24,2,52,25,37,20,9,58,6,35,1,10,29,12,30,49,18,26,43,0,56,28,14,5,54,41,13,47,33,31,21,17,8,23,16,3,57,39,32,45,44,50,22,59,15,40,48,38,51,55,11,34,7,53,36,27,42,19
257;242;30051;8865;3,5,14,37,8,9,48,4,16,44,38,11,21,46,12,54,35,36,26,2,56,41,47,23,20,55,51,27,30,24,22,58,10,45,42,49,7,43,6,13,15,0,25,33,34,28,40,18,1,31,50,59,29,57,52,17,39,53,19,32
258;214;10717;3898;28,40,43,11,19,48,26,25,54,44,36,24,6,15,2,32,56,46,57,30,22,55,8,17,37,47,35,53,3,1,29,49,41,31,39,13,50,23,33,58,4,52,18,9,45,20,42,10,7,12,27,0,34,51,14,59,16,38,21,5
259;238;20256;6132;16,59,50,56,31,49,3,42,7,54,17,43,33,46,24,12,44,0,19,25,15,2,48,52,55,11,22,18,14,26,39,51,41,35,20,27,21,8,58,6,37,30,36,57,28,38,13,32,9,47,1,5,29,23,10,45,4,40,53,34
260;259;37074;11370;41,3,5,35,56,54,4,2,7,22,50,57,59,38,51,40,44,49,23,45,43,13,8,1,21,29,0,58,39,16,42,17,34,31,9,12,15,19,37,53,20,11,32,25,30,24,26,52,47,55,18,14,28,36,33,6,10,46,27,48
261;226;13798;4132;5,18,40,57,0,31,51,58,13,2,29,7,11,54,46,15,37,12,20,16,22,32,26,34,38,35,55,24,42,9,33,47,4,30,21,39,17,27,59,8,50,43,53,23,19,10,14,56,36,28,1,25,41,52,45,44,3,48,6,49
262;242;18529;5456;49,23,51,0,9,56,47,29,2,20,3,22,52,59,45,28,36,18,46,6,13,57,58,34,42,33,7,37,16,19,38,5,11,39,25,55,31,35,10,27,21,53,32,44,30,43,15,24,41,12,26,54,17,1,8,50,40,4,48,14
263;237;11826;4180;45,13,28,11,44,41,39,34,9,7,52,20,21,38,3,24,2,15,55,31,12,56,48,0,25,53,57,26,46,27,18,37,19,6,50,5,33,40,1,36,54,16,23,58,51,35,47,32,43,29,4,8,30,49,17,14,22,59,42,10
264;244;18613;5551;29,57,35,44,40,6,32,25,13,4,5,45,22,36,59,47,15,43,3,54,16,8,41,42,18,30,46,12,2,20,58,55,52,49,17,23,34,1,48,33,39,38,0,31,26,7,21,28,14,10,27,51,9,50,37,56,19,24,53,11
265;241;16056;4671;49,1,30,51,42,48,46,54,50,16,3,4,33,55,53,58,8,31,17,35,47,28,24,14,0,37,41,57,6,43,45,39,10,21,27,2,25,18,11,38,29,44,20,19,56,40,36,34,7,9,23,59,52,13,12,22,26,5,32,15
266;236;20593;6567;24,29,27,44,11,48,14,43,46,12,18,4,6,35,53,23,47,13,40,0,34,3,19,16,30,1,58,20,25,31,50,17,56,51,49,2,15,41,28,5,54,10,55,22,59,21,52,36,33,8,9,7,39,45,32,38,42,26,57,37
267;227;10479;3449;41,32,13,26,17,31,24,54,18,30,29,47,44,36,59,9,28,35,23,38,1,7,33,43,51,55,16,57,25,52,27,50,37,8,12,21,2,15,4,45,0,20,58,53,19,48,40,34,11,3,14,39,42,46,5,10,49,22,6,56
268;221;13618;4177;27,24,22,13,1,38,2,23,9,15,50,34,21,47,44,6,19,11,36,8,4,5,28,57,31,35,39,7,53,55,52,48,56,17,25,33,26,14,30,12,54,46,42,43,51,37,3,32,40,45,49,59,10,41,58,20,29,16,18,0
269;232;20055;5997;47,9,16,40,31,44,30,17,7,20,37,21,36,49,48,27,29,58,39,52,8,2,0,6,11,50,13,55,54,18,45,12,59,4,23,14,46,24,41,53,57,51,26,28,33,32,1,19,35,43,38,34,3,10,22,25,56,15,42,5
270;232;20524;6794;8,34,45,51,20,30,12,21,36,24,18,26,14,43,39,49,4,31,58,46,22,2,27,35,55,52,25,44,1,41,16,3,17,5,38,33,59,37,29,56,23,9,10,50,0,7,28,32,13,11,15,42,40,48,54,53,6,57,47,19
271;228;14812;4351;44,55,19,10,6,17,40,36,15,48,38,14,33,34,35,41,51,53,37,22,43,46,52,11,54,32,9,21,59,49,39,56,3,28,2,8,12,4,24,26,13,16,0,42,25,5,31,30,57,18,47,1,29,50,27,45,23,7,58,20
272;213;13124;4010;24,22,21,19,0,38,55,5,23,32,12,34,59,3,36,4,42,57,27,1,6,47,56,25,44,14,31,45,2,10,46,8,28,48,33,13,49,40,26,51,54,53,18,17,35,15,50,43,7,58,11,20,16,37,30,52,29,39,9,41
273;231;17420;5989;9,11,37,38,25,46,7,14,18,52,54,32,51,1,59,23,43,24,27,28,44,39,3,53,33,40,48,56,0,55,13,22,29,31,6,45,34,20,26,5,15,58,50,30,35,16,2,49,42,4,36,17,10,57,47,21,19,8,12,41
274;229;13165;3929;11,38,4,56,36,31,44,19,14,29,0,46,22,18,20,35,24,8,5,12,33,50,28,55,6,40,7,59,58,9,49,45,48,41,21,23,13,17,26,15,51,52,42,27,54,34,57,30,39,16,1,37,32,53,10,43,3,2,25,47
275;229;15090;4586;18,22,24,55,56,6,35,46,15,26,57,36,58,49,14,21,0,54,10,4,7,5,52,59,37,33,1,48,20,16,9,41,25,30,39,47,50,3,27,31,12,40,42,11,8,2,17,19,34,32,45,38,53,23,44,51,43,13,28,29
276;248;24511;7913;27,56,58,32,9,5,49,14,53,47,29,23,41,43,45,7,11,2,35,31,40,55,10,25,57,13,59,16,44,34,46,30,33,52,28,48,42,50,4,8,38,36,22,21,26,20,39,6,17,12,37,1,19,54,18,15,51,0,3,24
277;247;17923;5305;46,26,27,28,44,49,25,57,38,6,1,42,40,59,22,7,0,13,55,18,29,35,56,52,48,16,3,53,21,36,4,12,43,31,2,9,39,20,34,23,17,41,10,58,30,51,33,24,15,45,37,11,54,47,5,14,32,8,19,50
278;238;17949;5274;12,10,31,56,16,44,57,20,17,23,21,59,40,26,54,39,0,9,15,3,50,38,22,45,4,19,2,1,51,43,37,28,48,27,41,46,7,35,14,11,47,29,49,24,36,53,34,6,33,55,8,25,18,52,42,5,30,13,58,32
279;229;19305;6644;1,53,21,48,47,0,55,18,35,56,57,30,37,50,24,23,28,17,26,16,20,15,51,27,19,38,33,32,59,2,42,14,41,54,3,36,10,43,25,13,31,29,44,9,7,40,58,46,39,34,6,49,22,52,8,4,12,5,11,45
280;236;20452;6023;58,39,20,41,10,59,4,26,51,53,52,30,45,42,21,29,35,27,18,56,49,47,28,12,25,44,13,36,46,15,1,40,54,14,34,37,2,55,17,19,6,7,16,38,8,22,0,11,43,31,50,33,57,23,48,5,24,9,32,3
281;226;13921;4535;14,34,25,22,46,43,57,5,53,47,10,3,35,28,54,56,4,44,13,58,11,30,49,39,42,2,32,9,55,18,38,37,41,17,23,31,45,8,1,50,26,40,33,24,20,36,0,19,21,59,6,15,51,7,48,12,29,16,52,27
282;239;19557;6368;38,20,5,10,55,36,58,2,43,26,47,56,23,39,51,1,59,3,27,52,19,28,7,45,24,21,0,13,42,16,9,44,40,50,15,46,30,14,11,18,8,4,12,37,35,49,53,32,34,57,48,29,22,54,6,33,41,25,31,17
283;247;24159;7155;30,19,53,29,43,18,24,59,15,55,25,51,45,10,7,32,39,33,0,23,52,22,4,14,48,58,11,46,50,37,8,20,47,21,42,27,16,26,56,31,9,6,5,36,1,40,12,49,57,13,3,54,2,35,28,44,34,38,41,17
284;234;23530;7703;56,20,4,1,32,9,50,22,38,26,23,52,28,3,16,19,24,8,36,6,34,47,55,46,25,33,40,21,0,49,18,30,51,58,7,27,44,48,45,35,39,53,54,37,59,15,13,41,11,31,17,5,10,12,57,2,29,43,14,42
285;249;13503;4116;31,13,8,45,10,26,58,47,3,7,40,53,55,33,0,52,1,56,4,43,41,37,21,38,16,59,32,9,17,42,44,35,24,50,2,6,30,28,46,57,23,36,11,15,34,48,27,49,25,54,39,5,14,29,12,20,19,18,22,51
286;231;7147;2368;47,4,28,49,5,27,11,30,20,32,45,10,59,24,51,8,44,13,15,38,29,7,56,52,36,3,54,6,37,34,31,23,19,26,57,21,42,16,40,14,50,39,48,2,46,43,25,53,9,17,18,58,1,12,0,33,22,55,41,35
287;247;16602;5425;4,42,19,40,33,22,0,23,8,21,49,38,13,25,11,46,12,34,57,45,29,6,18,35,37,9,10,27,1,3,30,53,36,48,5,58,39,47,52,43,55,20,24,16,15,41,50,44,26,56,31,59,51,28,17,7,14,54,32,2
288;216;8907;3062;3,37,6,44,49,8,53,20,48,10,15,24,57,45,42,2,19,18,29,39,32,11,33,26,38,50,54,55,52,56,14,31,30,16,13,27,36,23,41,25,7,5,58,51,59,35,47,12,28,40,17,21,1,0,34,4,46,43,9,22
289;227;21144;6312;29,58,53,16,45,3,1,37,7,38,51,33,8,46,28,9,41,32,36,4,52,26,5,15,18,43,44,13,55,24,49,11,14,48,47,22,25,57,12,17,21,34,31,27,23,59,40,39,50,42,56,35,0,2,19,30,54,20,6,10
290;197;8068;2472;59,22,55,4,10,6,35,32,21,57,0,49,15,58,17,2,29,23,5,42,28,30,36,50,18,47,52,26,44,14,54,9,19,25,53,38,11,39,40,12,43,41,13,27,8,1,31,48,45,20,16,7,24,37,46,34,33,3,56,51
291;247;17764;6094;0,56,9,43,45,10,18,30,39,12,21,57,53,36,6,50,24,55,5,46,16,11,58,13,48,49,2,29,37,7,52,27,8,51,3,15,26,19,1,17,14,33,38,42,20,22,54,35,28,44,47,4,41,31,32,34,23,59,40,25
292;256;22007;6490;53,2,57,20,23,48,39,51,14,8,5,59,32,16,43,30,49,3,36,40,28,24,7,34,54,11,27,10,55,56,9,0,38,25,33,18,45,41,35,4,46,29,31,44,58,1,13,26,21,12,15,6,17,47,42,19,50,37,22,52
293;254;21524;6313;14,57,28,25,27,46,30,6,54,22,42,35,16,45,13,39,44,41,52,47,5,34,32,36,55,43,37,59,50,0,12,49,23,15,4,31,33,1,10,7,21,56,3,40,2,48,19,29,8,24,20,58,11,17,51,38,18,9,26,53
294;234;16545;5281;51,3,50,31,56,58,45,38,7,33,16,20,9,17,0,46,32,42,40,13,55,6,8,22,37,57,11,43,27,53,49,1,25,36,12,2,24,14,44,4,35,30,52,47,15,19,29,10,23,39,26,41,28,18,34,5,54,21,48,59
295;237;14870;4562;38,10,49,20,52,53,33,24,51,36,4,40,26,31,25,34,46,28,37,6,32,18,0,39,7,3,1,45,50,47,5,12,16,58,8,22,57,27,2,42,59,35,48,15,56,11,9,43,55,17,14,30,29,19,23,44,21,13,41,54
296;229;14803;4392;43,48,45,21,6,3,42,57,13,58,11,35,32,37,52,5,9,10,4,49,56,50,41,1,22,44,18,38,30,16,23,0,17,29,2,31,15,20,34,14,54,7,53,47,55,40,51,24,36,59,27,33,26,8,28,25,12,46,19,39
297;245;30142;9780;53,45,57,46,26,47,21,14,36,4,13,30,44,43,39,48,20,10,37,2,59,54,16,11,8,42,3,55,58,33,29,19,9,7,1,23,40,50,12,38,35,0,6,22,18,51,27,34,31,24,52,15,32,17,56,28,25,5,41,49
298;244;14910;4434;29,32,17,12,42,37,20,7,38,10,45,19,48,39,28,14,55,15,0,43,23,16,6,2,26,33,18,27,52,1,5,25,46,54,51,35,9,34,11,36,53,21,59,56,24,57,41,44,31,8,49,58,47,13,3,40,30,50,22,4
299;232;19848;6827;6,37,55,40,15,24,31,46,54,42,45,5,56,8,0,23,41,50,33,10,47,17,36,34,39,43,12,53,51,4,58,35,30,19,49,57,11,18,32,29,3,44,14,7,16,1,21,22,48,59,20,52,25,9,27,13,28,38,26,2
300;209;20936;6350;9,32,57,20,48,15,0,28,11,10,21,14,30,13,40,53,43,44,37,6,29,36,50,25,33,16,38,55,34,22,39,7,4,3,23,46,18,5,35,8,31,41,12,27,59,49,45,2,42,19,58,47,24,51,1,52,54,17,56,26
301;235;15550;4595;42,53,2,31,19,9,38,27,35,18,48,11,30,13,57,54,32,4,26,29,25,21,47,36,10,12,51,16,50,34,7,20,3,28,58,17,46,43,52,33,5,45,59,6,40,39,41,22,1,0,15,49,55,37,8,14,44,23,24,56
302;232;21972;7442;51,18,57,6,1,12,26,41,38,32,55,13,5,47,19,36,40,35,15,42,56,8,21,7,29,20,31,44,49,3,11,48,22,16,58,45,46,2,10,14,24,39,17,23,27,43,33,25,9,30,34,50,59,4,37,52,28,53,0,54
303;213;12684;3754;5,28,9,12,55,48,54,42,39,45,38,40,4,47,41,32,59,11,27,44,6,51,56,34,19,35,3,16,25,26,15,58,53,57,49,2,17,50,36,30,29,52,21,33,1,24,31,43,7,20,46,37,13,22,10,18,8,23,14,0
304;241;14265;4407;10,40,14,53,23,47,29,45,57,15,25,4,19,11,16,52,41,58,55,35,5,51,37,28,59,26,8,56,49,43,42,20,9,6,36,48,33,17,50,38,46,44,21,39,12,7,2,32,31,27,13,3,54,34,18,1,30,24,0,22
305;209;9440;3123;18,19,46,8,7,51,13,36,14,52,58,33,53,22,16,56,38,4,47,50,28,5,35,27,11,48,9,59,43,0,1,21,3,34,57,55,39,25,31,20,17,49,42,54,41,44,30,26,12,45,32,2,23,24,6,15,29,37,40,10
306;221;13278;4430;32,11,44,19,3,5,30,23,36,40,29,39,43,47,26,56,28,35,58,22,38,33,20,31,6,54,42,51,49,53,14,50,25,24,17,15,2,10,52,12,4,8,1,46,21,7,0,16,57,48,37,45,27,55,9,59,41,13,34,18
307;217;8294;2623;25,44,36,45,8,29,55,9,58,5,51,43,23,13,2,37,1,47,21,3,6,4,54,18,16,10,46,57,22,11,30,0,48,50,40,38,52,14,59,35,34,49,19,7,17,41,32,56,26,39,27,31,24,12,42,15,28,53,20,33
308;242;22084;6540;10,11,17,34,35,52,6,46,4,57,55,29,0,21,37,44,1,22,39,23,56,12,3,14,51,28,26,59,42,36,30,20,47,8,27,18,31,33,49,9,13,58,53,7,40,19,24,43,48,50,25,45,54,38,32,2,5,15,41,16
309;215;11576;4082;12,42,47,43,8,17,0,49,48,34,33,58,13,19,44,24,28,5,41,9,22,16,57,2,25,18,56,35,37,32,51,7,59,14,55,45,4,20,38,50,30,29,15,3,54,46,39,10,6,27,31,21,23,11,53,40,52,36,1,26
310;248;20371;6096;39,58,31,35,13,33,8,19,24,52,34,57,29,6,25,16,32,18,41,45,55,0,2,59,20,26,22,42,23,9,7,21,4,1,14,5,17,50,43,30,12,53,44,47,36,3,15,51,54,37,46,38,11,10,56,28,49,40,48,27
311;231;17534;5162;59,44,33,6,10,40,21,55,32,27,20,30,49,52,47,9,56,57,12,29,51,23,0,28,25,18,48,11,16,37,8,35,7,31,46,15,3,58,26,38,24,22,54,17,14,5,13,41,2,1,39,36,4,50,42,43,19,45,53,34
312;209;15956;5193;8,57,15,7,47,55,20,19,4,9,30,16,34,53,41,42,26,52,23,12,37,56,50,14,28,31,18,38,29,51,54,5,10,22,6,58,25,49,11,24,21,45,44,27,13,1,35,59,39,43,0,46,32,33,40,3,2,17,48,36
313;258;18420;5617;8,50,48,58,9,40,45,7,6,25,27,22,36,1,52,56,51,41,46,29,32,26,44,20,28,34,37,3,38,54,17,0,33,57,53,14,2,31,39,30,13,42,4,12,35,55,47,43,18,59,21,16,19,5,15,11,49,23,24,10
314;225;8221;2628;46,59,52,2,1,7,4,47,33,48,30,25,44,0,41,9,12,50,17,32,5,51,56,57,3,40,43,16,27,28,8,14,58,45,53,6,23,15,24,36,18,35,34,39,19,42,20,11,21,13,55,37,31,10,54,29,49,38,22,26
315;222;12286;3786;8,19,46,17,40,53,5,16,9,4,52,33,18,59,43,30,35,37,22,50,24,31,32,39,45,58,7,54,36,41,13,21,12,42,26,14,20,48,49,15,1,34,0,2,11,56,27,51,25,55,23,57,47,44,3,38,6,29,10,28
316;180;7530;2923;20,51,19,28,7,18,56,11,46,57,23,4,9,42,54,39,49,12,27,53,2,17,0,45,8,59,21,10,22,31,35,37,6,40,16,36,30,33,41,29,58,47,38,55,50,34,48,26,15,25,24,14,3,44,43,52,5,1,32,13
317;255;21581;6490;39,59,44,16,19,10,57,7,46,2,6,34,3,23,5,52,22,43,18,33,36,13,11,14,1,49,0,53,9,50,25,28,40,35,8,15,38,21,37,27,54,41,4,47,58,26,17,56,55,30,42,29,48,45,32,20,31,24,51,12
318;242;18536;5537;9,57,39,48,18,40,8,34,49,14,51,11,59,28,15,7,41,27,35,25,52,31,42,2,20,38,32,1,22,54,53,13,6,21,26,12,4,50,58,36,5,45,43,24,33,47,23,19,3,0,17,16,29,37,56,30,55,46,44,10
319;216;14291;4940;21,30,24,55,20,34,44,5,2,1,37,58,13,11,27,51,42,16,8,14,45,7,48,25,56,31,41,54,46,28,19,0,39,23,3,47,12,35,22,15,49,10,17,52,29,26,53,40,50,6,4,38,59,33,36,9,43,18,32,57
320;244;27381;8338;38,51,24,30,50,22,34,2,17,41,5,54,1,58,26,7,32,20,31,25,19,35,15,45,11,44,37,13,57,48,23,56,4,0,14,27,39,28,47,12,16,6,8,18,3,59,29,10,55,33,52,46,9,36,21,53,49,42,40,43
321;241;17900;5424;54,11,8,16,7,2,41,29,31,15,49,33,10,20,38,52,40,46,13,39,26,6,56,53,24,22,23,3,58,28,0,25,57,43,17,45,18,12,59,9,14,32,21,44,50,35,4,48,47,30,5,27,19,1,37,42,55,34,51,36
322;276;21290;7270;0,13,7,39,9,49,57,48,23,43,26,3,45,19,42,35,21,55,16,34,10,20,2,33,40,56,12,58,32,11,4,28,41,5,37,53,15,38,8,27,1,47,54,44,36,29,14,22,46,17,30,31,59,25,51,6,18,52,24,50
323;229;13723;4194;7,0,51,17,41,58,25,4,13,1,49,39,28,53,40,16,12,15,10,46,35,33,57,26,24,21,55,48,27,44,23,19,47,54,9,2,36,22,11,3,14,29,50,43,5,45,42,56,20,59,30,8,32,38,6,31,52,37,34,18
324;245;19319;5997;37,22,48,51,38,14,15,29,9,1,39,13,53,50,0,20,5,36,31,54,11,49,43,12,24,58,45,42,47,10,56,3,34,52,17,46,8,40,7,33,59,28,4,23,16,25,21,26,30,2,35,41,19,57,6,32,44,27,18,55
325;233;12859;4652;8,54,5,37,4,16,57,21,31,55,20,39,47,25,26,49,23,19,11,3,10,44,38,36,52,12,18,24,27,6,17,14,32,45,13,7,48,28,43,15,46,35,1,0,59,22,58,40,34,29,53,30,42,33,9,41,51,50,2,56
326;243;23227;6788;9,28,56,26,7,22,0,31,36,10,38,11,58,25,37,30,52,1,48,49,29,54,6,51,19,45,33,8,35,42,57,20,40,27,50,24,23,34,32,46,3,47,43,13,59,44,53,41,4,16,17,2,55,15,39,18,21,14,5,12
327;229;22573;7370;7,11,9,19,44,37,43,45,54,0,4,20,52,8,29,39,5,32,38,28,16,14,56,58,34,42,35,48,2,3,30,53,18,55,17,13,50,25,41,59,27,36,47,21,33,15,31,49,10,22,23,51,46,57,12,24,26,1,40,6
328;244;16259;4905;30,12,26,53,0,16,47,5,15,10,41,19,54,9,57,14,50,2,48,22,58,11,52,51,38,18,3,31,1,6,37,32,56,23,17,45,35,28,20,25,55,24,27,13,29,34,42,44,59,39,21,46,8,49,4,33,43,36,40,7
329;227;22498;6766;57,49,9,24,1,5,48,38,39,40,7,43,4,11,29,55,15,50,56,13,44,42,20,22,53,32,41,18,37,59,23,14,28,16,30,54,8,21,19,17,3,2,58,52,27,34,25,47,33,45,46,31,12,0,26,6,10,35,51,36
330;226;16603;5724;38,24,16,14,13,21,41,56,23,0,58,46,20,29,55,19,35,3,26,51,32,52,25,28,4,54,34,39,42,10,7,50,40,2,53,36,17,18,44,8,59,57,30,31,47,12,45,1,5,33,11,9,49,15,43,27,22,37,48,6
331;216;24449;7400;56,21,29,10,50,18,51,3,39,27,47,13,24,48,17,45,44,42,1,46,34,9,11,54,36,12,7,40,41,31,0,26,59,6,35,58,8,38,19,53,25,52,5,22,4,43,2,16,23,30,49,55,57,33,28,37,14,20,32,15
332;235;10533;3144;53,20,58,55,48,4,37,16,13,47,27,0,29,35,23,17,43,19,6,9,32,39,40,18,14,2,1,12,41,10,36,54,34,52,46,15,5,42,11,8,50,44,28,30,38,59,33,45,7,49,31,24,3,57,25,51,21,22,56,26
333;205;11650;4340;58,55,12,40,39,13,53,27,29,23,52,18,56,46,1,28,32,17,50,3,25,35,51,47,0,38,16,49,48,9,45,44,37,26,36,42,15,31,30,10,7,11,20,21,54,14,24,5,59,57,41,34,19,33,22,8,6,4,2,43
334;226;19325;5767;24,21,13,6,3,22,15,57,50,8,56,11,44,31,23,7,53,10,12,14,55,46,20,45,2,58,34,37,28,51,54,4,32,27,33,39,47,59,26,38,36,29,43,49,0,42,35,52,30,40,17,48,16,18,1,9,5,25,41,19
335;225;12791;3798;51,47,13,55,12,20,3,28,39,34,50,58,11,43,40,7,26,0,4,19,32,35,14,38,24,18,59,44,42,10,8,27,37,33,2,52,31,36,15,46,57,16,41,45,25,54,9,22,23,6,53,17,29,21,49,56,1,5,48,30
336;231;14532;5030;37,9,14,50,32,40,28,7,57,8,46,35,19,49,47,24,12,38,18,2,56,33,27,21,29,45,43,48,39,15,17,52,58,44,59,5,22,23,6,16,53,55,41,42,30,51,34,25,31,36,13,1,26,10,4,20,0,3,54,11
337;237;16623;5020;43,55,9,44,57,22,16,48,1,20,38,6,40,47,31,19,12,10,45,14,35,13,0,8,58,2,4,11,53,28,59,24,41,27,50,7,51,18,56,49,25,3,29,17,54,42,5,26,23,52,33,34,46,21,39,15,36,30,37,32
338;242;14165;4353;34,47,15,4,56,39,55,32,24,1,52,59,43,54,26,25,13,44,19,40,6,5,12,53,49,3,2,33,11,18,27,31,57,50,16,58,21,23,42,41,46,28,22,38,7,30,36,35,45,37,29,48,10,9,17,51,20,8,14,0
339;209;9731;3162;47,32,30,43,31,5,46,44,11,24,3,4,34,54,6,9,41,22,23,27,1,48,26,25,50,36,14,56,20,37,55,39,8,15,21,33,29,45,58,52,16,42,49,35,28,12,13,10,40,59,53,17,19,18,0,51,38,2,7,57
340;245;24338;7684;40,37,2,48,35,38,58,56,16,29,46,3,49,33,39,42,59,51,10,1,41,18,53,8,54,50,4,30,47,45,25,44,14,21,55,6,31,27,57,9,28,0,20,12,34,32,23,52,17,36,15,19,43,5,13,7,26,24,22,11
341;239;17422;5207;39,22,9,32,5,13,40,25,26,58,17,33,30,2,16,55,52,11,0,34,27,57,41,59,53,24,29,23,38,1,50,54,10,37,4,8,45,44,56,15,19,18,43,42,46,48,7,28,6,36,31,21,49,12,51,14,47,35,3,20
342;238;17275;5455;49,48,45,33,3,25,12,54,8,35,23,37,5,55,40,24,27,30,19,9,56,53,59,22,16,41,14,38,20,28,10,17,57,31,47,46,18,51,43,13,2,6,4,44,15,32,1,29,52,36,50,21,0,39,7,34,26,11,58,42
343;242;19943;6640;9,8,59,44,4,3,35,30,31,37,18,36,20,45,58,57,40,1,42,19,29,39,6,54,21,43,26,11,34,53,38,56,25,16,2,51,0,27,24,15,13,32,48,47,5,22,50,41,23,49,17,12,52,33,46,55,14,7,10,28
344;212;10151;3035;30,11,24,42,22,37,6,4,17,27,7,19,20,55,13,50,54,56,39,41,18,12,8,44,0,25,1,35,46,32,16,21,15,57,45,33,9,28,51,34,14,49,53,48,38,26,5,40,59,10,36,58,47,29,23,3,43,31,2,52
345;260;24216;7510;57,46,18,44,12,0,43,3,13,27,23,9,22,47,54,8,6,35,48,14,29,24,53,7,58,38,32,34,2,40,45,49,52,1,50,51,30,59,21,28,33,36,56,42,25,41,39,31,15,11,4,26,55,17,37,5,19,10,16,20
346;213;11232;3490;12,1,16,22,53,31,20,56,33,2,27,35,5,58,11,34,26,38,41,9,40,4,8,25,24,23,51,42,15,44,14,7,19,43,21,50,0,30,28,6,17,48,55,47,46,45,59,29,18,49,37,39,32,10,3,52,54,13,57,36
347;243;14810;4524;32,56,48,51,52,31,18,49,53,44,30,11,35,9,46,2,58,24,21,5,29,50,19,42,45,3,7,20,15,13,28,33,26,54,36,25,55,17,1,43,22,4,37,47,40,16,57,6,27,41,14,23,38,39,8,12,34,59,10,0
348;225;15463;4623;48,25,49,46,56,15,18,9,38,51,55,27,4,36,21,28,6,52,35,43,53,2,16,47,58,54,1,11,26,22,14,30,19,39,10,5,8,41,57,17,37,13,31,33,23,24,12,34,42,40,45,59,20,50,29,3,32,7,0,44
349;239;16114;5785;28,20,13,40,59,33,52,39,38,43,1,10,44,23,19,29,14,51,30,18,26,22,32,46,21,12,9,57,6,36,54,11,48,15,7,3,35,2,53,16,24,34,27,50,45,49,42,25,0,17,8,58,55,41,37,31,4,47,5,56
350;211;19705;6057;35,27,3,16,8,28,1,33,55,37,49,0,15,30,53,24,26,32,41,48,52,58,40,14,44,50,43,51,12,2,21,11,10,45,9,46,7,31,5,23,29,4,17,54,57,59,36,6,18,42,20,13,22,19,25,39,34,38,56,47
351;237;21586;6546;56,44,28,12,8,30,4,22,23,27,52,29,11,43,38,57,18,34,42,15,0,20,26,7,6,51,2,35,47,40,14,16,10,9,33,13,21,58,37,31,39,59,1,48,36,24,25,19,46,3,54,45,32,50,53,55,49,5,41,17
352;225;12554;4626;57,10,3,56,5,20,38,52,35,6,48,34,1,8,45,18,16,28,55,33,24,17,30,54,51,42,27,49,15,43,13,37,29,39,31,25,50,19,14,9,21,36,44,47,22,58,12,32,7,2,11,23,46,59,41,0,40,4,26,53
353;238;14859;4635;10,17,11,30,48,57,32,59,14,8,42,6,55,37,46,38,0,22,25,7,43,31,34,56,45,4,18,54,52,53,50,13,51,9,16,36,5,47,41,23,28,58,33,40,49,26,15,35,21,29,20,24,44,1,3,39,12,27,19,2
354;236;17928;5825;19,54,38,35,41,16,52,55,17,20,2,11,39,28,57,59,24,8,18,42,32,6,36,5,10,25,49,4,29,37,46,21,1,3,31,14,12,48,15,45,40,27,44,53,9,47,43,51,13,0,26,23,58,50,33,22,56,34,30,7
355;246;17518;5912;52,10,55,21,29,4,49,9,36,11,46,2,19,12,28,56,15,47,23,43,6,37,50,45,8,0,32,33,27,34,20,30,13,58,39,25,53,57,41,54,5,35,16,3,40,44,1,59,26,38,48,7,31,24,42,14,51,18,22,17
356;233;16420;4839;14,1,5,33,37,11,2,10,36,39,23,13,48,42,16,0,34,12,55,54,22,50,25,18,57,21,44,26,31,40,53,20,28,29,45,38,56,7,9,27,19,4,52,46,17,32,49,8,3,24,58,30,59,35,51,41,43,15,6,47
357;249;23582;7119;53,2,21,37,6,35,40,17,55,33,9,14,48,10,8,45,56,46,15,44,7,43,47,51,34,54,26,32,50,27,42,0,11,22,57,23,31,1,29,12,38,39,5,49,3,24,30,28,13,41,58,4,19,52,36,59,18,25,20,16
358;225;15154;4875;3,6,19,21,12,25,27,34,33,48,46,13,10,36,22,20,52,5,9,7,47,23,57,4,37,29,39,43,58,28,0,15,26,16,2,45,49,14,30,50,35,40,56,31,41,32,11,42,24,54,53,38,44,59,55,1,8,18,51,17
359;238;13884;4314;48,26,21,38,56,37,49,0,5,59,14,44,4,30,24,29,43,54,25,58,10,1,11,45,17,36,41,53,15,8,50,35,27,22,6,13,23,28,19,52,7,47,39,3,2,42,46,32,40,57,55,33,20,18,12,9,31,51,16,34
360;243;19316;5923;54,20,14,26,51,48,7,23,45,44,38,6,53,42,29,36,40,9,22,28,55,4,58,17,10,46,35,27,56,24,15,59,34,43,5,3,21,33,25,13,31,32,1,18,30,12,8,11,19,47,50,49,41,57,2,37,39,16,52,0
361;217;13682;4632;20,39,3,51,40,53,54,1,33,46,6,43,18,22,56,29,19,42,4,52,36,5,27,59,9,32,16,45,49,15,28,21,57,55,13,44,31,34,11,7,25,23,24,26,10,58,35,0,47,50,2,17,37,30,48,12,41,8,14,38
362;256;17922;5253;10,57,17,20,42,52,27,22,45,41,55,29,15,37,30,11,24,50,36,44,32,54,19,34,39,21,56,6,51,40,31,23,0,5,9,38,16,8,7,48,3,49,18,59,14,43,46,47,33,58,25,2,1,35,12,28,26,4,53,13
363;239;21738;6648;32,58,52,31,37,30,29,51,50,46,11,59,25,48,20,12,28,47,7,9,38,56,1,40,14,55,45,44,53,0,4,34,5,21,15,27,8,26,10,19,41,2,24,23,17,43,57,3,39,54,16,13,6,36,33,42,22,18,35,49
364;238;15071;4823;18,16,46,24,21,7,35,6,41,56,19,2,10,33,3,4,32,45,52,17,55,39,14,20,28,38,11,58,25,26,47,15,29,13,57,5,27,50,49,30,37,8,54,31,0,59,23,22,48,42,36,44,9,51,12,43,40,34,1,53
365;241;14892;4587;17,20,47,0,8,44,13,52,38,21,37,27,50,33,18,56,48,36,49,24,59,5,28,43,14,2,10,35,23,53,4,32,51,9,55,39,31,1,30,11,57,25,46,3,19,41,7,34,6,29,15,58,40,42,16,12,45,54,26,22
366;211;8372;2685;43,10,57,15,21,25,31,12,14,20,45,44,30,28,18,39,34,11,6,1,13,55,22,58,38,50,37,59,46,48,3,35,42,9,47,23,0,54,26,2,49,27,33,17,56,53,52,16,19,8,5,7,24,4,36,29,32,51,40,41
367;254;17525;5987;10,26,59,40,58,52,31,54,46,5,23,18,28,39,11,19,53,50,35,55,48,17,34,9,7,21,42,44,24,57,33,8,14,56,20,36,45,6,15,22,29,51,43,25,49,47,13,41,37,16,1,27,4,2,3,38,30,0,32,12
368;242;19867;5856;22,16,3,19,27,21,15,28,11,0,34,17,42,18,32,12,37,1,58,9,51,44,20,52,23,35,10,13,48,40,59,5,7,56,25,38,50,46,53,57,4,55,54,31,30,6,14,29,45,24,36,8,49,41,33,39,43,2,26,47
369;242;27375;8123;27,32,10,39,7,58,29,8,42,53,57,13,48,21,46,55,0,15,26,11,44,35,25,20,59,2,38,12,36,52,37,28,47,43,49,14,17,45,56,51,5,34,22,24,3,50,23,9,18,16,41,1,19,6,54,31,30,40,33,4
370;229;19414;6047;30,6,44,42,17,24,39,12,53,19,33,56,57,49,16,2,52,15,3,58,7,23,48,25,28,9,45,34,14,59,55,46,20,18,13,21,8,47,37,5,40,1,36,35,51,0,22,32,4,54,31,29,38,41,10,27,11,50,43,26
371;227;11335;3565;0,22,21,59,25,6,5,45,27,10,42,16,20,49,9,33,55,57,34,24,32,12,35,36,1,17,15,41,30,29,14,38,54,53,2,3,31,13,7,26,51,37,56,19,58,8,18,44,47,11,4,23,43,46,28,50,39,52,40,48
372;255;24735;7629;4,12,38,59,54,42,56,50,7,21,18,41,27,32,16,34,31,48,51,20,49,28,10,52,19,43,40,35,23,11,17,58,5,36,3,2,1,30,15,13,0,55,57,45,37,14,26,9,24,25,22,8,46,33,47,6,39,53,44,29
373;216;17846;5532;37,52,23,53,33,56,13,8,15,20,47,26,18,14,48,45,35,22,39,25,32,11,19,51,42,54,24,29,38,16,49,28,17,10,2,58,55,7,41,30,36,40,9,12,27,0,50,34,5,44,4,59,46,31,1,57,3,21,6,43
374;247;17890;5321;39,18,33,48,43,17,0,29,16,40,57,8,41,4,26,52,56,27,30,3,44,49,1,12,59,24,42,21,38,19,23,53,2,31,35,36,15,5,37,6,50,47,54,58,51,11,7,28,13,46,9,55,10,25,32,34,22,20,45,14
375;245;18197;6055;32,29,27,19,50,51,49,20,59,0,31,25,1,40,37,54,30,39,18,23,10,2,11,8,6,45,38,57,16,52,36,53,47,3,48,15,14,22,12,46,17,21,35,56,13,42,5,34,55,28,58,4,43,7,44,33,41,24,26,9
376;219;10339;3169;2,52,28,6,26,53,33,17,9,58,16,27,37,43,50,7,42,12,13,25,10,24,32,5,56,39,45,29,57,23,0,51,4,21,3,31,35,15,48,47,1,38,41,8,22,18,40,11,55,49,20,34,59,19,14,46,30,36,44,54
377;251;12321;3831;31,32,54,29,16,27,8,30,5,7,15,33,49,50,3,37,40,14,19,2,0,39,26,59,34,9,41,12,25,18,57,28,24,58,48,38,17,6,11,1,55,56,43,53,46,13,23,47,4,52,45,10,22,21,36,51,44,20,35,42
378;231;12705;3763;11,40,3,12,54,52,36,44,15,26,25,38,39,18,57,2,27,8,9,22,32,23,53,59,58,35,4,7,51,28,31,49,10,30,14,45,34,50,56,13,24,6,42,0,29,37,5,43,17,21,20,47,55,46,33,19,1,16,41,48
379;218;8408;3150;56,39,47,12,4,30,16,40,46,1,33,59,43,7,28,52,48,50,8,17,22,51,54,5,18,6,34,42,49,24,45,20,23,15,25,21,2,10,57,29,27,31,11,26,36,14,55,37,9,44,38,32,13,0,3,35,19,53,58,41
380;226;16026;5525;7,29,37,42,30,27,53,58,45,59,40,41,56,54,11,26,5,15,50,48,17,16,52,44,10,55,13,3,0,6,23,1,47,28,46,21,35,12,38,36,25,8,57,51,4,2,31,39,20,22,33,43,49,18,34,14,19,9,32,24
381;231;13397;4121;37,56,7,17,41,20,24,13,53,40,46,4,19,14,11,48,22,16,23,38,52,42,12,29,49,50,31,18,0,26,57,3,45,21,1,27,58,30,32,25,8,39,5,6,59,33,9,43,51,2,10,54,55,15,34,47,28,36,35,44
382;234;14653;4597;18,44,31,58,40,0,15,41,28,30,38,12,55,42,46,56,36,29,37,51,32,47,16,9,3,24,52,14,27,39,26,59,34,1,17,13,45,4,19,2,7,35,8,57,49,53,33,20,21,10,43,50,22,23,48,11,25,54,5,6
383;221;11638;4416;31,43,8,53,5,38,25,56,12,19,39,1,32,33,47,55,22,40,23,0,42,11,41,36,49,4,27,26,58,37,16,28,24,13,30,7,59,15,10,3,14,54,34,6,46,17,29,57,2,44,9,20,48,45,35,51,50,21,18,52
384;213;17941;5970;35,42,49,26,16,58,4,21,17,29,30,14,8,52,36,56,53,40,9,47,32,50,19,57,2,11,46,12,38,39,15,31,18,23,37,51,28,1,22,25,41,59,54,3,34,43,45,44,5,33,7,24,0,6,10,55,20,13,27,48
385;211;9160;2912;39,55,29,24,28,3,30,58,46,7,44,13,5,50,56,33,16,25,48,12,43,31,32,6,54,52,45,2,47,4,35,49,26,37,38,57,1,36,22,21,51,23,11,18,0,41,34,42,15,10,8,14,59,19,27,53,40,17,9,20
386;211;11303;3431;33,11,42,23,3,54,37,22,38,1,14,12,34,18,48,36,57,56,52,59,41,21,47,30,19,40,43,25,7,58,31,5,20,13,0,50,46,24,29,4,45,27,44,28,51,32,49,16,8,39,15,17,55,35,2,53,10,26,9,6
387;231;17839;6182;54,29,35,24,9,11,33,52,23,43,34,59,26,36,32,6,48,40,13,58,49,46,42,8,2,31,41,56,20,27,38,5,22,12,15,0,30,28,21,3,16,14,1,55,51,17,37,57,7,44,39,10,19,45,50,18,4,53,47,25
388;227;10216;3070;48,11,25,2,29,46,37,9,45,44,15,42,6,4,38,27,8,35,3,22,41,39,51,49,10,19,24,21,18,53,23,16,40,54,5,13,30,52,33,57,0,36,55,58,47,26,28,34,20,12,50,7,31,17,56,59,43,1,32,14
389;241;20117;5966;11,23,15,28,25,35,16,38,31,43,10,48,0,8,51,40,29,5,1,18,32,52,19,56,17,58,13,37,33,36,45,7,22,4,20,50,55,24,47,12,9,14,57,42,54,30,53,59,39,27,46,34,44,21,3,2,6,26,41,49
390;235;16055;5681;34,3,30,46,35,21,57,31,36,18,42,29,51,55,24,6,47,11,33,49,52,54,13,50,15,40,27,10,28,44,5,14,7,8,45,25,53,4,19,38,26,9,58,23,32,22,1,59,37,20,56,39,16,2,12,43,17,0,48,41
391;234;13120;3923;3,16,52,53,22,51,48,20,45,2,59,58,18,15,47,6,36,9,32,37,44,27,43,7,41,13,4,39,0,26,29,50,38,40,8,54,34,21,56,1,17,19,10,23,57,14,46,30,24,33,31,25,5,35,11,42,49,12,55,28
392;238;20695;6181;34,20,14,44,6,0,26,9,15,58,46,38,48,47,51,43,30,17,4,31,10,13,27,18,19,50,16,56,54,40,33,32,52,37,12,23,59,21,55,1,57,29,25,39,45,7,5,41,2,49,8,53,3,28,42,24,36,35,11,22
393;228;22274;7308;58,12,46,59,26,1,33,0,13,28,2,7,3,34,57,35,52,20,39,38,49,18,16,50,6,32,51,40,22,45,27,31,41,55,29,23,4,11,47,42,30,25,56,54,14,9,19,21,24,44,15,5,37,17,36,43,48,53,10,8
394;236;12870;3899;47,27,46,4,9,28,26,20,51,44,48,5,8,33,11,21,59,39,3,42,19,14,32,10,41,13,40,49,6,12,24,29,15,57,58,36,1,35,22,38,23,30,50,37,16,7,17,43,31,0,55,25,2,45,52,53,18,54,34,56
395;244;19820;5787;56,43,42,22,48,5,29,18,8,57,12,35,24,33,52,17,4,16,30,2,11,10,19,6,51,26,3,15,14,32,23,37,47,44,46,31,21,27,41,13,50,28,34,40,36,38,0,25,58,49,7,45,54,39,20,59,55,9,53,1
396;218;16292;5724;14,40,30,41,51,16,13,28,12,21,53,26,44,15,38,55,1,48,42,19,34,49,52,27,2,8,17,6,46,23,45,43,56,11,22,35,10,20,32,0,37,3,29,18,24,50,36,39,59,31,7,33,25,9,4,47,5,58,57,54
397;228;19640;5887;25,44,55,27,31,26,56,51,59,34,38,9,20,6,41,42,58,57,53,35,19,17,13,1,43,7,12,47,23,10,30,4,22,36,45,11,54,28,40,2,39,8,48,33,18,32,14,24,3,49,29,5,52,15,21,50,0,16,46,37
398;229;14408;4215;13,57,1,11,20,10,4,33,8,39,47,17,55,26,30,16,22,56,14,0,53,21,9,35,58,59,12,44,50,27,54,15,45,42,34,29,37,43,48,5,3,52,40,46,51,24,31,2,36,23,38,25,6,7,18,32,19,28,41,49
399;222;7549;2539;41,6,30,52,38,5,56,29,45,50,14,18,32,4,3,51,55,7,17,13,22,8,10,31,19,9,57,37,48,39,26,46,43,44,28,59,36,27,21,24,53,11,15,2,23,35,49,12,58,33,1,54,42,34,0,25,40,47,20,16
400;227;16873;5805;44,46,45,51,15,13,5,23,36,17,10,18,21,25,6,48,24,11,8,16,1,50,32,54,31,9,56,37,27,35,52,7,39,2,49,57,33,47,43,12,53,42,59,29,38,58,34,19,41,40,4,3,26,28,0,20,22,30,14,55
401;235;23631;7012;14,33,47,48,5,40,10,42,31,46,19,7,16,52,0,13,55,53,24,43,9,34,51,39,23,49,8,1,58,37,25,12,21,54,35,36,2,4,59,15,50,20,41,30,57,11,44,26,28,18,22,45,29,38,32,17,56,27,6,3
402;228;13497;4311;46,52,38,53,25,0,19,48,21,8,36,44,14,17,40,9,12,7,51,50,43,42,24,26,15,6,35,10,59,34,4,57,58,41,3,23,32,31,56,30,54,22,18,1,27,37,2,49,20,29,13,28,39,11,47,45,16,33,55,5
403;226;11465;4115;13,50,46,54,37,57,36,31,45,56,6,3,47,38,14,55,0,25,7,39,40,11,43,27,28,2,5,48,51,44,17,30,18,24,15,21,53,12,10,59,23,9,34,26,20,58,49,19,41,22,33,8,29,52,16,4,42,1,32,35
404;227;16993;5040;10,29,41,56,40,54,15,47,8,25,33,34,19,58,30,6,44,32,13,23,1,43,9,14,22,35,0,28,52,51,3,4,37,55,48,46,27,21,53,50,11,5,18,31,7,57,24,17,42,16,20,49,26,45,38,39,36,12,59,2
405;244;18044;5374;23,29,15,5,38,48,8,25,31,42,40,43,16,2,30,12,47,44,50,51,19,49,55,9,35,13,36,46,3,28,45,14,24,26,33,57,21,10,59,7,17,58,22,39,32,1,4,20,52,0,54,18,6,11,53,56,41,27,34,37
406;207;17124;5738;35,49,13,44,22,38,58,36,11,23,3,4,19,37,52,43,41,21,48,20,47,15,14,51,28,34,16,32,17,5,59,9,7,40,24,33,56,27,50,18,2,45,54,29,10,31,1,39,26,8,25,42,53,12,46,55,30,0,57,6
407;236;21158;6332;57,12,47,25,41,10,3,5,37,34,23,30,19,46,42,35,28,27,15,0,29,6,59,39,52,31,2,56,4,51,21,22,20,17,44,45,1,38,16,18,54,33,58,14,36,49,48,32,24,43,11,9,40,53,13,26,50,8,7,55
408;231;22834;7345;40,44,21,35,36,2,51,12,43,26,14,3,42,33,16,41,32,9,15,8,19,55,52,30,24,6,45,28,23,1,27,11,56,39,31,47,18,10,4,50,46,53,22,34,13,38,17,58,59,0,57,5,54,48,29,7,25,49,37,20
409;229;19222;5704;50,16,54,52,21,11,13,33,14,5,30,42,10,0,46,57,36,53,8,58,22,47,6,37,27,24,34,38,15,48,7,28,56,18,4,39,45,44,35,12,29,25,26,31,17,51,40,41,59,1,23,2,43,9,55,20,19,49,32,3
410;245;27344;7986;39,9,1,7,53,19,55,6,18,16,8,44,48,36,56,52,2,38,41,21,10,49,11,40,14,50,17,25,57,22,24,59,20,31,27,15,30,54,51,13,4,34,23,45,3,32,37,0,12,58,46,28,43,5,42,29,33,47,26,35
411;233;24320;7913;45,55,37,43,34,19,7,56,2,16,18,20,25,0,46,10,6,35,15,57,12,44,53,40,59,1,39,11,36,31,33,5,47,29,38,51,27,52,41,21,50,54,9,24,49,22,23,32,13,4,8,14,26,42,30,3,17,58,48,28
412;242;19100;5713;30,12,36,29,46,26,39,8,1,59,28,51,37,13,33,0,55,35,52,45,44,6,56,16,3,57,32,42,5,27,18,34,49,25,53,4,43,58,10,2,41,48,11,23,47,7,9,19,38,24,54,14,31,17,21,50,20,40,22,15
413;232;15740;5619;15,11,7,45,49,38,28,13,33,9,2,12,3,47,51,56,59,44,52,36,19,27,41,25,10,37,43,31,35,46,17,22,1,23,0,18,54,6,8,42,14,20,55,58,4,48,32,34,57,53,29,39,16,5,26,21,40,30,24,50
414;232;14554;4360;21,35,20,17,7,41,51,9,42,2,23,11,48,50,27,3,22,30,0,34,56,59,47,26,15,13,44,45,29,5,40,54,12,39,36,18,16,31,19,25,53,6,14,55,24,33,38,10,49,28,4,57,1,46,8,58,43,37,32,52
415;239;21062;6239;10,11,6,41,53,57,59,51,8,24,32,29,39,49,54,37,0,34,58,50,48,16,33,2,21,22,43,45,35,30,55,5,13,4,42,7,12,15,19,31,27,38,14,9,17,47,26,44,36,23,28,3,46,1,18,40,56,20,25,52
416;257;20935;7051;11,17,18,43,32,7,5,10,36,51,2,54,48,41,20,59,42,9,6,49,40,25,29,53,56,28,50,13,0,22,57,37,31,4,15,23,35,33,1,21,19,27,16,8,47,55,3,52,46,26,45,30,58,38,44,14,12,24,34,39
417;246;22788;6884;33,37,32,17,38,52,43,3,8,10,45,55,18,48,11,0,20,34,56,23,9,13,1,22,29,31,4,14,28,41,54,58,24,5,36,2,16,27,12,46,15,6,53,25,40,39,21,26,47,51,50,59,49,42,19,30,44,57,35,7
418;209;7938;2436;16,56,58,34,14,52,47,7,31,19,42,9,51,59,36,17,6,18,12,11,53,2,32,46,22,15,55,28,45,29,54,23,30,5,1,13,26,25,48,4,27,49,43,37,21,33,39,20,35,44,57,38,24,8,3,10,0,50,40,41
419;217;13198;4296;43,32,21,50,17,6,38,5,41,58,49,20,36,47,9,37,27,40,24,52,4,31,2,18,29,11,25,57,8,28,33,12,16,46,42,51,39,34,55,30,59,13,15,22,56,54,7,26,23,35,53,3,19,10,0,14,1,45,44,48
420;232;19053;5958;50,17,24,32,48,58,13,49,1,4,52,12,33,54,51,27,7,19,37,30,56,35,11,8,57,59,40,16,6,21,5,26,0,41,38,53,39,46,18,2,23,34,9,10,3,36,42,47,28,55,14,25,43,22,29,15,44,45,20,31
421;253;25059;7229;52,46,30,39,9,33,10,5,12,24,22,54,21,31,20,7,1,40,35,3,4,44,6,29,11,27,47,28,43,59,16,53,48,50,51,56,38,0,41,8,14,42,57,18,2,26,49,34,55,15,37,36,25,58,13,23,45,17,32,19
422;224;13592;4927;9,28,47,40,21,11,55,3,14,24,20,7,50,19,25,36,42,56,54,38,2,57,0,45,48,8,16,13,49,35,33,44,51,18,53,31,1,22,30,15,29,39,17,5,4,12,23,26,10,27,59,43,58,6,34,41,32,46,37,52
423;258;23916;7255;28,40,14,26,11,0,50,49,38,4,27,13,21,25,9,36,6,31,8,52,1,37,55,20,57,41,59,30,12,5,3,44,24,48,46,53,54,45,29,7,39,47,23,33,34,10,58,51,15,43,42,18,35,17,2,16,32,22,19,56
424;237;22083;6730;25,24,9,57,2,33,7,42,5,47,50,11,40,29,19,12,54,52,56,38,39,13,44,16,0,59,49,43,36,32,45,53,10,22,14,21,6,46,34,15,23,28,48,55,4,26,27,8,17,20,18,37,1,35,51,31,3,30,41,58
425;238;18361;5956;37,49,23,32,38,35,6,25,55,40,46,54,11,57,1,21,52,15,51,13,56,16,48,58,5,14,39,33,36,41,0,28,50,27,34,3,7,29,18,42,24,22,20,2,30,4,53,44,17,12,59,10,26,47,8,45,43,31,9,19
426;227;14267;4248;57,54,44,46,43,30,13,10,9,58,42,33,45,32,37,56,19,28,7,31,40,35,59,27,55,36,16,8,4,49,1,18,0,22,23,21,2,38,51,17,25,29,14,11,26,39,5,41,12,53,52,3,20,50,34,6,15,24,48,47
427;247;18225;5786;9,18,12,29,34,5,55,50,39,10,56,31,22,36,3,33,30,42,8,21,11,53,41,25,4,20,45,23,27,48,2,1,7,38,15,0,58,17,28,54,13,57,16,49,59,44,46,14,37,26,35,6,40,24,43,52,47,51,19,32
428;231;14996;4934;26,19,31,37,22,9,2,30,17,43,25,57,29,53,33,1,56,14,20,46,40,47,50,18,52,54,35,48,11,59,16,15,13,49,28,36,38,21,42,44,41,6,5,4,27,34,10,0,8,7,58,45,12,3,32,23,24,51,39,55
429;233;20528;6211;15,29,33,26,51,4,47,58,13,10,14,0,42,16,55,44,30,52,35,38,54,25,20,23,39,18,9,11,12,34,49,5,3,7,53,45,8,22,57,2,36,28,27,1,24,59,32,6,19,17,31,50,48,41,37,40,21,43,56,46
430;250;37719;11707;16,9,59,48,45,46,6,39,58,13,20,28,12,47,24,27,42,34,14,8,40,41,10,18,49,50,2,51,3,11,29,7,22,17,54,38,57,19,37,55,36,4,32,52,1,33,31,56,15,0,23,35,43,21,44,26,30,53,25,5
431;239;30232;8927;34,41,8,1,14,54,55,47,21,32,57,44,3,23,36,29,9,26,5,48,10,52,17,43,11,58,28,12,39,35,40,4,45,13,18,33,38,46,22,59,0,15,20,37,53,56,24,16,51,30,42,6,2,50,27,49,25,31,19,7
432;267;28158;8698;20,38,13,37,52,35,5,7,49,24,6,15,33,10,45,27,32,0,11,25,46,57,29,3,41,39,19,56,17,48,18,31,28,55,59,58,50,14,26,42,43,40,36,4,8,2,53,54,47,21,23,30,16,9,51,1,34,44,22,12
433;227;19463;5822;8,40,23,20,6,39,5,9,55,56,18,52,29,45,49,53,28,2,1,37,30,27,58,44,59,33,46,26,42,0,15,50,47,34,38,51,17,10,32,4,57,22,3,13,25,43,14,35,11,48,41,19,7,36,16,31,12,24,21,54
434;231;14036;5511;3,22,39,20,59,55,29,27,21,58,25,26,7,54,23,16,10,49,17,9,1,48,34,8,38,43,28,5,50,0,45,13,41,37,2,31,47,42,24,30,56,6,18,52,53,51,46,33,4,57,12,15,11,35,32,36,40,14,19,44
435;237;23722;10988;26,22,57,33,44,16,20,36,8,37,19,50,7,49,15,43,17,52,24,42,40,13,48,59,3,0,31,34,47,4,14,5,9,25,39,23,56,30,2,11,12,58,27,46,29,1,35,6,28,55,38,45,41,53,51,18,32,54,10,21
436;235;12666;5627;11,45,15,59,24,34,8,48,50,46,5,41,36,57,7,31,49,10,6,3,58,30,54,21,25,28,33,12,27,26,39,9,32,42,23,37,29,0,56,14,18,20,22,16,38,2,13,43,17,52,4,19,53,47,1,51,44,55,35,40
437;230;15167;7462;52,10,12,9,8,5,2,20,55,32,37,16,39,6,3,48,13,4,57,47,56,38,33,21,27,34,19,0,53,43,46,30,44,1,25,7,51,23,49,14,29,35,45,18,24,40,36,11,31,42,15,54,22,26,58,17,41,50,59,28
438;207;15205;7265;24,26,51,38,21,30,35,31,8,46,54,37,20,53,23,34,41,58,48,27,32,15,47,45,17,1,16,55,0,56,57,22,44,10,59,50,25,9,33,43,11,28,36,40,4,42,49,19,6,14,18,13,29,12,5,3,7,2,52,39
439;216;10394;5191;13,41,59,22,10,9,7,52,47,28,24,30,11,4,3,16,2,49,26,38,56,54,19,6,17,32,55,40,18,35,45,25,58,29,14,33,12,53,1,15,21,46,34,37,8,48,23,44,27,50,36,51,5,20,31,57,42,39,43,0
440;233;22754;11102;5,9,59,56,18,14,32,12,2,19,35,17,41,54,24,42,52,30,22,1,0,8,4,29,27,33,25,38,53,48,23,20,57,50,36,13,46,45,3,15,28,49,44,58,51,26,7,47,39,6,31,37,21,16,43,55,40,11,10,34
441;250;28452;13836;1,43,12,47,22,38,57,5,31,27,21,35,2,3,42,4,13,25,51,9,56,36,24,49,40,19,23,32,8,26,16,48,28,30,0,39,34,20,14,15,10,11,17,50,7,29,53,18,59,6,55,46,54,33,52,44,41,45,37,58
442;259;23360;11151;52,10,39,8,20,13,23,27,55,57,48,14,38,41,5,17,1,24,47,58,49,37,26,34,9,16,54,6,31,43,59,45,25,42,4,51,33,44,35,21,15,32,28,29,30,3,46,7,53,56,2,50,12,0,18,22,11,36,40,19
443;237;14398;6986;10,51,0,57,29,22,17,5,14,1,33,4,38,25,19,46,8,55,56,16,42,53,26,24,41,20,28,49,40,59,18,47,12,27,54,21,44,43,45,34,36,31,32,50,9,7,15,11,37,39,23,2,52,58,3,48,35,30,6,13
444;243;25504;12655;58,15,18,13,16,52,0,55,42,59,49,51,22,5,17,41,53,36,6,25,29,46,11,44,40,37,34,24,4,50,21,8,45,12,1,28,47,9,39,38,54,14,27,31,32,26,20,43,35,2,33,23,19,48,10,30,3,57,7,56
445;221;15568;7305;56,25,29,24,51,57,30,58,46,22,5,19,44,34,8,50,33,32,11,52,13,59,53,15,39,14,27,6,45,16,36,40,35,42,21,47,23,20,41,7,31,0,37,9,4,55,54,10,49,1,3,12,26,17,2,38,28,48,43,18
446;231;14793;7103;34,32,3,47,8,25,9,51,37,35,53,13,20,56,41,19,29,50,5,55,52,30,22,57,11,1,18,15,17,10,0,58,43,2,46,4,40,21,54,59,6,49,16,14,28,23,33,12,38,31,36,42,24,48,26,27,7,45,39,44
447;238;17117;6207;24,29,17,1,13,46,51,57,33,49,20,59,0,22,2,52,44,18,54,56,32,23,35,3,36,39,7,19,27,14,50,40,4,41,8,31,15,42,11,48,25,26,30,53,12,47,38,55,16,28,5,9,43,45,34,58,21,37,10,6
448;244;18403;10133;54,36,12,58,55,1,34,7,50,44,24,59,31,35,39,49,47,23,29,25,19,13,53,46,6,4,21,16,30,22,8,20,27,48,33,57,2,5,26,15,45,32,11,51,18,38,28,0,3,40,42,17,37,14,9,41,56,52,43,10
449;234;15251;10008;48,34,45,41,42,56,12,27,38,39,1,47,10,14,28,37,40,22,19,18,20,58,30,52,44,49,50,29,25,35,31,13,17,2,46,54,24,26,0,57,33,21,8,53,3,9,36,11,23,43,16,5,4,51,6,15,7,55,32,59
450;263;23146;13966;36,52,32,28,47,6,12,5,14,53,8,24,54,2,29,30,13,41,17,23,11,58,4,40,33,16,57,48,50,34,9,25,55,15,3,45,31,27,38,18,1,19,49,35,56,10,44,22,7,0,39,51,43,37,21,26,42,46,59,20
451;225;8644;2677;1,42,23,35,56,3,7,17,51,44,8,40,29,11,57,26,59,39,50,25,19,14,22,20,53,41,18,37,34,58,13,21,28,33,32,38,6,2,45,16,46,30,12,5,55,4,27,52,31,48,0,15,10,54,24,36,9,47,43,49
452;231;14723;4362;19,28,9,16,8,36,20,34,15,1,58,7,52,21,12,44,11,53,43,59,18,17,56,45,49,35,26,6,3,46,13,41,33,0,23,24,14,25,5,27,30,4,42,51,55,38,31,32,48,50,57,40,47,2,54,39,37,29,10,22
453;219;7213;2228;32,33,10,9,23,37,11,21,38,50,34,17,0,27,7,6,18,22,4,58,59,24,57,51,28,55,12,1,40,42,14,16,49,3,19,15,29,25,41,46,52,48,8,36,13,26,44,43,20,30,54,56,31,35,5,2,45,53,47,39
454;217;8510;2828;6,36,21,2,42,49,24,30,54,33,7,51,59,0,45,25,57,50,15,41,31,32,40,48,3,5,27,23,44,43,29,14,52,47,46,18,39,34,26,9,12,22,53,4,8,56,55,1,38,20,13,35,17,11,28,19,16,58,37,10
455;234;21612;6850;53,49,38,47,32,11,58,21,5,26,0,9,25,10,30,51,50,43,56,33,42,3,27,15,8,20,1,54,36,41,57,23,16,46,12,14,39,44,22,18,45,31,2,7,19,24,59,37,17,29,13,34,48,6,35,52,28,55,4,40
456;212;21116;6207;8,16,14,51,42,57,21,37,59,47,53,38,19,2,25,41,52,20,56,5,4,9,39,46,28,15,33,34,1,3,54,43,27,45,0,48,18,23,6,40,36,13,32,31,17,22,55,30,12,29,50,26,44,24,10,58,11,7,35,49
457;225;19933;6771;8,0,11,41,58,26,7,33,25,13,14,22,19,9,6,51,57,35,16,20,48,37,18,46,50,12,44,43,56,3,52,1,17,34,54,31,23,29,40,4,38,27,47,59,42,28,36,30,53,21,55,39,10,32,24,5,49,45,2,15
458;219;17897;5296;54,28,31,14,34,18,51,36,56,25,57,20,48,35,45,16,33,59,46,29,44,17,1,8,12,27,41,55,43,2,24,58,4,52,11,21,50,0,47,9,38,30,10,3,13,22,53,40,42,26,23,6,19,15,49,39,5,7,32,37
459;211;18150;6080;42,8,9,7,20,2,43,51,53,16,28,48,25,35,21,50,23,38,52,5,58,4,19,56,11,39,12,34,59,41,17,10,32,27,6,36,46,30,1,31,3,26,14,37,13,45,49,57,22,33,47,0,18,54,15,24,55,44,29,40
460;221;20267;7031;3,48,45,5,30,50,52,17,7,29,51,12,33,46,20,14,36,58,41,34,22,13,16,1,56,26,0,24,15,35,31,6,23,18,47,21,8,38,59,39,53,11,19,27,40,57,4,49,54,37,9,2,43,32,25,10,44,42,28,55
461;235;17745;5574;24,22,15,52,3,17,21,10,33,20,34,44,7,55,54,32,14,9,45,31,19,51,38,42,35,29,16,50,28,11,1,5,56,46,58,39,47,27,40,57,13,12,49,25,2,26,59,30,0,8,23,53,48,43,4,36,18,6,41,37
462;231;24317;8679;54,2,25,4,9,19,20,51,42,7,18,47,27,46,50,44,56,40,35,23,53,30,6,11,16,0,21,43,55,41,8,32,28,31,14,38,17,12,24,45,15,1,33,52,29,26,13,57,22,5,39,59,3,34,36,10,58,48,49,37
463;217;12233;3645;51,10,38,43,11,17,48,28,16,55,15,8,29,24,26,32,37,2,20,6,44,27,19,34,56,4,53,13,33,47,58,42,35,46,50,57,49,21,54,14,23,39,25,0,30,12,45,18,59,31,40,9,7,52,5,22,41,36,3,1
464;224;11757;3735;39,20,22,51,4,17,14,59,35,19,27,56,32,43,38,18,49,37,34,3,25,36,6,50,23,28,54,33,13,46,2,21,48,1,0,12,30,16,40,15,29,42,44,9,11,52,8,26,7,57,31,10,47,24,45,55,5,53,58,41
465;229;17594;5472;23,37,52,44,19,9,53,46,24,33,8,26,49,57,34,15,35,4,32,41,29,47,39,30,54,43,48,27,59,11,5,10,21,36,2,0,13,31,42,17,3,55,50,45,1,40,12,58,6,7,20,51,18,28,38,14,56,25,22,16
466;211;9692;3417;29,46,17,39,49,36,37,2,22,53,51,6,52,12,14,38,10,40,11,18,44,48,57,3,16,28,1,20,55,13,5,31,43,26,4,35,8,23,32,25,7,59,27,15,41,21,9,34,30,33,0,50,42,45,47,24,56,58,19,54
467;258;23311;6854;53,48,25,20,56,8,4,18,55,5,51,34,6,45,46,21,44,30,19,10,52,54,26,9,49,16,17,38,12,41,29,7,11,58,47,59,2,57,28,50,27,39,35,40,24,13,1,42,3,0,36,37,14,23,43,31,22,33,32,15
468;218;14580;4338;59,9,0,28,55,40,36,15,57,20,32,25,30,54,7,19,48,17,1,37,41,4,10,50,5,52,51,12,8,56,27,43,13,35,38,58,31,26,24,47,11,45,18,42,6,53,39,16,34,44,23,3,49,14,2,29,21,46,33,22
469;258;25793;8198;16,32,22,29,55,42,23,53,13,35,26,43,4,47,11,52,48,5,14,59,36,45,41,21,10,15,39,3,6,2,28,24,46,44,17,37,31,30,58,1,51,0,40,33,8,56,50,19,34,27,9,54,57,49,7,20,12,18,25,38
470;210;10027;3033;41,33,7,10,49,34,16,8,2,43,55,57,44,35,37,0,30,27,32,53,22,17,20,47,18,54,28,19,39,24,50,58,12,26,38,15,4,6,40,36,13,56,46,52,42,59,14,1,9,23,45,31,11,29,48,21,51,3,25,5
471;250;27861;8644;47,32,36,44,5,48,23,14,18,4,27,11,20,16,51,29,12,19,43,15,34,39,56,25,28,13,45,42,22,58,3,55,54,49,41,8,31,6,17,38,57,53,2,46,24,0,50,37,35,9,52,1,10,59,33,30,26,7,40,21
472;239;10925;3313;55,11,17,28,44,19,36,15,4,10,20,50,53,30,2,58,32,59,21,25,51,16,57,35,18,49,48,33,29,22,5,39,13,12,14,9,3,38,52,42,1,37,27,56,8,24,45,47,7,40,23,31,41,46,6,26,43,54,0,34
473;244;24537;7133;9,47,53,41,11,37,45,28,58,21,43,46,49,12,15,40,10,34,56,50,48,35,18,44,16,27,1,51,59,52,36,7,14,25,55,33,13,0,39,31,4,23,6,30,42,22,2,24,17,54,8,32,20,29,3,19,26,5,57,38
474;258;12580;4299;3,4,53,0,49,29,13,1,58,57,24,46,28,42,5,33,19,59,32,39,10,22,25,50,18,43,44,7,27,6,47,9,36,23,45,20,34,17,41,56,38,16,54,21,37,48,14,15,26,8,30,2,40,31,51,11,52,55,12,35
475;227;12587;3876;58,55,42,30,35,20,54,33,13,19,32,46,10,44,4,7,29,31,18,21,28,14,40,51,37,23,57,15,43,6,49,53,26,36,48,47,11,59,52,50,25,45,0,3,1,16,39,34,17,22,8,27,5,38,41,56,12,24,2,9
476;226;15358;4536;33,35,48,54,10,24,13,1,2,11,52,28,38,15,14,27,3,44,20,37,49,57,16,7,55,26,23,6,29,43,34,31,12,51,45,0,30,46,32,22,59,50,25,40,41,47,8,19,42,5,39,36,58,4,21,17,56,53,9,18
477;238;18208;5426;43,19,25,44,47,39,6,13,50,32,59,11,24,49,17,34,23,15,2,8,54,18,26,38,20,22,52,5,28,37,42,31,56,12,7,3,48,51,0,16,30,14,58,21,33,57,4,1,36,40,35,55,29,53,45,46,27,10,41,9
478;216;14443;5193;0,9,54,10,23,5,53,48,39,40,14,33,46,3,20,18,24,6,7,30,42,47,58,32,56,34,26,44,49,2,15,4,50,21,29,38,52,25,19,11,8,28,45,12,16,57,31,35,13,37,51,36,41,55,43,22,27,17,59,1
479;247;15130;4420;44,52,17,43,55,13,22,33,45,5,34,54,53,39,20,56,1,29,23,4,10,50,38,48,35,3,47,12,28,25,15,49,14,24,58,16,0,27,31,46,59,21,51,9,42,32,18,30,7,37,36,40,8,57,41,26,19,6,2,11
480;201;16547;4880;59,37,47,32,41,39,40,58,27,52,25,21,13,3,33,16,53,44,42,43,19,26,34,0,38,51,29,50,9,20,15,23,49,36,12,45,35,10,22,7,5,4,11,8,54,48,14,24,28,55,17,18,2,30,6,31,1,57,56,46
481;232;15938;4893;5,0,18,22,47,24,34,51,49,44,8,12,58,11,1,29,59,43,9,38,56,14,4,28,15,31,32,55,53,2,17,57,50,25,13,23,16,30,54,39,42,7,19,33,21,6,45,3,52,26,40,37,35,46,36,41,48,10,20,27
482;252;22159;6705;43,33,16,0,13,10,47,5,2,53,6,48,37,26,12,36,42,56,57,45,40,32,11,18,9,41,8,30,29,49,35,38,4,14,24,52,46,54,27,51,34,1,50,21,19,3,59,44,25,17,22,39,28,23,7,58,55,15,20,31
483;219;15526;4528;49,40,22,33,19,12,43,30,51,18,58,13,38,15,24,47,6,23,53,20,0,36,39,46,21,52,29,37,17,10,35,31,7,9,34,59,14,27,32,3,41,57,8,26,16,2,45,48,25,11,50,42,55,54,28,4,5,1,56,44
484;201;14047;5146;28,18,5,22,50,49,52,51,15,45,55,47,10,25,40,11,34,41,14,3,1,53,43,31,13,56,59,17,8,44,2,36,37,35,54,4,27,38,7,20,42,21,30,23,9,0,33,48,16,19,26,46,58,39,6,24,32,29,57,12
485;255;22578;6728;41,3,5,48,2,36,57,21,1,47,50,11,55,44,35,10,23,40,13,7,37,46,19,17,52,28,42,4,45,20,14,26,8,39,31,25,22,9,43,33,51,18,38,53,54,12,15,6,0,29,32,24,58,34,27,49,56,59,16,30
486;249;21567;6330;15,29,6,54,18,11,53,52,3,51,55,39,32,12,47,23,50,2,22,31,27,40,34,5,26,38,48,13,8,44,7,58,0,49,57,20,25,56,19,36,21,59,24,9,1,17,42,10,16,46,33,41,28,30,37,14,35,45,43,4
487;248;22802;7274;15,29,2,7,11,0,31,38,39,42,55,47,6,8,20,30,36,14,53,57,32,46,48,49,56,58,25,33,34,19,50,1,17,16,43,35,12,52,26,21,44,10,9,59,40,22,18,24,23,51,28,27,3,45,41,13,5,54,4,37
488;208;10167;3037;34,19,29,10,41,1,5,28,37,25,14,38,3,45,55,48,31,47,24,33,22,42,12,18,9,40,16,53,43,2,59,58,50,20,17,0,36,52,49,15,4,54,32,57,11,51,27,56,8,7,35,39,26,6,21,23,30,46,44,13
489;236;20317;6033;1,51,25,34,17,0,57,55,35,27,8,9,52,16,4,47,18,49,37,36,24,21,26,38,58,3,59,46,30,20,33,5,31,41,54,53,29,14,43,13,23,6,22,50,42,7,10,48,56,11,12,45,2,39,28,44,32,15,19,40
490;218;9235;3499;39,56,57,19,44,14,0,13,49,46,22,26,40,1,9,4,41,10,37,25,43,47,48,42,34,45,36,33,50,24,23,53,29,16,7,35,12,27,38,18,8,30,31,2,3,15,51,6,55,59,17,21,32,28,11,5,52,54,20,58
491;251;22059;6555;29,4,35,38,37,25,24,58,0,3,26,28,41,8,7,16,27,46,32,9,40,20,50,23,55,39,1,18,11,44,45,21,52,42,14,49,5,2,10,13,36,34,48,6,33,53,30,57,17,31,59,56,47,43,54,22,51,15,12,19
492;221;15841;4808;28,10,16,49,36,30,19,8,51,57,5,0,43,50,18,46,55,15,41,45,35,47,42,11,4,3,25,22,12,27,7,52,1,2,59,14,58,31,9,54,29,26,17,48,44,6,33,32,53,21,34,24,56,23,39,13,37,38,20,40
493;237;16395;5342;57,9,28,0,42,3,2,50,17,5,51,59,26,43,19,48,34,18,37,47,12,41,53,44,36,52,29,15,45,6,21,7,16,20,1,31,33,8,35,38,55,13,32,39,40,10,25,30,27,14,54,58,11,23,46,22,56,4,24,49
494;214;15187;4830;1,40,55,58,57,45,2,20,39,32,27,28,51,13,16,24,41,29,19,34,49,30,0,52,44,42,48,4,36,43,37,11,9,50,53,38,7,14,22,46,59,3,26,25,56,47,33,35,54,8,21,23,10,31,5,18,15,12,6,17
495;221;8793;2800;14,5,52,32,31,54,6,59,28,58,17,33,49,40,46,25,10,29,3,56,0,9,48,37,21,47,30,43,27,39,22,11,12,42,26,51,45,38,44,53,24,13,8,55,57,16,2,41,36,4,50,23,19,15,18,35,20,7,1,34
496;226;14894;4542;9,57,4,29,19,28,8,14,13,24,31,46,7,49,54,32,10,18,0,41,22,55,2,42,59,23,37,27,33,12,16,53,52,45,48,30,36,58,11,25,40,35,44,5,21,34,38,56,15,3,17,51,1,50,20,47,6,39,43,26
497;271;34750;10774;29,4,45,17,54,31,33,22,59,24,52,26,14,3,11,6,55,19,13,28,0,15,47,5,40,53,8,12,20,18,39,43,1,36,30,49,38,51,50,46,25,35,9,10,34,57,48,58,41,37,21,23,32,56,7,27,44,42,2,16
498;236;16517;5252;48,22,55,10,13,21,18,12,3,40,6,50,46,35,0,39,34,11,1,37,20,24,16,30,19,52,4,14,27,26,31,5,56,54,49,2,57,53,25,23,45,9,43,29,51,58,15,28,44,33,42,38,17,36,41,8,7,47,32,59
499;236;21032;6761;37,6,27,58,55,19,32,53,34,56,46,54,3,22,26,17,52,40,13,36,4,28,41,23,44,50,7,29,57,0,51,18,12,14,38,8,20,47,33,39,30,5,1,2,59,9,16,43,48,24,25,31,42,21,49,15,35,11,10,45
