0;128;633601;282338;74,65,13,95,1,79,59,70,51,12,33,84,64,99,72,81,75,19,6,10,60,41,54,20,50,35,88,26,49,28,47,11,40,53,97,69,77,56,42,27,38,2,5,57,96,32,86,87,80,21,39,16,85,0,9,29,94,93,43,62,48,63,34,23,18,58,17,71,73,67,22,14,25,76,4,92,98,52,7,44,36,91,3,24,89,46,82,37,31,45,8,61,66,78,15,83,68,90,55,30
1;144;712801;314554;68,81,19,77,30,67,74,88,79,94,69,20,6,87,91,35,12,80,92,86,89,93,22,84,98,43,32,47,28,44,36,55,83,63,59,14,18,41,16,31,62,53,37,1,24,65,29,33,13,34,7,70,5,76,56,42,23,40,27,58,97,48,2,73,0,85,26,95,49,17,25,71,9,51,21,3,72,11,99,4,52,8,50,46,78,96,90,75,10,82,15,66,54,39,57,60,38,45,61,64
2;155;767251;357403;84,36,26,30,44,73,17,88,93,64,47,67,65,2,52,94,19,85,77,42,56,59,58,35,54,24,32,70,79,12,74,11,82,83,48,31,28,4,8,15,71,72,46,96,61,13,37,63,55,39,21,66,20,95,27,91,38,23,76,50,40,5,90,0,16,29,87,62,49,25,14,41,18,80,10,60,1,9,51,69,81,33,6,34,43,3,75,68,7,53,45,99,22,89,86,98,78,97,57,92
3;150;742501;327314;84,81,26,80,44,65,49,36,64,47,69,25,93,46,40,77,29,28,2,0,5,86,97,18,22,98,88,32,30,79,67,48,58,66,72,39,37,12,74,54,23,92,24,53,21,59,55,96,87,4,99,14,45,1,52,43,38,33,51,56,60,10,91,6,34,62,35,27,16,20,50,57,76,41,42,9,73,85,95,19,94,17,15,75,13,63,7,31,90,61,82,83,68,3,71,11,8,78,89,70
4;137;678151;321621;84,81,49,80,44,65,69,36,64,26,47,28,25,71,31,1,13,70,33,51,63,52,62,6,9,50,88,79,30,32,67,60,42,76,17,27,94,85,19,40,5,91,56,57,99,86,77,20,53,10,2,38,59,11,16,14,34,95,35,83,46,61,12,98,18,15,21,92,41,4,7,75,8,72,39,96,54,66,22,24,55,37,23,29,43,97,3,78,58,48,73,89,68,82,45,74,0,93,90,87
5;129;638551;300632;35,49,80,74,30,79,12,88,67,26,47,59,16,29,66,65,13,70,0,25,61,84,71,94,60,56,32,69,36,81,44,57,50,27,99,20,18,62,33,76,75,41,91,1,2,77,40,5,42,10,23,19,38,98,52,87,7,86,53,90,89,68,31,11,51,93,83,63,37,95,73,17,9,85,46,72,4,48,6,28,92,8,21,14,43,97,55,96,82,39,3,58,24,54,78,22,45,15,34,64
6;158;782101;352774;80,36,69,79,44,67,64,88,30,49,81,65,25,58,54,24,66,55,39,96,22,95,10,7,43,45,32,29,0,70,93,99,11,91,77,63,37,61,46,83,3,21,8,62,60,51,31,33,1,15,72,71,41,18,74,12,6,14,87,68,59,35,53,86,73,89,4,92,98,52,90,17,38,9,19,94,85,28,16,26,47,84,78,76,57,42,48,5,75,97,2,56,27,40,23,50,34,82,20,13
7;150;742501;329384;12,36,19,85,64,80,94,44,65,81,69,86,92,91,46,52,28,4,8,7,63,87,50,55,43,3,88,79,30,32,67,5,40,17,27,26,2,56,77,47,99,72,42,45,76,73,93,23,58,78,97,20,11,59,95,84,74,35,16,82,15,83,61,18,57,22,41,21,25,14,96,0,34,66,38,89,29,9,31,98,53,37,71,24,1,10,90,60,68,6,13,75,39,48,70,62,33,51,54,49
8;137;678151;294409;85,30,49,19,81,80,94,88,69,79,67,8,16,20,75,87,9,2,38,10,48,93,55,43,71,0,32,65,64,36,44,96,23,22,50,14,41,18,17,58,76,57,73,24,95,47,28,26,25,34,54,84,78,92,45,68,82,12,74,15,3,6,7,91,51,83,29,31,98,33,37,1,63,13,56,99,72,5,4,77,42,52,53,35,27,39,89,46,90,21,60,66,62,61,86,11,97,40,59,70
9;124;613801;267400;13,79,33,67,1,30,51,70,88,81,65,93,6,23,73,12,20,74,58,59,90,87,0,63,89,29,32,28,36,14,44,72,83,4,48,37,19,16,94,31,15,82,85,38,18,2,92,46,52,9,41,53,78,56,45,43,40,42,5,97,3,68,84,95,98,25,26,49,47,64,22,75,91,7,21,11,69,61,77,80,35,8,66,34,54,71,27,10,57,24,55,17,50,60,99,62,96,39,76,86
10;170;841501;365414;5,32,67,2,30,36,69,88,81,77,79,75,40,53,38,4,6,52,86,8,46,0,90,16,31,37,44,85,64,80,94,7,13,91,59,51,98,12,70,95,63,92,1,43,34,84,33,29,9,83,62,93,50,96,97,99,66,57,78,39,48,23,14,47,35,28,25,18,49,26,71,73,41,17,72,27,20,19,76,42,56,87,45,61,68,89,22,15,54,3,74,24,11,82,55,58,10,60,21,65
11;145;717751;317452;84,65,51,49,1,47,26,70,88,93,33,95,64,94,16,30,91,67,85,63,25,53,60,50,99,72,32,98,52,81,4,15,11,42,3,6,37,83,55,8,97,31,45,56,10,77,19,40,5,2,46,86,9,80,90,29,35,17,73,62,7,0,22,87,27,75,14,34,28,38,57,20,18,76,59,12,13,74,43,36,79,44,89,58,66,78,41,82,71,54,68,21,48,39,92,96,24,61,23,69
12;136;673201;302848;42,32,19,64,69,44,94,81,36,40,77,65,5,53,20,4,98,52,86,10,76,49,57,16,24,66,88,67,30,28,79,12,99,23,92,87,9,38,85,48,74,89,72,55,39,93,17,73,0,58,59,26,31,11,29,95,71,37,83,60,63,13,34,25,96,21,35,61,80,14,22,41,54,18,1,91,33,70,51,56,27,84,15,6,7,82,75,50,62,8,97,45,3,78,90,43,2,46,68,47
13;126;623701;270558;74,70,95,81,51,64,84,36,44,79,1,69,59,38,9,52,4,98,85,7,6,26,58,27,99,57,88,67,30,49,32,96,62,50,24,18,86,16,53,0,66,55,41,25,23,28,14,76,20,22,54,47,89,11,91,68,83,29,90,31,63,13,71,42,37,60,73,77,17,56,10,93,5,40,19,65,33,94,92,35,80,12,46,78,8,39,43,48,34,45,61,75,97,72,21,3,82,15,2,87
14;144;712801;309937;16,28,26,86,49,94,80,32,85,65,47,37,35,74,33,70,51,98,1,95,59,8,78,17,27,76,88,44,30,67,36,75,5,19,48,56,77,42,4,10,60,40,52,23,91,81,69,72,20,99,97,6,29,61,15,31,66,25,0,11,21,82,90,84,68,38,93,71,64,73,89,2,9,46,12,92,18,53,41,14,87,83,63,45,54,50,39,7,55,62,13,57,3,58,34,24,96,22,43,79
15;134;663301;336267;25,67,47,14,30,44,28,88,36,26,49,87,81,41,18,94,80,85,16,19,0,63,71,91,15,31,32,77,79,70,74,11,48,39,45,96,4,52,72,66,35,8,99,3,82,37,55,83,59,21,97,13,5,29,75,23,90,20,10,7,2,9,92,33,6,58,51,12,95,1,54,68,24,89,93,98,22,69,73,84,64,17,50,42,46,38,56,53,27,34,57,78,40,43,76,65,61,62,60,86
16;124;613801;267118;2,81,19,86,44,85,94,36,32,28,69,77,46,70,12,51,84,95,1,92,74,80,22,21,54,96,88,79,30,37,67,58,17,62,23,93,65,33,47,73,43,64,26,39,59,41,0,66,25,24,71,55,9,89,87,38,82,72,29,60,10,53,68,31,16,3,6,15,8,83,45,61,11,35,52,40,5,4,27,42,98,56,48,99,20,13,97,91,78,75,7,63,34,18,90,57,76,50,14,49
17;156;772201;387493;84,36,64,95,30,79,51,88,67,81,44,25,65,42,27,77,5,69,40,17,73,82,66,29,18,50,32,86,85,19,94,48,99,98,23,4,2,56,10,72,20,75,9,46,8,87,52,53,38,76,41,14,47,80,93,26,34,49,35,43,63,6,12,0,15,55,83,16,37,31,71,92,45,89,74,59,91,13,68,1,70,33,97,54,90,57,11,22,61,3,60,96,39,58,78,21,62,7,24,28
18;133;658351;288553;38,32,4,77,98,87,53,81,86,69,52,70,19,16,26,85,80,94,49,9,17,36,43,74,3,58,88,79,30,28,67,96,66,39,57,24,0,41,29,99,72,18,62,15,82,8,55,46,2,45,78,21,33,13,51,1,63,65,91,83,84,95,34,35,92,7,44,14,64,6,75,68,59,12,76,50,27,37,56,40,42,5,93,90,20,54,11,25,97,23,31,61,22,73,71,48,10,60,89,47
19;139;688051;346663;0,30,79,80,49,65,26,88,47,93,67,64,94,14,75,28,41,85,18,16,48,84,39,59,34,35,32,44,36,1,70,2,27,5,97,40,87,38,86,56,76,50,53,11,17,81,77,42,69,98,46,95,3,31,45,43,15,29,99,7,72,62,66,12,60,55,83,92,37,74,24,71,63,13,4,6,68,52,91,19,8,33,73,54,82,57,61,20,25,21,9,22,96,23,90,58,89,78,10,51
20;132;653401;288865;84,70,1,79,32,67,51,88,30,36,81,95,69,71,39,85,28,94,13,46,82,91,25,38,18,62,49,93,26,65,47,35,31,16,66,37,17,55,73,83,63,24,9,43,14,0,80,29,44,41,34,64,57,59,60,6,99,74,68,72,8,78,90,52,45,98,92,4,12,87,7,89,53,86,40,5,42,77,27,19,2,56,21,10,23,96,20,54,76,3,11,61,22,15,58,50,48,97,75,33
21;124;613801;266860;80,36,64,69,44,67,79,88,30,49,65,81,25,63,13,47,26,28,0,70,46,53,90,50,31,29,32,95,51,37,86,99,20,56,2,19,85,82,94,10,72,74,9,5,89,42,77,12,92,15,8,40,39,84,96,55,59,24,54,58,22,66,6,52,27,33,1,11,98,38,97,91,4,76,21,61,34,41,14,16,35,87,3,62,93,60,23,57,48,45,71,78,7,68,43,18,17,73,75,83
22;132;653401;284911;12,80,19,81,64,36,69,65,44,85,94,2,92,89,27,86,87,37,91,25,84,13,59,43,17,73,88,79,30,32,67,22,50,98,83,76,14,41,18,38,57,16,53,23,58,52,20,35,4,34,63,6,8,48,28,46,39,72,99,97,66,0,78,68,71,15,55,82,74,45,21,31,3,93,40,5,42,47,56,49,26,77,9,61,62,96,29,54,90,1,95,75,7,10,51,60,33,24,11,70
23;122;603901;271857;19,80,94,32,64,36,69,65,44,92,12,86,85,51,84,25,87,49,95,9,38,1,97,74,43,45,88,79,30,70,67,5,40,72,23,8,26,17,47,42,56,73,93,3,10,52,77,99,4,78,48,6,83,28,31,37,46,53,63,24,89,91,55,76,68,50,35,34,98,59,57,60,20,13,62,16,18,41,33,29,0,14,15,21,7,75,82,2,71,22,27,58,96,54,61,11,90,66,39,81
24;119;589051;256905;67,88,69,94,44,65,80,36,64,81,30,19,49,85,9,47,73,26,93,17,95,79,57,61,58,24,32,87,28,86,14,31,83,21,11,41,98,0,18,53,63,29,16,96,74,59,35,34,55,22,71,66,78,89,33,91,97,68,8,90,1,51,99,76,39,23,20,72,70,46,48,54,13,25,27,42,5,40,56,77,84,2,45,4,43,12,6,15,75,3,62,92,50,38,7,52,60,10,82,37
25;138;683101;295877;93,79,36,49,30,26,67,88,47,64,44,28,84,12,63,85,16,9,74,95,7,27,48,50,5,40,32,53,86,38,87,15,94,56,2,42,37,8,83,19,29,46,31,10,99,4,77,72,89,92,75,91,1,98,70,65,22,51,33,34,13,43,58,20,60,23,0,71,14,76,41,62,57,18,73,80,35,17,59,81,69,25,78,96,11,68,24,3,54,55,82,6,97,45,21,39,90,61,66,52
26;127;628651;273476;52,32,67,53,30,86,38,88,87,70,79,98,4,85,46,28,8,37,16,83,31,69,58,40,71,76,36,92,44,65,12,45,84,0,55,80,49,25,47,93,43,35,26,23,9,17,94,73,19,34,24,20,13,91,68,74,33,89,63,18,59,48,62,56,10,90,75,29,7,5,2,60,27,42,51,14,1,95,72,6,81,77,21,78,3,66,50,54,97,41,61,22,99,39,11,96,82,15,57,64
27;157;777151;338618;92,44,12,94,64,19,80,36,65,81,69,49,25,74,22,28,59,98,16,35,34,4,97,72,31,45,88,79,30,32,67,23,41,54,48,66,14,86,87,96,58,53,38,3,15,55,24,39,37,21,83,99,33,13,95,51,90,70,1,29,43,0,5,42,6,40,46,61,2,77,78,68,56,8,73,17,26,9,93,47,85,84,71,27,62,50,91,82,10,60,18,57,11,76,75,20,63,7,89,52
28;154;762301;330976;33,32,1,80,30,49,65,88,81,51,70,69,13,86,53,52,38,4,87,98,7,0,62,66,3,29,93,9,73,85,17,60,40,10,50,77,20,27,56,5,72,76,42,31,21,2,19,99,23,15,45,58,35,16,59,84,61,25,74,46,92,12,54,24,71,96,47,37,26,28,41,82,39,55,8,95,44,6,36,79,67,64,97,22,68,75,63,48,83,78,89,57,18,43,91,34,11,90,14,94
29;120;594001;257708;0,79,26,73,30,93,17,88,67,49,47,20,23,63,92,83,4,37,31,6,12,69,2,64,98,51,32,28,36,14,44,60,38,40,10,86,91,89,52,95,53,29,19,1,46,56,27,42,77,5,33,81,55,57,45,16,43,41,18,72,3,99,59,34,70,61,80,21,25,35,13,84,22,65,68,74,48,9,66,85,94,58,62,71,78,75,96,7,39,24,90,50,76,97,82,54,15,8,11,87
30;120;594001;258504;89,88,68,86,67,85,0,79,94,91,30,32,29,35,62,65,33,93,80,8,59,19,10,20,40,42,36,69,44,28,81,61,83,25,21,51,64,16,49,11,1,41,37,5,22,84,95,26,77,56,27,2,12,72,82,74,48,4,92,15,90,6,52,53,46,18,87,38,14,98,23,75,50,76,17,71,63,73,9,70,13,31,97,24,78,96,45,66,34,60,99,39,54,55,3,57,43,7,58,47
31;149;737551;320466;31,86,16,0,85,80,49,32,94,83,37,25,29,9,46,87,38,53,50,96,39,1,97,95,42,5,88,79,30,70,67,10,73,19,48,2,76,72,20,17,75,99,23,40,27,44,36,69,77,56,60,64,92,26,15,89,61,47,91,22,54,82,35,74,13,93,33,12,65,51,68,6,59,84,55,24,28,66,63,18,41,14,52,90,57,8,45,7,3,34,4,78,71,43,98,62,58,21,11,81
32;134;663301;288000;4,37,53,19,86,94,52,32,85,83,98,70,31,60,10,42,56,95,1,9,99,74,2,59,6,77,88,79,30,36,67,45,17,84,5,93,47,51,49,73,43,33,26,68,23,64,65,81,69,3,75,80,71,24,13,63,55,28,82,66,48,46,54,21,25,96,14,39,87,12,22,58,34,35,72,8,15,89,92,29,38,0,40,61,50,7,18,90,16,20,91,78,57,97,76,11,27,62,41,44
33;137;678151;295162;33,36,64,81,1,95,84,70,51,65,44,69,93,48,75,14,85,28,2,12,74,20,78,56,77,72,88,79,30,32,67,16,29,38,18,53,37,92,83,15,89,46,31,76,68,52,86,4,8,50,45,6,34,80,63,13,24,35,59,22,58,23,5,94,27,66,49,91,25,19,55,40,0,42,7,9,17,98,73,26,47,43,21,60,11,3,96,97,54,39,82,99,57,41,61,62,90,71,10,87
34;133;658351;285518;6,81,68,94,30,67,19,88,79,77,74,85,69,65,33,0,26,93,43,47,45,84,66,28,34,63,32,64,36,51,44,9,15,7,10,4,29,37,31,92,38,12,83,22,61,98,52,53,87,75,55,14,97,76,89,86,57,20,99,3,91,27,60,71,25,39,1,82,70,13,54,24,59,46,78,5,56,40,72,42,8,2,90,21,18,16,23,80,58,17,49,35,96,11,73,48,62,50,41,95
35;132;653401;283730;82,85,74,4,94,52,28,32,19,92,12,98,86,8,46,55,72,37,99,45,48,93,78,43,47,26,88,79,30,70,67,80,40,49,25,5,36,2,44,42,56,75,77,73,59,51,69,95,84,17,35,1,18,76,41,14,57,20,50,10,16,87,62,91,33,7,6,0,68,64,27,65,63,13,83,89,38,31,9,29,15,53,96,71,22,97,34,23,24,21,39,11,90,58,54,3,61,66,60,81
36;166;821701;356421;13,88,33,17,1,73,84,70,93,95,51,9,91,6,98,67,79,30,4,52,7,65,61,28,16,83,32,64,36,81,44,3,29,31,78,85,77,72,74,15,82,68,8,55,46,19,94,2,37,45,43,80,23,71,5,42,90,60,10,89,40,56,58,24,92,22,47,63,26,49,54,12,14,25,53,50,76,86,20,38,87,27,59,96,48,21,34,11,57,18,99,0,39,35,62,41,75,97,66,69
37;140;693001;300668;92,88,1,35,70,12,59,79,74,6,30,80,4,66,55,87,72,77,99,98,53,93,78,0,26,47,32,65,64,36,44,2,27,60,50,20,56,5,42,76,23,75,40,71,85,19,10,94,17,28,46,73,91,37,83,33,89,13,63,86,97,11,90,7,9,31,52,8,38,29,45,84,62,43,16,48,51,49,95,81,69,68,22,15,21,57,3,14,61,54,96,18,41,34,58,25,24,39,82,67
38;142;702901;329647;33,36,64,84,30,51,1,88,70,65,44,95,91,18,75,86,53,87,14,38,48,26,39,47,58,23,81,94,69,80,19,15,46,5,82,2,32,72,85,56,8,99,28,83,11,42,77,40,16,3,21,37,89,62,68,7,34,29,90,35,6,98,13,73,31,63,0,43,93,17,24,55,71,45,4,92,12,52,74,79,67,59,57,66,76,78,60,41,10,22,50,54,61,96,97,9,20,27,25,49
39;143;707851;307768;69,32,81,4,30,79,52,88,67,44,36,6,19,0,46,28,26,47,93,49,8,87,22,75,99,27,70,33,1,65,51,71,83,98,66,91,29,55,31,63,89,24,37,60,72,77,86,53,40,62,97,42,38,85,12,92,73,9,17,16,59,74,48,18,56,34,76,23,20,14,57,5,50,10,95,94,80,25,35,64,84,68,61,58,7,2,41,43,82,21,11,39,54,3,15,78,90,45,96,13
40;134;663301;313765;45,32,47,31,49,83,55,37,16,93,26,63,81,5,42,77,17,69,40,73,23,64,7,80,20,76,88,79,30,36,67,86,87,46,50,19,2,75,14,38,53,18,28,92,68,98,52,4,8,72,48,6,96,21,54,66,61,41,39,3,58,22,33,59,12,1,13,43,70,65,94,74,34,35,71,11,0,51,24,84,95,25,29,62,60,56,57,27,99,82,15,89,97,90,85,78,10,9,91,44
41;143;707851;316886;17,65,84,49,44,26,93,36,47,80,64,37,73,53,35,86,14,28,98,18,34,77,97,56,99,72,88,67,30,32,79,15,76,20,46,52,87,38,12,19,45,50,92,57,78,6,4,8,68,3,48,74,71,1,51,33,63,70,13,62,31,83,60,40,58,10,69,27,91,5,75,23,42,2,41,94,0,16,29,9,85,43,11,96,59,89,24,21,25,55,90,82,39,61,22,66,7,95,54,81
42;180;891001;408292;94,49,19,69,64,36,80,65,44,47,26,81,84,13,43,0,29,70,62,98,7,25,92,68,22,58,88,67,30,32,79,34,18,66,63,87,59,35,74,41,96,12,16,54,82,55,14,24,39,57,37,21,10,85,60,17,52,9,73,91,27,5,75,8,61,72,2,4,77,6,15,46,99,3,1,93,56,33,40,95,51,42,50,97,20,83,45,53,38,11,76,31,48,86,23,89,71,90,78,28
43;149;737551;329192;27,51,91,81,1,64,84,70,65,95,33,69,86,74,59,94,12,80,35,92,48,44,34,9,62,18,88,79,30,32,67,15,31,29,82,28,37,85,83,14,55,63,16,45,3,47,49,26,0,41,21,93,42,76,77,5,97,50,40,13,72,56,2,57,43,10,6,68,20,99,78,73,60,17,98,4,52,53,89,38,87,19,96,22,46,24,7,66,90,61,39,58,71,54,23,25,8,11,75,36
44;139;688051;337883;51,81,84,9,44,73,17,36,93,64,69,85,95,63,71,1,33,70,13,65,43,6,62,4,78,45,88,79,30,32,67,53,5,94,83,42,86,91,27,77,31,37,40,68,3,19,56,38,52,89,97,8,21,2,11,25,46,23,58,61,22,98,7,0,99,75,92,90,12,29,66,72,48,15,34,35,80,14,49,47,28,26,20,82,39,60,96,50,59,18,76,10,55,57,16,41,54,24,74,87
45;131;648451;283548;28,64,19,86,36,32,69,44,81,85,94,14,84,7,2,70,51,1,52,95,75,16,68,41,96,39,88,79,30,49,67,31,13,62,71,65,93,43,33,63,29,45,91,54,8,55,0,24,66,59,46,83,38,22,17,87,50,98,53,60,10,9,34,25,61,18,20,57,76,80,6,11,35,21,40,42,5,77,56,47,26,27,12,97,58,74,4,78,72,92,90,15,3,82,48,89,23,73,99,37
46;182;900901;395259;69,85,9,73,44,17,84,36,64,19,94,93,2,62,41,47,0,26,99,28,71,74,83,59,89,68,88,67,30,32,79,7,33,13,25,98,49,95,51,65,91,29,1,72,48,52,81,4,6,63,90,77,50,14,76,75,34,18,57,22,58,23,37,87,92,8,35,16,80,86,46,12,38,53,56,27,5,42,40,10,60,20,45,21,96,31,54,3,39,78,43,15,61,97,55,82,66,24,11,70
47;130;643501;278859;38,32,53,92,30,4,98,88,52,87,86,12,67,16,95,94,37,19,83,31,11,64,10,84,76,20,28,26,47,36,49,22,41,24,57,18,0,55,66,96,54,39,25,34,62,23,14,58,73,50,99,93,72,59,68,89,45,74,77,3,21,15,27,33,17,43,1,91,70,65,60,71,13,51,29,80,8,69,35,79,81,6,46,56,48,75,7,2,90,9,61,40,5,97,63,78,85,82,42,44
48;115;569251;247977;17,79,73,4,30,52,38,88,87,93,67,92,12,13,1,64,33,65,70,51,43,28,10,82,76,27,32,19,85,86,94,75,53,69,34,36,44,63,83,14,18,91,98,20,56,77,81,5,40,50,57,42,25,66,16,9,62,0,41,90,7,95,55,72,2,15,99,45,29,89,78,46,8,31,74,84,26,59,47,80,35,49,71,3,96,22,24,23,39,58,11,60,97,48,21,54,61,6,68,37
49;125;618751;267988;98,32,87,28,81,69,14,36,44,53,86,64,77,10,57,20,75,76,18,50,34,6,15,8,55,66,88,79,30,70,67,39,58,96,21,73,17,1,71,41,24,60,23,99,3,59,0,35,13,62,29,74,95,65,25,19,38,80,94,51,49,22,78,92,48,43,4,7,52,12,90,68,45,72,42,56,47,40,26,27,5,84,54,82,61,11,33,83,91,9,16,31,97,63,37,85,46,2,89,93
50;139;688051;297927;25,32,69,64,30,36,80,88,44,49,81,65,16,3,45,72,56,77,99,42,55,59,24,0,90,7,79,74,67,12,70,61,8,98,21,4,2,15,28,6,11,82,46,48,66,95,52,29,51,75,39,1,18,91,14,41,63,68,89,9,38,87,47,84,35,43,73,26,17,93,71,62,33,13,31,83,85,37,53,94,19,86,97,23,50,96,34,54,27,5,78,10,58,20,40,76,22,57,60,92
51;148;732601;319471;1,79,64,81,44,95,84,36,51,74,70,69,59,55,54,37,23,14,24,58,96,52,99,4,76,50,88,67,30,87,32,21,71,0,66,18,83,63,16,41,62,11,31,20,27,85,29,9,53,15,82,38,93,12,35,80,13,65,33,43,34,73,42,6,89,77,94,56,19,8,92,91,68,72,22,25,49,28,17,26,47,98,75,5,2,48,60,3,57,90,39,97,40,45,7,78,61,46,10,86
52;167;826651;359412;80,36,69,95,64,51,84,44,81,28,65,25,14,71,83,94,37,19,31,2,63,6,15,8,98,53,88,79,30,32,67,45,17,9,43,93,49,0,26,73,41,16,47,29,62,86,85,38,52,7,18,4,59,21,96,22,58,11,35,34,66,61,33,92,99,3,74,77,12,68,90,72,91,89,55,24,39,46,54,70,13,1,42,48,20,10,97,60,40,5,56,75,78,50,27,57,23,76,82,87
53;140;693001;300350;14,49,28,44,30,79,87,88,67,26,47,36,93,16,21,65,80,64,35,41,96,52,7,42,15,29,32,19,94,81,85,83,51,89,11,91,70,84,1,95,63,59,33,68,9,74,12,92,82,31,90,4,22,37,58,23,54,25,98,57,34,73,27,5,6,60,2,40,75,77,8,72,10,56,18,50,76,53,20,86,38,17,71,97,66,13,61,43,46,62,24,45,78,3,0,99,39,55,48,69
54;139;688051;300041;6,88,79,4,81,98,51,70,1,67,30,52,95,49,11,85,20,94,76,2,90,47,41,9,22,61,36,65,44,32,64,13,55,43,71,80,83,31,37,35,34,63,16,46,66,14,93,24,25,54,73,0,99,33,97,68,86,91,27,89,78,40,53,92,26,38,60,62,10,29,87,17,12,84,72,42,56,77,5,19,8,69,82,74,18,21,7,58,75,15,45,39,96,23,3,48,57,50,59,28
55;158;782101;339164;2,36,69,4,19,52,85,32,94,28,44,98,46,3,58,47,74,12,45,99,23,1,41,95,25,13,88,67,30,81,79,59,16,26,24,49,37,31,83,80,35,55,63,0,62,64,93,84,65,43,66,33,86,77,89,38,5,8,53,75,48,72,50,40,51,76,56,20,42,87,97,91,27,6,17,10,29,73,15,92,9,82,11,14,68,54,78,39,60,22,21,96,34,71,61,57,90,7,18,70
56;147;727651;316437;63,65,91,49,13,26,93,70,47,64,33,28,43,27,56,69,40,77,5,42,78,6,20,17,59,1,88,67,30,32,79,22,18,84,55,14,36,75,44,41,34,16,25,53,48,95,87,51,98,35,57,86,2,72,8,46,15,99,7,3,62,29,90,38,74,92,4,89,52,68,12,85,9,73,19,83,31,94,45,37,80,0,66,82,61,96,71,54,10,39,76,50,58,24,21,60,11,97,23,81
57;147;727651;314130;41,49,16,14,94,86,18,32,85,25,80,87,0,95,83,69,47,81,84,26,11,2,99,19,29,43,88,64,44,65,36,10,63,51,5,91,12,4,92,7,9,52,98,62,60,1,33,93,13,90,27,73,59,79,21,35,74,28,82,57,58,39,23,76,17,8,67,34,30,20,71,56,46,72,24,22,61,55,54,66,37,96,15,97,38,75,48,40,68,3,45,42,6,77,31,89,50,53,78,70
58;195;965251;419472;93,36,84,1,64,33,51,44,65,26,47,70,95,23,58,80,17,49,73,25,24,19,60,68,57,40,88,67,30,85,32,11,69,8,41,77,37,16,9,2,18,83,81,78,97,42,99,72,56,5,10,20,14,92,98,28,53,91,87,22,34,7,48,6,76,75,4,38,52,86,82,50,89,27,35,12,43,74,63,79,59,13,39,45,55,62,29,21,71,46,96,90,3,61,54,31,66,0,15,94
59;131;648451;283767;69,65,19,4,80,92,52,32,12,85,94,81,36,9,91,13,33,47,63,40,27,16,39,51,22,14,88,79,30,70,67,66,23,84,24,93,26,0,17,58,96,71,73,34,21,44,64,41,25,54,55,87,72,6,56,42,68,8,60,78,48,74,89,37,59,38,53,86,98,1,11,35,83,95,75,5,10,46,82,2,28,77,43,57,31,76,7,20,90,3,62,18,61,50,45,99,29,15,97,49
60;133;658351;285968;94,36,64,93,28,26,49,44,47,80,65,0,85,42,60,51,1,37,95,83,84,87,82,66,86,53,88,67,30,32,79,75,77,98,7,52,2,19,46,72,15,56,8,48,68,6,4,92,12,38,89,74,13,35,73,43,34,14,70,63,71,17,61,24,59,54,69,22,25,55,21,58,96,39,62,9,41,31,18,33,29,16,5,23,40,99,90,97,11,20,10,78,3,50,76,57,27,91,45,81
61;146;722701;313256;83,86,37,18,80,16,14,32,49,94,85,41,31,66,24,91,89,93,55,63,71,77,90,42,92,12,88,67,30,81,79,3,13,68,45,52,65,33,64,7,99,62,43,59,78,4,74,72,6,48,97,1,98,36,35,53,22,25,44,34,73,17,27,5,8,75,19,84,69,95,2,51,40,56,26,28,9,47,38,29,0,87,82,76,54,15,23,60,58,21,39,10,11,57,96,50,61,46,20,70
62;192;950401;412342;98,85,19,40,69,42,5,81,77,86,94,37,53,62,60,0,66,49,41,99,10,1,89,59,63,13,88,79,30,32,67,24,73,84,71,44,26,9,47,36,28,29,17,91,90,65,93,64,33,43,34,51,75,2,72,4,83,52,38,16,48,18,46,6,95,68,8,92,80,12,78,7,35,74,76,23,50,20,14,87,27,56,58,15,96,31,11,55,97,39,25,45,82,3,54,21,22,57,61,70
63;135;668251;289920;84,70,33,49,51,26,95,81,47,65,1,93,64,5,40,85,42,94,77,98,22,37,3,12,8,72,88,79,30,32,67,53,10,76,99,19,73,56,17,60,27,2,9,4,6,87,20,38,52,46,45,86,96,71,11,41,39,0,66,21,61,13,83,91,89,31,24,63,55,74,15,68,29,92,28,16,35,44,59,80,69,25,50,7,54,23,82,75,43,97,57,58,90,48,18,78,14,34,62,36
64;144;712801;312485;94,79,69,84,30,51,95,88,81,19,67,1,85,38,10,87,4,52,9,72,60,13,73,83,61,55,32,64,36,65,44,58,76,34,23,22,86,53,98,57,96,50,20,24,62,18,14,41,25,54,66,37,82,28,74,59,49,47,26,17,78,68,35,31,43,71,91,80,33,63,0,93,29,16,27,40,77,5,8,42,56,6,75,90,3,39,89,46,12,15,48,21,7,2,97,92,99,45,11,70
65;132;653401;288002;46,81,2,28,44,67,77,36,79,19,69,47,8,20,10,70,92,4,72,6,60,80,96,38,66,55,88,86,30,37,32,3,29,18,82,0,99,9,85,62,21,15,94,61,54,16,41,31,83,68,39,25,42,40,56,64,27,26,5,75,7,98,13,91,14,63,33,93,65,87,35,24,53,89,59,1,51,12,95,52,74,84,73,50,48,58,97,71,76,45,90,57,22,11,23,43,17,78,34,49
66;146;722701;315901;16,32,87,86,28,49,85,47,26,18,14,80,41,75,48,36,35,44,98,34,53,51,77,8,65,93,88,67,30,81,79,17,7,13,9,4,12,92,74,52,73,63,59,33,91,1,70,64,84,43,90,6,50,20,57,0,82,94,76,21,39,54,27,42,68,56,19,40,37,95,5,78,83,11,58,24,55,23,96,25,22,66,29,97,2,10,31,62,71,72,38,60,45,89,15,99,46,61,3,69
67;135;668251;289581;9,88,85,95,69,94,84,81,19,73,93,51,17,13,8,80,70,49,67,77,2,87,74,53,34,22,32,64,44,65,36,63,61,39,83,25,37,16,28,54,59,35,46,41,57,55,24,96,66,21,58,14,71,29,23,20,11,0,76,90,60,27,97,38,18,89,91,62,33,86,99,30,50,98,40,56,5,42,10,26,47,1,6,92,52,31,72,3,48,75,45,82,68,15,7,4,43,78,12,79
68;124;613801;267176;0,32,93,94,26,19,49,47,28,51,95,85,84,12,2,36,91,44,92,63,46,76,55,50,21,35,88,87,30,79,67,97,48,72,99,69,77,5,74,23,58,40,75,59,96,6,81,4,8,11,39,80,17,42,71,9,45,56,73,43,13,70,16,53,41,34,38,86,52,14,22,57,98,18,37,83,31,64,29,33,65,1,78,61,60,68,62,3,27,82,10,66,54,15,89,24,90,7,25,20
69;183;905851;392127;84,70,93,69,64,36,81,65,44,33,13,80,43,53,38,95,98,51,86,1,89,94,23,85,57,99,88,67,30,32,79,50,56,20,76,19,77,40,5,10,60,27,42,68,75,4,52,72,6,8,78,74,31,35,73,29,16,0,71,34,9,17,55,62,48,39,14,24,28,41,96,82,66,18,63,47,26,83,25,37,91,49,92,21,11,97,59,2,22,46,45,3,58,15,12,61,90,7,54,87
70;135;668251;291876;5,77,69,47,65,26,80,81,49,42,40,64,84,72,2,86,85,32,99,9,10,14,68,34,21,41,88,79,30,36,67,96,66,24,61,16,37,8,25,39,54,46,83,58,18,29,55,31,92,15,3,12,91,13,1,33,71,70,43,60,73,17,7,53,74,75,98,63,28,87,6,59,22,35,0,27,95,56,51,94,19,93,78,50,11,82,20,45,76,23,89,48,4,38,90,52,97,62,57,44
71;131;648451;283468;59,79,1,81,30,95,84,88,51,70,67,64,74,55,92,37,83,77,31,12,53,19,72,56,75,10,32,69,44,80,36,99,41,9,48,85,29,62,0,18,73,66,16,5,40,17,94,60,42,23,71,25,98,35,7,6,38,52,4,45,43,68,46,76,2,86,28,34,87,14,50,57,27,20,26,63,91,47,93,33,65,13,58,8,21,96,89,39,78,90,24,54,61,82,11,97,15,3,22,49
72;123;608851;265171;93,81,26,51,64,36,84,65,44,49,47,95,33,22,53,14,87,28,98,86,50,13,78,63,72,48,88,67,30,32,79,82,66,24,57,55,41,18,16,39,54,85,96,4,68,12,59,92,74,99,15,52,77,17,27,91,73,20,76,23,40,5,10,71,6,62,29,60,0,37,46,8,31,83,94,19,56,25,42,69,80,1,75,9,89,58,2,21,43,11,35,3,7,61,97,45,38,34,90,70
73;163;806851;351165;76,67,44,28,30,14,87,88,32,20,36,86,19,84,73,85,9,94,64,69,17,79,82,65,66,55,70,4,12,98,92,21,31,49,15,16,51,95,37,29,41,11,83,39,54,35,80,25,59,96,61,1,50,46,52,38,57,53,18,60,10,75,89,91,24,68,72,48,99,74,63,6,13,33,40,5,77,42,23,27,56,2,93,34,47,0,7,45,97,90,71,3,58,43,26,62,78,8,22,81
74;128;633601;274420;63,91,74,51,33,1,13,65,70,92,12,81,77,94,9,86,38,53,85,89,47,99,97,66,73,17,88,79,30,32,67,10,42,50,14,27,19,69,87,40,5,44,56,60,71,20,76,75,18,23,2,57,84,68,64,59,3,93,43,45,7,95,11,24,41,21,55,35,6,0,58,96,39,62,29,15,31,52,37,4,98,83,48,61,90,34,80,28,16,8,72,22,54,46,78,49,82,26,25,36
75;132;653401;284147;14,32,36,20,30,79,87,88,67,64,44,76,28,47,35,65,80,49,26,16,59,69,15,56,38,89,81,98,77,1,70,9,31,13,74,63,85,94,37,29,95,19,83,52,48,86,33,91,53,68,7,4,34,23,22,57,46,58,21,61,39,54,99,40,72,97,75,50,2,5,10,6,27,42,55,66,41,24,96,18,0,25,43,60,73,82,71,12,11,62,45,92,78,90,93,3,17,84,8,51
76;127;628651;272304;47,36,64,74,65,12,35,70,80,28,44,59,1,42,60,19,17,94,73,0,71,6,66,52,21,99,88,79,30,32,67,76,23,18,5,57,69,22,98,58,50,25,81,3,15,2,20,75,77,41,61,53,31,16,14,63,91,37,83,29,34,43,55,92,68,46,89,45,86,38,48,72,8,4,95,93,49,26,13,51,84,33,85,78,62,40,90,10,7,11,9,96,97,54,24,82,27,56,39,87
77;118;584101;254337;80,30,47,94,49,0,26,88,93,65,28,19,37,59,55,79,6,16,35,68,3,84,22,42,10,20,32,64,36,69,44,7,41,73,90,99,67,74,25,18,75,12,62,60,40,9,85,17,2,57,78,77,46,4,38,52,92,72,8,15,89,29,53,1,5,87,70,98,86,51,14,27,95,56,13,83,31,63,43,33,91,45,39,97,21,58,48,96,34,71,24,23,50,54,82,11,66,61,76,81
78;131;648451;280993;38,70,77,52,86,98,53,32,81,14,87,4,28,99,13,44,64,36,65,84,33,74,21,59,45,55,88,79,30,85,67,62,47,29,24,49,93,17,73,9,63,43,26,41,3,37,0,83,31,66,25,16,76,89,50,19,91,72,46,97,2,69,75,6,80,8,18,48,20,68,15,35,92,12,42,40,27,95,5,1,51,56,58,90,23,54,57,39,7,22,71,96,82,61,34,11,10,60,78,94
79;126;623701;272943;84,32,64,85,44,73,9,36,17,81,69,2,77,7,52,94,42,19,95,56,10,16,45,24,35,12,88,67,30,49,79,43,63,13,0,33,51,31,37,91,93,29,83,6,68,65,1,74,59,62,92,80,98,46,53,87,22,28,14,18,50,38,61,54,99,21,41,58,25,96,3,55,39,66,20,76,23,27,75,5,40,86,11,82,72,26,57,90,34,97,4,47,8,89,48,78,71,60,15,70
80;145;717751;312629;49,36,65,19,32,69,80,88,81,64,44,94,25,23,73,47,67,26,17,84,9,13,97,74,29,31,70,95,1,79,51,39,62,3,71,55,93,24,0,99,21,58,66,72,48,37,45,43,83,15,11,77,98,2,22,28,75,46,61,35,34,14,7,12,63,68,4,6,52,59,90,89,92,91,76,41,18,20,57,30,85,16,60,78,87,54,53,40,86,5,10,96,82,42,27,56,38,50,8,33
81;123;608851;263972;89,52,76,53,86,87,27,32,38,19,20,50,91,65,33,64,51,70,84,95,1,74,14,77,34,63,88,79,30,36,67,22,49,21,61,47,80,69,35,26,16,11,25,43,55,58,93,23,73,83,13,17,94,6,82,85,18,68,81,75,15,10,78,42,37,60,72,8,56,99,45,3,57,2,90,12,92,7,9,98,29,4,66,28,97,59,40,96,5,24,41,54,31,39,48,71,0,62,46,44
82;118;584101;253994;12,94,65,28,85,79,82,32,74,80,19,86,92,51,95,70,84,64,1,44,36,52,60,62,45,43,88,26,49,30,47,68,72,42,91,8,81,69,6,56,27,33,4,73,90,40,77,5,93,78,3,17,14,21,41,16,61,87,18,46,25,54,58,9,7,23,20,38,0,10,2,75,29,99,24,96,39,55,66,35,59,37,83,31,98,97,57,48,50,63,11,89,15,13,53,76,22,34,71,67
83;133;658351;285252;62,79,18,32,67,87,14,88,30,0,41,99,66,92,12,95,51,70,84,1,93,80,31,77,46,2,28,49,47,81,26,29,33,53,7,36,44,63,64,91,9,13,65,52,4,85,98,86,94,38,89,19,23,17,58,16,60,73,48,71,22,57,6,56,37,27,35,75,72,42,10,8,5,40,74,39,96,59,54,55,24,25,11,50,76,83,21,43,3,97,90,45,15,78,61,68,20,34,82,69
84;127;628651;274353;69,44,81,80,65,49,26,36,47,84,64,32,25,39,54,14,61,28,46,24,66,52,15,6,97,2,88,79,30,85,67,10,76,27,60,38,70,1,9,50,53,17,20,99,48,40,87,56,42,5,75,77,63,16,31,83,45,91,11,55,71,29,92,68,72,82,19,12,94,74,78,4,89,8,51,13,43,33,0,93,37,95,41,7,98,57,35,73,59,18,96,23,3,58,62,21,34,22,90,86
85;136;673201;293602;84,32,95,67,30,44,64,88,36,52,51,79,38,91,33,85,94,86,93,73,7,28,21,46,39,24,65,92,12,49,80,22,83,55,34,37,14,98,18,63,41,53,31,66,48,74,16,59,35,96,54,13,5,77,42,69,2,81,40,75,60,10,99,72,25,29,47,6,26,4,15,61,8,0,20,27,1,9,56,87,17,19,50,62,45,58,90,23,97,68,57,82,71,89,76,3,43,78,11,70
86;145;717751;313116;12,88,14,37,44,28,86,32,36,87,30,46,92,35,59,81,74,79,77,6,8,51,45,33,27,56,85,9,73,93,17,23,26,19,25,65,80,69,49,84,40,95,47,10,43,94,64,42,20,5,78,0,76,63,50,29,34,83,31,48,72,15,16,41,60,57,13,18,70,71,99,62,91,1,75,7,4,2,98,38,52,53,61,24,82,58,89,22,90,97,11,96,66,54,3,39,21,68,55,67
87;134;663301;293386;41,85,16,80,30,79,49,88,67,0,94,25,18,58,54,37,39,32,24,55,96,84,53,47,42,56,70,64,1,44,51,38,73,10,87,17,28,2,71,9,13,46,23,5,40,20,60,76,19,27,50,69,68,6,12,74,8,35,59,99,3,92,72,93,95,91,33,4,65,81,98,52,77,26,82,15,21,31,61,66,29,62,22,43,90,86,78,34,45,89,14,75,63,97,57,48,11,83,7,36
88;114;564301;245079;84,65,47,69,44,80,26,36,49,28,64,17,93,98,11,95,1,51,19,29,45,6,53,74,78,76,88,79,30,32,67,10,42,8,60,40,86,91,27,5,2,89,56,57,50,72,77,99,20,97,52,68,16,14,85,73,0,35,34,71,9,94,66,92,75,96,87,59,41,12,23,18,48,4,83,31,13,37,63,70,33,43,7,21,22,38,25,46,54,61,90,3,58,15,62,82,24,55,39,81
89;108;534601;232480;2,81,5,72,42,94,56,77,19,40,69,99,85,8,82,12,92,32,74,15,78,65,54,33,37,84,88,79,30,36,67,61,73,95,11,28,70,46,13,17,80,90,71,83,24,47,51,26,49,25,16,93,53,87,50,76,97,27,86,38,23,20,14,68,63,62,64,18,6,91,31,0,89,29,7,10,75,9,48,4,52,98,21,41,3,35,60,34,1,39,43,22,55,59,58,96,45,57,66,44
90;136;673201;292106;33,80,94,12,64,36,19,65,44,49,69,92,91,18,75,28,98,81,14,25,22,93,46,9,31,15,88,67,30,32,79,73,72,3,17,4,77,23,2,48,85,58,99,63,78,6,74,68,8,82,71,13,20,87,56,27,53,86,76,50,10,1,62,89,45,7,52,0,38,29,83,43,90,37,40,5,84,42,95,26,47,51,41,66,35,21,97,54,11,16,57,39,55,96,59,61,34,60,24,70
91;144;712801;308546;92,79,12,14,64,28,47,44,36,74,65,87,80,51,13,1,93,70,33,73,43,94,6,42,15,45,88,67,30,86,32,50,20,55,76,16,58,23,18,21,57,91,41,82,78,31,83,3,99,68,89,85,95,75,22,98,9,53,7,63,34,17,5,2,72,46,52,10,38,19,4,8,56,77,81,84,49,69,25,35,59,26,24,60,90,39,61,96,48,66,71,97,40,54,62,11,29,0,27,37
92;126;623701;269887;0,36,49,47,30,79,26,88,67,25,44,28,29,9,17,81,94,69,85,19,73,13,78,64,53,86,70,33,1,65,51,60,72,42,23,5,99,75,6,98,48,10,4,87,89,77,56,40,27,97,68,91,90,20,8,46,2,12,92,15,11,61,83,59,38,74,95,37,93,84,63,52,7,43,18,62,35,41,21,80,16,66,22,31,96,50,55,57,24,14,58,76,3,34,54,71,39,82,45,32
93;154;762301;332110;31,32,83,63,86,77,53,81,98,29,37,91,89,16,64,85,65,94,80,9,7,14,72,34,55,59,88,79,30,36,67,39,23,66,21,41,93,17,73,58,24,71,0,48,68,12,25,92,74,96,54,18,40,49,5,27,10,47,26,52,56,42,50,20,75,76,70,4,87,28,57,22,6,35,1,84,69,33,19,95,51,38,15,62,45,82,11,3,97,8,2,61,99,46,78,90,43,13,60,44
94;133;658351;285377;52,86,85,19,28,2,46,32,36,53,98,94,38,93,26,64,87,44,65,14,84,77,60,6,57,99,88,79,30,81,67,96,91,27,41,50,70,51,1,18,62,49,33,23,58,20,76,56,40,97,78,5,89,37,82,31,55,83,63,24,45,15,72,11,42,59,80,16,8,35,3,68,21,74,7,12,92,95,29,9,47,4,13,25,73,66,22,75,90,71,0,48,39,10,34,61,43,17,54,69
95;140;693001;300955;80,36,65,79,49,28,26,32,47,64,44,67,25,40,42,73,2,17,77,9,60,69,14,95,4,72,88,1,30,51,70,31,27,89,71,98,86,38,53,56,29,5,87,6,48,63,91,68,13,99,97,33,37,16,8,46,54,61,20,10,52,93,39,24,83,66,59,96,35,84,41,62,55,11,82,74,12,85,92,94,19,0,15,22,45,90,58,75,23,76,7,18,34,50,3,57,78,43,21,81
96;161;796951;396347;84,36,64,81,47,49,93,44,26,33,65,69,51,12,90,86,91,29,89,63,7,14,53,24,96,50,88,79,30,32,67,48,71,66,97,76,27,40,62,13,99,77,0,39,59,87,20,41,18,23,74,57,73,16,17,80,35,85,9,38,52,94,1,22,58,61,28,98,25,55,82,21,34,54,31,11,43,83,45,95,37,19,56,6,8,5,46,72,2,10,42,75,68,60,78,4,15,92,3,70
97;165;816751;355342;93,81,84,49,26,36,69,47,44,65,64,80,33,72,8,74,92,12,77,4,6,14,71,55,62,18,88,79,30,32,67,23,17,53,48,38,89,68,29,9,20,90,73,41,57,85,86,94,0,99,58,66,19,34,45,98,2,35,59,46,52,7,61,16,96,31,25,22,28,37,39,24,83,54,63,13,70,91,43,51,95,1,60,11,75,76,3,27,15,78,10,50,82,40,42,97,56,5,21,87
98;146;722701;313874;73,79,93,64,30,44,84,88,36,17,67,70,9,95,55,38,47,52,45,26,0,81,11,16,72,89,32,92,12,80,65,53,40,77,50,56,19,76,87,42,5,20,27,1,8,51,86,91,33,99,97,69,22,54,34,98,58,25,14,23,71,24,31,85,4,82,74,59,37,35,68,6,94,83,7,46,43,75,63,28,2,13,18,21,60,90,39,48,96,41,62,78,15,66,57,61,29,10,3,49
99;120;594001;257829;80,36,64,47,69,26,84,81,49,65,44,93,25,28,46,51,91,95,38,33,89,87,48,18,22,98,88,67,30,32,79,21,66,96,11,55,37,63,83,39,54,13,24,34,76,59,1,35,86,53,50,14,43,6,8,45,68,77,3,72,15,4,9,85,58,73,99,17,74,41,23,20,16,57,31,12,92,29,52,94,19,0,71,60,2,97,78,27,82,56,61,40,75,5,62,42,7,90,10,70
