0;18;5401;1873;23,0,19,11,20,24,3,14,10,4,13,5,17,16,9,12,8,6,7,15,18,2,21,22,1
1;22;6601;3358;23,11,22,24,5,14,3,13,9,4,0,21,16,10,18,1,20,19,7,2,15,17,8,6,12
2;20;6001;1030;15,17,14,18,22,8,16,13,21,12,4,3,2,0,6,1,20,19,7,10,23,11,24,9,5
3;22;6601;1064;0,14,22,11,20,8,21,18,10,23,3,12,16,13,6,1,15,19,7,9,5,24,4,17,2
4;25;7501;1270;11,23,9,10,20,16,24,13,15,17,14,5,2,0,4,12,8,6,7,18,19,3,21,22,1
5;21;6301;1018;11,8,3,23,20,18,12,13,10,14,6,21,16,0,22,2,4,17,15,1,7,19,24,9,5
6;27;8101;2696;11,4,3,23,20,8,14,13,10,2,16,6,17,0,12,5,24,9,7,21,22,15,18,19,1
7;20;6001;2709;4,3,18,17,15,8,22,19,2,16,21,6,14,1,12,20,11,10,7,24,5,9,23,13,0
8;19;5701;1709;20,17,16,13,0,9,14,2,11,23,4,5,10,15,24,1,22,19,7,8,12,3,21,18,6
9;33;9901;1641;16,8,12,23,20,11,3,4,10,24,6,13,9,14,0,7,21,22,1,2,15,17,5,18,19
10;25;7501;1267;14,9,2,3,19,16,15,5,12,6,24,17,8,18,4,1,10,20,7,23,22,21,13,11,0
11;25;7501;1224;8,3,24,10,20,16,23,12,15,17,14,9,2,6,4,1,22,19,7,13,5,11,0,21,18
12;22;6601;1073;14,16,0,5,20,24,13,19,10,9,17,11,4,3,23,12,8,6,7,21,22,18,2,15,1
13;22;6601;1164;4,13,23,5,1,11,15,2,19,24,0,10,9,17,20,12,8,6,7,14,18,16,3,21,22
14;22;6601;1893;2,16,21,15,20,13,18,4,10,11,14,22,23,17,0,5,24,9,7,6,3,8,12,1,19
15;21;6301;1456;13,18,4,0,20,15,16,21,10,11,14,17,23,22,2,5,24,9,7,8,12,3,6,19,1
16;23;6901;1181;3,12,5,17,15,8,23,14,2,4,6,24,16,19,9,1,21,22,7,11,20,10,13,0,18
17;15;4501;798;9,16,0,4,2,11,13,24,17,15,14,20,23,5,10,1,22,19,7,8,12,3,21,18,6
18;33;9901;1642;24,13,14,8,12,11,3,4,6,23,0,10,16,9,20,1,22,19,7,2,15,17,21,18,5
19;30;9001;1480;6,16,18,12,19,3,4,23,5,9,14,21,24,8,22,1,10,20,7,2,15,17,13,11,0
20;25;7501;1202;17,16,13,8,12,23,3,4,6,20,14,0,10,2,11,7,21,22,1,18,19,15,24,9,5
21;22;6601;1159;3,24,5,15,2,8,23,14,17,4,9,6,16,19,12,1,21,22,7,11,10,13,0,18,20
22;20;6001;966;16,8,15,13,0,2,12,14,11,23,6,20,17,4,10,1,22,19,7,9,24,3,21,18,5
23;20;6001;1628;19,24,8,18,22,11,23,9,21,0,3,6,13,5,12,1,10,20,7,4,16,14,17,2,15
24;26;7801;2737;16,23,11,8,12,2,0,14,6,17,13,10,4,3,20,7,21,22,1,9,15,24,19,18,5
25;24;7201;1167;3,11,20,8,12,4,10,0,6,16,23,2,14,13,17,1,22,19,7,9,15,24,21,18,5
26;23;6901;1127;13,0,20,8,12,3,4,9,6,16,11,10,23,24,14,1,22,19,7,2,5,17,15,21,18
27;18;5401;903;14,6,17,13,0,16,2,12,11,10,8,4,23,3,20,5,24,9,19,21,22,15,18,1,7
28;22;6601;1062;16,8,20,24,5,12,10,14,9,17,6,15,4,3,2,7,21,22,1,11,19,23,13,0,18
29;20;6001;978;3,0,12,4,2,16,23,13,17,22,11,6,21,14,8,5,9,24,7,20,18,10,15,19,1
30;21;6301;1013;2,23,3,13,0,12,14,4,11,6,16,21,8,17,22,1,20,19,7,10,15,18,24,9,5
31;23;6901;1191;14,9,13,18,20,23,5,4,10,22,24,0,21,16,11,1,15,19,7,8,17,3,6,12,2
32;23;6901;1210;9,14,19,15,2,8,23,24,17,4,3,6,16,5,12,22,18,21,7,11,20,10,13,0,1
33;29;8701;1518;14,4,13,18,22,24,10,16,21,5,23,11,9,3,0,1,20,19,7,2,15,17,8,6,12
34;26;7801;1324;16,23,13,8,12,4,0,14,6,2,11,9,17,3,24,1,22,19,7,20,15,10,21,18,5
35;27;8101;1362;5,9,19,18,22,12,3,13,21,6,24,1,8,0,7,15,17,2,20,14,23,11,4,16,10
36;20;6001;1153;23,16,20,24,5,8,10,11,9,19,14,12,3,4,6,1,21,22,7,13,18,0,17,2,15
37;24;7201;1639;4,14,21,17,15,6,18,19,2,8,3,22,16,1,12,10,23,11,20,9,7,5,24,13,0
38;31;9301;1532;2,0,19,8,12,18,3,17,6,22,13,1,21,15,7,10,23,11,20,4,16,14,24,9,5
39;33;9901;1595;9,3,5,4,2,8,18,23,17,15,14,6,16,24,12,1,20,19,7,11,0,13,10,21,22
40;25;7501;1237;23,14,24,17,15,8,9,10,2,16,3,6,4,20,12,7,21,22,1,13,5,11,0,18,19
41;24;7201;1161;14,4,8,11,20,9,12,3,10,24,16,6,23,19,5,1,21,22,7,2,15,17,13,0,18
42;24;7201;1240;9,14,12,5,15,16,19,18,2,17,3,6,4,24,8,1,21,22,7,10,20,23,13,11,0
43;22;6601;1084;15,4,5,23,20,13,2,14,10,11,17,9,0,16,24,12,8,6,7,18,19,3,21,22,1
44;24;7201;1176;2,17,0,9,5,12,13,16,24,6,4,11,8,15,23,7,21,22,1,14,19,3,10,20,18
45;26;7801;1264;14,24,5,13,0,18,3,4,11,23,9,21,10,16,22,1,20,19,7,2,15,17,8,6,12
46;21;6301;1022;1,13,18,21,7,23,14,4,22,11,16,20,0,17,10,6,19,8,12,3,15,2,24,9,5
47;27;8101;1304;16,14,18,9,5,0,13,3,24,23,10,21,11,4,22,1,20,19,7,2,15,17,8,6,12
48;21;6301;1010;10,4,22,17,15,23,21,5,2,13,9,0,24,20,11,1,18,19,7,8,12,16,14,3,6
49;20;6001;971;18,14,22,17,15,8,21,0,2,16,3,6,4,13,12,1,20,19,7,10,23,11,24,9,5
50;22;6601;1066;13,2,14,0,22,16,4,23,21,6,17,3,8,11,12,1,20,19,7,10,15,18,24,9,5
51;24;7201;1171;8,2,0,23,20,4,13,12,10,11,17,9,16,6,24,1,22,19,7,3,15,14,21,18,5
52;19;5701;920;19,9,22,16,18,8,5,4,14,3,24,12,21,23,6,1,10,20,7,2,15,17,13,11,0
53;19;5701;927;3,14,10,0,22,8,20,13,21,6,16,23,12,18,11,1,5,19,7,17,2,4,9,24,15
54;20;6001;1070;14,18,1,21,7,11,19,15,22,0,23,20,13,3,10,6,16,8,12,17,5,2,4,9,24
55;27;8101;1325;13,4,12,0,20,16,2,3,10,11,17,8,23,14,6,7,21,22,1,9,15,24,19,18,5
56;22;6601;1078;14,16,2,9,5,8,17,23,24,6,4,15,3,19,12,1,21,22,7,11,10,13,18,0,20
57;21;6301;1013;14,9,20,16,4,6,10,23,17,2,24,15,8,3,12,1,22,19,7,13,5,11,0,21,18
58;20;6001;1254;9,16,20,13,5,4,10,14,15,0,23,2,11,24,17,12,8,6,7,21,22,18,3,19,1
59;25;7501;1205;20,16,12,24,5,2,3,14,9,4,15,8,17,10,6,7,21,22,1,11,19,23,13,0,18
60;22;6601;1159;18,14,1,24,5,2,16,21,9,4,3,19,17,22,15,10,23,11,20,6,12,8,13,0,7
61;22;6601;1126;19,13,22,9,5,0,21,14,24,11,18,20,23,3,10,2,4,17,15,16,7,1,8,6,12
62;24;7201;1230;23,0,9,11,20,24,5,14,10,2,13,4,15,16,17,12,8,6,7,18,19,3,21,22,1
63;18;5401;885;16,17,9,8,12,3,24,23,6,15,4,5,2,14,19,1,21,22,7,11,10,13,0,18,20
64;25;7501;1244;13,24,5,23,0,18,19,3,11,10,9,21,20,14,22,12,8,6,7,4,1,16,17,2,15
65;24;7201;1165;10,14,9,13,11,18,24,23,0,22,3,5,21,20,19,2,4,17,15,16,7,1,8,6,12
66;23;6901;1112;16,4,19,8,12,9,3,14,6,15,17,24,2,18,5,1,21,22,7,10,20,23,13,11,0
67;22;6601;1068;6,13,5,23,20,21,9,8,10,11,24,18,0,12,22,1,15,19,7,14,16,3,2,17,4
68;27;8101;1301;8,16,0,17,15,24,11,12,2,9,23,13,4,6,5,1,22,19,7,3,10,14,21,18,20
69;26;7801;1261;13,24,5,0,20,8,3,21,10,11,9,12,23,22,6,1,15,19,7,16,18,14,4,17,2
70;18;5401;871;3,14,9,8,12,16,24,18,6,2,5,4,15,19,17,1,10,20,7,13,21,23,11,0,22
71;20;6001;963;14,8,13,18,22,11,12,3,21,0,6,20,23,16,10,2,4,17,15,1,7,19,24,9,5
72;21;6301;1016;24,17,12,13,0,8,16,4,11,10,2,6,23,9,20,7,21,22,1,3,15,14,5,18,19
73;22;6601;1065;4,21,23,9,5,13,15,2,24,20,22,11,10,17,0,1,18,19,7,3,16,14,6,8,12
74;20;6001;973;11,13,3,9,5,14,16,4,24,18,0,21,23,10,22,1,20,19,7,8,6,17,2,15,12
75;23;6901;1112;10,23,13,17,15,9,0,14,2,4,11,24,16,20,5,7,21,22,1,6,12,8,3,18,19
76;17;5101;827;14,18,22,8,12,9,23,4,6,19,21,24,3,16,5,15,17,2,7,11,20,10,0,13,1
77;18;5401;871;0,23,17,11,20,12,4,14,10,6,16,2,8,13,15,7,21,22,1,9,24,3,18,5,19
78;19;5701;918;9,4,0,24,20,17,13,14,10,15,16,11,2,5,23,1,22,19,7,21,18,3,8,6,12
79;25;7501;1210;4,9,3,13,0,8,14,2,11,23,24,6,16,17,12,1,20,19,7,10,5,15,18,21,22
80;24;7201;1160;24,16,20,13,0,8,3,4,11,23,14,12,10,9,6,1,22,19,7,2,15,17,21,18,5
81;24;7201;1161;21,3,23,13,7,12,16,18,1,0,14,8,11,22,6,5,9,24,15,20,19,10,4,17,2
82;17;5101;825;8,3,22,16,1,2,21,12,19,17,14,18,4,6,15,5,9,24,7,0,23,13,11,10,20
83;22;6601;1062;13,23,15,24,5,4,12,11,9,6,16,2,8,0,17,1,22,19,7,3,10,14,21,18,20
84;27;8101;1308;21,9,16,18,1,12,4,24,19,3,5,8,14,22,6,10,23,11,20,2,15,17,13,0,7
85;26;7801;1254;11,4,3,23,20,8,2,13,10,16,17,12,14,0,6,7,21,22,1,9,15,24,18,5,19
86;14;4201;681;23,11,19,10,20,13,18,21,5,24,0,1,9,22,7,12,8,6,15,16,3,14,4,17,2
87;21;6301;1013;11,14,18,23,20,5,19,13,10,24,3,21,9,0,22,12,8,6,7,4,1,16,17,2,15
88;20;6001;1031;9,17,15,8,12,14,18,5,6,16,2,19,4,24,3,1,13,0,7,10,20,23,11,21,22
89;18;5401;879;5,9,2,0,20,24,17,21,10,11,4,15,13,22,23,1,18,19,7,14,3,16,8,6,12
90;25;7501;1240;6,21,0,12,20,5,13,3,10,24,22,11,9,8,23,1,18,19,7,4,16,14,17,2,15
91;25;7501;1220;3,17,15,8,12,9,23,14,6,16,2,24,4,19,5,1,21,22,7,11,20,10,18,13,0
92;33;9901;1588;16,4,13,23,20,8,2,3,10,11,17,12,0,14,6,22,18,21,7,9,15,24,5,19,1
93;24;7201;1163;21,24,20,16,18,2,10,3,14,17,9,5,4,22,15,12,8,6,7,11,19,23,0,13,1
94;26;7801;1256;14,17,21,15,20,13,18,4,10,11,2,22,23,16,0,12,8,6,7,9,5,24,3,19,1
95;22;6601;1068;24,23,21,10,7,13,18,5,20,0,19,22,11,9,1,2,4,17,15,14,12,3,16,8,6
96;30;9001;1454;3,0,24,18,22,8,23,13,21,6,11,9,12,19,5,1,10,20,7,16,15,14,4,17,2
97;23;6901;1356;13,3,4,11,20,9,17,19,10,23,14,16,24,0,5,12,8,6,7,21,22,18,2,15,1
98;19;5701;925;24,11,21,19,7,0,3,23,1,6,13,22,8,9,12,20,5,10,15,4,14,16,17,2,18
99;31;9301;1536;3,14,9,8,12,4,24,23,6,2,16,5,17,18,15,1,20,19,7,13,22,21,10,11,0
100;23;6901;1937;14,24,5,8,12,17,18,23,6,16,9,15,4,3,2,1,22,19,7,11,20,10,21,0,13
101;18;5401;978;15,4,23,13,7,11,24,5,0,2,9,10,17,1,20,6,22,8,12,14,19,16,3,21,18
102;22;6601;1159;2,16,20,17,5,11,10,14,4,13,23,24,0,15,9,1,22,19,7,21,18,3,8,6,12
103;16;4801;2257;17,4,18,19,7,5,0,15,1,24,13,21,9,2,22,6,20,8,12,23,3,11,10,16,14
104;19;5701;1816;24,14,0,23,20,8,13,4,10,11,3,12,16,9,6,15,17,2,7,5,1,19,18,21,22
105;22;6601;1133;23,4,24,11,20,2,9,14,10,0,17,5,13,16,15,12,8,6,7,18,19,3,21,22,1
106;22;6601;1087;9,3,18,17,15,8,23,24,2,16,14,6,4,5,12,1,20,19,7,0,11,13,21,22,10
107;22;6601;1318;0,14,4,3,22,8,23,11,21,12,16,17,6,13,2,1,20,19,7,10,15,18,24,9,5
108;28;8401;3870;21,18,16,9,5,23,4,3,24,0,14,10,13,22,11,12,8,6,7,17,19,20,2,15,1
109;16;4801;947;18,4,23,17,15,11,16,21,2,0,14,10,13,22,20,1,5,19,7,8,12,3,9,24,6
110;24;7201;1271;3,17,15,8,12,9,19,18,6,16,2,24,4,14,5,1,10,20,7,13,21,23,11,0,22
111;28;8401;1442;6,21,23,12,7,11,19,3,1,0,22,10,13,8,20,2,4,17,15,16,18,14,24,9,5
112;17;5101;2231;9,4,14,17,15,12,18,5,2,6,16,3,8,24,19,1,21,22,7,11,13,23,10,20,0
113;24;7201;1263;4,23,11,17,15,5,0,14,2,24,13,10,9,16,20,7,21,22,1,18,19,3,8,6,12
114;26;7801;1332;24,16,12,13,0,8,3,4,11,10,14,6,23,9,20,1,22,19,7,2,15,17,5,21,18
115;21;6301;1083;14,4,22,15,20,13,21,16,10,2,23,0,17,18,11,1,5,19,7,9,3,24,8,6,12
116;20;6001;1064;14,16,15,18,19,4,20,23,5,9,10,2,24,3,17,1,21,22,7,6,12,8,11,0,13
117;22;6601;1176;12,16,17,6,20,11,2,14,10,23,4,13,8,3,0,7,21,22,1,9,15,24,18,5,19
118;28;8401;1464;17,3,0,8,12,11,13,4,6,23,14,20,16,2,10,1,22,19,7,9,15,24,21,18,5
119;28;8401;1437;23,4,15,11,20,18,2,16,10,0,17,21,13,14,22,5,24,9,7,6,12,8,3,19,1
120;25;7501;1279;6,14,20,12,7,23,19,16,1,0,3,10,13,8,11,5,9,24,15,21,22,18,4,17,2
121;20;6001;1056;5,3,15,12,24,4,19,14,9,6,16,2,8,18,17,10,23,11,20,13,7,1,0,21,22
122;20;6001;1131;16,8,0,4,20,12,13,3,10,17,6,11,2,14,23,1,22,19,7,21,18,15,24,9,5
123;29;8701;1736;8,2,4,23,20,13,16,12,10,11,17,9,0,6,24,1,22,19,7,3,15,14,21,18,5
124;19;5701;951;23,0,9,11,20,2,5,14,10,17,13,24,4,16,15,1,22,19,7,8,12,3,21,18,6
125;20;6001;1006;14,16,22,23,20,13,21,3,10,11,4,2,0,18,17,1,15,19,7,6,12,8,24,9,5
126;27;8101;1386;3,14,15,8,12,4,5,23,6,24,16,2,9,19,17,1,21,22,7,11,20,10,13,0,18
127;30;9001;1493;14,2,20,9,15,8,10,23,24,16,17,12,4,3,6,1,22,19,7,13,5,11,0,21,18
128;27;8101;1336;24,3,0,8,12,11,13,4,6,23,14,20,16,9,10,1,22,19,7,2,15,17,21,18,5
129;20;6001;986;14,3,24,18,22,11,9,4,21,0,10,5,13,16,23,1,20,19,7,2,15,17,8,6,12
130;27;8101;1334;9,3,5,8,12,17,18,19,6,16,14,15,4,24,2,1,10,20,7,23,22,21,13,11,0
131;25;7501;1237;9,3,23,24,22,11,10,16,21,0,14,5,13,4,18,1,20,19,7,2,15,17,8,6,12
132;21;6301;1044;16,23,13,8,12,4,0,14,6,2,11,9,17,3,24,1,20,19,7,5,15,10,18,21,22
133;22;6601;1089;13,3,8,0,7,18,16,23,1,22,14,6,21,11,12,5,9,24,15,20,19,10,4,17,2
134;25;7501;1249;19,14,9,18,22,4,24,16,21,2,3,5,17,1,15,10,23,11,20,0,7,13,8,6,12
135;19;5701;1007;21,6,15,22,7,9,2,3,1,19,8,24,12,18,5,10,0,11,20,4,14,17,13,23,16
136;27;8101;1406;11,4,3,8,12,14,2,13,6,23,17,20,16,0,10,5,9,24,7,22,15,21,18,19,1
137;28;8401;1440;3,16,5,8,12,17,18,14,6,15,4,9,2,19,24,1,10,20,7,23,22,21,13,11,0
138;16;4801;842;15,23,21,10,20,0,18,17,1,11,19,22,13,2,7,24,4,9,5,6,12,8,16,14,3
139;21;6301;1057;14,3,18,23,10,24,5,4,11,0,9,21,13,16,22,1,20,19,7,6,12,8,17,2,15
140;17;5101;864;18,14,24,10,20,4,23,21,15,2,16,9,17,22,5,12,8,6,7,0,13,11,3,19,1
141;20;6001;988;4,16,1,15,22,5,3,2,21,24,14,19,9,17,18,10,23,11,20,6,12,8,13,0,7
142;23;6901;1128;9,16,3,2,5,8,19,18,15,17,14,6,4,24,12,1,13,0,7,23,22,21,11,10,20
143;24;7201;1181;11,4,3,23,20,16,2,13,10,6,17,14,8,0,12,7,21,22,1,9,15,24,18,5,19
144;21;6301;1029;5,3,10,18,22,2,16,24,21,17,14,20,4,9,15,1,13,19,7,8,6,23,11,0,12
145;17;5101;835;2,15,0,5,7,18,11,4,1,24,13,21,9,17,22,20,12,10,19,16,14,23,8,6,3
146;24;7201;1174;11,4,3,23,20,8,2,13,10,16,17,12,14,0,6,1,22,19,7,9,15,24,21,18,5
147;22;6601;1074;11,10,16,20,5,4,14,13,15,2,23,24,17,0,9,7,21,22,1,6,12,8,3,18,19
148;26;7801;1279;9,4,14,2,5,16,18,23,15,6,17,3,8,24,12,1,20,19,7,13,22,21,10,11,0
149;18;5401;887;23,10,12,19,7,13,3,14,1,0,20,8,11,16,6,5,9,24,15,21,22,18,4,17,2
150;21;6301;1027;22,3,20,15,2,8,10,18,17,4,14,6,16,21,12,1,13,19,7,24,5,9,23,11,0
151;24;7201;1176;23,14,24,17,15,8,9,10,2,16,3,6,4,20,12,7,21,22,1,13,5,11,0,18,19
152;24;7201;1176;14,16,20,9,5,23,17,3,24,0,4,10,13,19,11,1,21,22,7,18,15,2,8,6,12
153;25;7501;1232;4,11,3,23,20,8,13,2,10,16,0,12,14,17,6,5,24,9,7,21,22,15,18,19,1
154;20;6001;981;4,5,21,17,15,0,18,9,2,1,11,22,13,24,7,12,8,6,19,14,10,23,16,3,20
155;29;8701;1418;3,24,20,12,6,11,4,13,8,16,9,10,14,0,23,1,22,19,7,2,15,17,21,18,5
156;19;5701;932;13,4,16,0,20,12,2,9,10,11,17,8,23,24,6,1,22,19,7,14,5,15,3,21,18
157;19;5701;944;22,3,13,12,20,23,16,18,10,6,14,0,8,21,11,1,5,19,7,17,15,2,4,9,24
158;25;7501;1225;10,16,18,23,0,12,3,13,11,6,14,21,8,20,22,2,4,17,15,1,7,19,24,9,5
159;24;7201;1180;11,23,15,24,5,4,14,13,9,20,16,2,10,0,17,12,8,6,7,18,19,3,21,22,1
160;19;5701;948;21,13,2,18,7,9,17,0,1,19,4,15,24,22,5,6,20,8,12,3,23,11,10,14,16
161;27;8101;1322;13,17,16,0,20,9,14,2,10,11,4,5,23,15,24,1,22,19,7,21,18,3,12,8,6
162;26;7801;1266;13,24,15,11,20,4,5,14,10,23,9,2,16,0,17,7,21,22,1,18,19,3,8,6,12
163;19;5701;935;3,4,5,14,18,2,9,24,16,8,17,15,6,23,12,1,22,19,7,11,10,13,21,0,20
164;22;6601;1080;12,8,14,24,5,2,3,23,9,4,6,16,17,19,15,1,10,20,7,11,18,13,0,21,22
165;21;6301;1037;24,16,10,4,2,11,14,5,17,13,23,20,0,9,15,7,21,22,1,18,19,3,8,6,12
166;25;7501;1224;10,3,18,23,0,8,16,13,11,22,14,12,21,20,6,15,17,2,7,24,1,19,4,9,5
167;22;6601;1080;2,9,22,15,20,13,21,4,10,11,24,5,23,17,0,1,18,19,7,3,16,14,6,8,12
168;27;8101;1319;23,14,21,8,12,10,18,13,6,0,3,22,11,16,20,1,5,19,7,17,2,4,9,24,15
169;19;5701;930;13,17,16,2,15,8,23,11,5,24,4,6,9,0,12,1,22,19,7,3,10,14,21,18,20
170;19;5701;935;13,4,14,0,20,9,3,17,10,11,16,5,23,19,24,1,21,22,7,15,18,2,12,8,6
171;26;7801;1274;5,3,20,18,22,23,19,9,21,0,14,10,13,24,11,1,2,15,7,17,16,4,6,8,12
172;19;5701;932;12,6,22,9,19,13,21,3,5,24,8,0,23,18,11,1,10,20,7,4,16,14,17,2,15
173;22;6601;1073;18,21,23,19,7,11,5,14,1,0,22,10,13,3,20,2,4,17,15,24,16,9,6,8,12
174;20;6001;976;5,9,6,18,7,3,8,2,1,22,24,12,21,15,19,10,0,11,20,4,14,17,13,23,16
175;21;6301;1047;14,16,20,18,22,8,10,13,21,0,23,12,11,3,6,1,15,19,7,9,5,24,4,17,2
176;15;4501;729;14,2,24,8,12,4,15,19,6,16,17,9,3,18,5,1,10,20,7,23,22,21,13,11,0
177;23;6901;1118;8,3,5,12,2,9,19,23,17,4,14,24,16,6,15,1,21,22,7,11,20,10,13,0,18
178;24;7201;1179;23,17,22,9,5,0,21,2,24,11,4,20,13,15,10,1,18,19,7,14,3,16,8,6,12
179;22;6601;1072;9,14,19,15,2,8,18,5,17,4,3,6,16,24,12,1,21,22,7,11,13,23,10,20,0
180;18;5401;879;23,14,6,18,22,12,8,16,21,0,3,20,11,13,10,5,24,9,7,17,2,4,19,1,15
181;23;6901;1127;24,14,19,23,20,13,18,5,10,11,3,1,0,9,7,2,4,17,15,22,12,21,16,8,6
182;20;6001;979;2,4,14,8,12,3,18,23,6,24,16,15,9,17,5,1,20,19,7,11,0,13,10,21,22
183;23;6901;1127;18,14,23,9,5,13,10,16,24,22,3,11,21,4,0,1,20,19,7,2,15,17,8,6,12
184;23;6901;1121;4,16,13,17,15,12,14,10,2,6,23,0,8,20,11,5,24,9,7,21,22,3,18,19,1
185;23;6901;1124;8,9,17,12,20,24,2,16,10,11,4,13,23,6,0,1,22,19,7,3,15,14,21,18,5
186;21;6301;1021;16,4,18,8,12,3,14,9,6,15,17,21,2,5,22,10,23,11,20,19,7,24,13,0,1
187;22;6601;1071;14,24,5,13,0,18,4,16,11,23,9,22,10,3,21,12,8,6,7,17,19,20,2,15,1
188;21;6301;1026;13,3,21,19,7,10,18,5,1,0,14,22,11,23,20,6,16,8,12,9,15,24,4,17,2
189;21;6301;1021;8,16,4,23,20,13,9,12,10,11,24,17,0,6,2,1,22,19,7,14,5,15,3,21,18
190;24;7201;1166;14,16,15,13,0,17,1,19,11,10,4,2,23,3,20,12,8,6,7,21,22,18,24,9,5
191;20;6001;973;4,9,23,17,15,11,5,19,2,0,24,10,13,1,20,22,18,21,7,14,3,16,8,6,12
192;24;7201;1181;5,3,18,10,19,0,13,24,20,11,14,21,23,9,22,1,2,15,7,4,12,16,17,8,6
193;20;6001;982;2,17,9,15,20,13,5,16,10,11,4,24,0,14,23,22,18,21,7,8,19,3,6,12,1
194;18;5401;902;5,3,20,18,22,23,19,9,21,0,14,10,13,24,11,2,4,17,15,16,7,1,8,6,12
195;24;7201;1185;23,4,15,11,20,18,2,16,10,0,17,21,13,14,22,5,24,9,19,8,7,3,6,12,1
196;21;6301;1039;3,4,18,8,12,15,14,13,6,2,16,21,17,0,22,10,23,11,20,9,19,5,24,7,1
197;18;5401;892;20,16,6,19,7,3,12,23,1,18,8,22,14,10,21,2,4,17,15,9,5,24,13,11,0
198;30;9001;1468;21,14,19,22,7,11,3,16,1,0,23,20,13,18,10,5,9,24,15,8,12,6,4,17,2
199;26;7801;1274;5,13,6,19,7,3,8,24,1,21,0,12,18,9,22,15,17,2,20,14,23,11,4,16,10
200;22;6601;1082;3,14,5,12,6,17,24,10,8,16,9,15,4,20,2,1,22,19,7,11,13,23,18,21,0
201;20;6001;981;22,17,5,13,0,23,15,2,11,20,4,9,10,21,24,12,8,6,7,14,18,16,3,19,1
202;23;6901;1127;3,14,15,8,12,4,5,10,6,24,16,2,9,20,17,22,18,21,7,11,19,23,13,0,1
203;25;7501;1230;9,17,0,19,7,18,13,4,1,5,2,21,15,24,22,10,11,23,20,14,16,3,6,8,12
204;24;7201;1180;14,10,5,18,22,13,4,16,21,0,23,9,11,3,24,12,8,6,7,17,19,20,2,15,1
205;29;8701;1421;9,3,15,12,6,4,18,19,8,16,14,2,5,24,17,10,23,11,20,22,1,21,13,0,7
206;18;5401;888;16,3,6,4,2,5,19,18,17,9,8,12,24,14,15,1,10,20,7,13,21,23,11,0,22
207;24;7201;1175;14,17,13,18,20,23,15,4,10,22,2,0,21,16,11,5,24,9,19,8,7,3,6,12,1
208;27;8101;1315;0,8,19,18,22,12,3,17,21,15,6,1,2,13,7,10,23,11,20,4,16,14,24,9,5
209;26;7801;1270;17,4,0,8,12,5,13,15,6,24,16,11,9,2,23,1,22,19,7,3,10,14,21,18,20
210;24;7201;1179;2,22,0,15,20,18,13,4,10,14,21,11,16,17,23,12,8,6,7,9,5,24,3,19,1
211;29;8701;1413;21,9,19,22,20,13,23,5,10,11,24,1,0,18,7,6,15,8,12,14,4,3,2,17,16
212;25;7501;1219;16,3,12,24,5,8,19,14,9,17,6,15,4,23,2,10,0,11,20,13,1,18,21,22,7
213;19;5701;935;10,11,13,20,7,8,23,21,15,2,0,12,17,22,6,5,24,9,19,14,18,3,4,16,1
214;19;5701;958;7,17,20,9,5,23,1,2,24,0,4,10,13,15,11,6,16,8,12,21,22,19,3,14,18
215;25;7501;1223;0,21,16,11,10,5,4,3,23,18,22,9,14,13,24,1,20,19,7,2,15,17,8,6,12
216;23;6901;1130;14,16,12,23,20,13,2,4,10,11,17,8,0,3,6,5,24,9,19,21,22,15,18,1,7
217;26;7801;1277;19,20,13,18,22,24,23,14,21,5,10,11,9,3,0,12,8,6,7,4,1,16,17,2,15
218;28;8401;1369;12,24,23,19,7,11,5,8,1,0,9,10,13,6,20,18,15,21,22,14,16,3,2,17,4
219;20;6001;978;18,14,23,5,22,13,10,4,21,24,3,11,9,16,0,1,20,19,7,2,15,17,8,6,12
220;19;5701;932;24,13,10,14,16,15,20,5,4,17,0,11,2,9,23,1,22,19,7,8,12,3,21,18,6
221;23;6901;1127;5,9,0,15,7,18,13,24,1,2,4,21,17,19,22,6,20,8,12,14,11,3,16,23,10
222;33;9901;1610;24,13,18,19,20,0,14,5,10,11,3,21,23,9,22,12,8,6,7,4,1,16,17,2,15
223;24;7201;1176;7,17,5,13,0,9,15,2,11,23,4,20,24,1,10,6,22,8,12,14,19,16,3,21,18
224;21;6301;1026;18,24,6,21,22,23,8,9,0,11,12,20,13,5,10,2,4,17,15,14,19,3,16,7,1
225;19;5701;932;23,11,21,8,12,10,18,13,6,3,0,22,14,16,20,1,15,19,7,9,5,24,4,17,2
226;28;8401;1362;4,16,3,2,15,8,23,18,5,24,14,6,9,17,12,1,20,19,7,13,22,21,10,11,0
227;19;5701;930;14,16,1,8,12,9,7,18,6,24,4,19,3,23,5,10,0,11,20,2,15,17,13,21,22
228;26;7801;1275;3,2,5,8,12,4,19,23,6,15,17,9,16,14,24,10,0,11,20,21,22,18,13,1,7
229;22;6601;1077;4,17,5,23,20,13,15,14,10,11,2,9,0,16,24,12,8,6,7,18,19,3,21,22,1
230;37;11101;1799;5,9,19,17,15,8,3,14,2,16,24,6,4,18,12,1,10,20,7,23,22,21,13,11,0
231;22;6601;1076;13,2,16,0,20,12,4,14,10,11,17,8,23,3,6,1,22,19,7,21,18,15,24,9,5
232;20;6001;992;14,23,5,18,22,13,4,16,21,0,10,9,11,3,24,12,8,6,7,2,20,17,15,19,1
233;23;6901;1127;21,24,16,5,19,12,4,23,18,6,9,14,8,22,3,1,10,20,7,13,0,11,17,2,15
234;23;6901;1127;13,23,9,17,15,6,5,11,2,8,16,24,4,0,12,7,21,22,1,3,10,14,18,19,20
235;20;6001;979;17,16,18,2,7,8,3,4,15,22,14,6,21,1,12,0,23,13,11,5,20,19,9,24,10
236;20;6001;980;11,10,2,13,7,4,15,23,1,9,20,17,24,0,5,6,19,8,12,14,18,16,3,21,22
237;20;6001;982;16,23,0,8,12,4,13,14,6,2,11,21,17,3,22,1,20,19,7,10,15,18,24,9,5
238;22;6601;1127;11,10,16,20,5,4,14,13,15,2,23,24,17,0,9,12,8,6,7,18,19,3,21,22,1
239;25;7501;1244;18,14,5,0,22,23,4,3,21,11,16,9,10,13,24,1,20,19,7,2,15,17,8,6,12
240;26;7801;1287;8,3,19,2,15,4,23,12,5,17,14,24,16,6,9,1,21,22,7,11,20,10,18,13,0
241;24;7201;1181;16,14,20,2,15,18,10,4,12,6,3,21,8,17,22,1,5,19,7,11,0,23,9,24,13
242;20;6001;975;10,5,4,23,0,15,16,14,11,13,9,17,24,20,2,1,22,19,7,8,12,3,21,18,6
243;26;7801;1261;5,9,0,15,20,4,23,19,10,17,24,11,2,1,13,22,18,21,7,14,3,16,8,6,12
244;24;7201;1180;13,18,23,1,7,11,16,3,22,21,14,10,0,19,20,12,8,6,15,17,5,4,2,24,9
245;22;6601;1071;24,13,16,15,20,2,14,9,10,23,0,4,11,5,17,7,21,22,1,18,19,3,8,6,12
246;16;4801;787;13,0,10,5,22,1,23,24,21,18,11,20,19,9,7,2,4,17,15,14,12,3,16,8,6
247;23;6901;1124;10,24,18,19,7,0,5,23,1,13,9,21,11,20,22,2,4,17,15,14,12,3,16,8,6
248;26;7801;1271;15,23,11,4,2,5,0,14,17,9,13,10,24,16,20,7,21,22,1,18,19,3,8,6,12
249;23;6901;1119;3,14,17,8,12,18,4,13,6,22,16,2,21,0,15,1,20,19,7,24,5,9,23,11,10
250;25;7501;1233;8,4,13,12,20,23,14,3,10,2,16,0,17,6,11,5,24,9,7,21,22,15,18,19,1
251;29;8701;1410;3,4,18,8,12,15,14,1,6,2,16,21,17,19,22,5,9,24,7,0,23,13,11,10,20
252;23;6901;1122;17,14,12,24,15,16,19,18,5,9,3,8,4,2,6,1,13,0,7,23,22,21,11,10,20
253;21;6301;1022;3,24,5,12,6,4,23,14,8,15,9,17,16,19,2,1,10,20,7,11,18,13,0,21,22
254;19;5701;927;11,16,6,23,20,14,12,13,10,22,8,3,21,0,18,5,24,9,7,4,1,19,17,2,15
255;24;7201;1273;8,2,20,24,5,3,10,12,9,16,17,14,4,6,15,7,21,22,1,11,19,23,13,0,18
256;21;6301;1127;10,0,16,18,22,12,23,13,21,3,11,8,14,20,6,1,15,19,7,17,5,4,2,24,9
257;26;7801;1372;14,24,5,8,12,4,18,19,6,15,9,17,16,3,2,1,10,20,7,23,22,21,13,11,0
258;21;6301;1084;15,23,0,4,2,11,20,14,17,9,10,13,24,16,5,12,8,6,7,21,22,18,3,19,1
259;25;7501;1279;16,3,5,8,12,4,19,14,6,2,15,9,17,23,24,1,10,20,7,21,22,18,13,11,0
260;19;5701;990;8,24,5,13,0,23,16,12,11,17,9,15,4,6,2,1,22,19,7,3,10,14,21,18,20
261;25;7501;1309;0,10,4,18,22,24,16,3,21,23,14,9,11,13,5,1,20,19,7,2,15,17,8,6,12
262;20;6001;1041;8,3,19,2,15,17,23,12,5,9,14,16,24,6,4,1,10,20,7,11,18,13,0,21,22
263;23;6901;1184;17,4,14,13,1,23,3,15,19,11,16,10,0,2,20,5,9,24,7,6,12,8,18,21,22
264;20;6001;1050;17,14,19,18,22,8,1,16,21,15,3,12,2,4,6,0,13,11,7,24,5,9,23,10,20
265;27;8101;1372;11,4,3,23,20,8,2,13,10,16,17,12,14,0,6,7,21,22,1,9,15,24,18,5,19
266;27;8101;1398;19,14,9,18,22,8,24,4,21,6,16,5,3,23,12,10,0,11,20,2,15,17,13,1,7
267;21;6301;1081;11,23,8,18,22,3,16,13,21,20,14,6,10,0,12,1,15,19,7,9,5,24,4,17,2
268;28;8401;1434;11,23,14,8,12,16,3,13,6,2,4,10,17,0,20,7,21,22,1,9,15,24,18,5,19
269;26;7801;1344;3,24,15,8,12,4,5,23,6,16,9,2,14,18,17,1,20,19,7,13,22,21,10,11,0
270;19;5701;1049;21,23,2,22,7,8,17,4,1,0,11,12,13,16,6,19,24,9,5,14,18,3,10,20,15
271;24;7201;1224;23,8,18,11,20,3,12,16,10,0,6,21,14,13,22,1,15,19,7,9,5,24,4,17,2
272;21;6301;1082;12,6,5,2,19,16,23,14,15,4,8,24,17,3,9,1,10,20,7,11,18,13,0,21,22
273;22;6601;1129;3,6,11,9,5,23,12,4,24,16,8,10,14,19,20,1,21,22,7,13,17,0,18,15,2
274;23;6901;1174;23,6,2,11,0,16,12,3,13,24,8,17,9,14,4,1,22,19,7,20,15,10,21,18,5
275;22;6601;1126;16,14,5,19,7,8,18,4,1,24,3,12,9,23,6,22,21,10,20,2,15,17,13,11,0
276;32;9601;1609;21,3,8,10,22,23,16,13,20,11,14,6,0,18,12,5,9,24,15,1,7,19,4,17,2
277;23;6901;1197;8,3,20,17,15,9,10,12,2,4,14,24,16,6,5,1,22,19,7,11,13,23,18,21,0
278;24;7201;1247;11,24,15,12,6,4,5,13,8,16,9,2,23,0,17,7,21,22,1,3,10,14,18,19,20
279;20;6001;1027;12,3,17,10,20,14,4,8,22,21,16,2,18,6,15,1,5,19,7,11,0,23,9,24,13
280;24;7201;1248;12,6,14,18,22,23,16,3,21,0,8,10,11,13,20,1,15,19,7,9,5,24,4,17,2
281;20;6001;1053;3,4,20,8,12,11,2,13,6,16,17,10,14,0,23,7,21,22,1,9,15,24,18,5,19
282;21;6301;1167;3,16,9,17,15,12,24,14,2,6,4,5,8,18,19,1,21,22,7,10,20,23,13,11,0
283;22;6601;1152;18,17,13,19,7,9,0,2,1,22,4,24,21,15,5,12,8,6,20,3,23,11,16,14,10
284;18;5401;933;16,4,15,19,7,18,2,13,1,3,17,22,14,0,21,12,8,6,20,24,5,9,23,11,10
285;19;5701;987;0,11,19,18,22,24,3,14,21,20,23,9,10,13,5,1,2,15,7,4,12,16,17,8,6
286;24;7201;1248;4,9,15,16,19,8,2,17,5,3,24,12,14,23,6,1,21,22,7,11,20,10,18,13,0
287;21;6301;1079;24,2,14,9,19,3,16,15,5,18,17,22,4,1,21,12,8,6,7,0,20,13,23,11,10
288;19;5701;984;16,4,11,8,12,23,0,14,6,2,13,10,17,3,20,1,22,19,7,21,18,15,24,9,5
289;23;6901;1179;9,3,5,12,6,17,18,23,8,16,14,15,4,24,2,1,20,19,7,13,22,21,10,11,0
290;27;8101;1440;18,3,4,21,22,8,16,13,15,12,14,17,6,0,2,1,20,19,7,23,5,11,10,24,9
291;18;5401;965;21,6,12,13,0,14,16,18,11,23,8,20,3,22,10,1,5,19,7,17,15,2,4,9,24
292;19;5701;1009;20,17,15,13,11,8,3,23,0,22,2,12,21,10,6,1,18,19,7,4,16,14,24,9,5
293;23;6901;1204;15,3,16,24,5,2,14,18,9,6,12,17,8,19,4,1,21,22,7,10,20,23,13,11,0
294;20;6001;1046;14,6,24,17,15,12,19,3,2,4,8,9,16,18,5,1,10,20,7,13,21,23,11,0,22
295;19;5701;992;11,2,6,18,22,1,8,15,21,0,17,12,13,23,7,20,5,10,19,14,16,3,4,9,24
296;25;7501;1300;11,10,16,20,15,9,14,13,2,17,23,5,4,0,24,1,22,19,7,6,12,8,3,21,18
297;17;5101;883;17,13,3,11,20,8,14,4,10,23,16,12,0,2,6,5,9,24,7,19,1,15,18,21,22
298;20;6001;1029;10,2,16,13,0,9,14,15,11,23,17,4,24,20,5,1,22,19,7,6,12,8,3,21,18
299;25;7501;1271;16,10,9,8,12,4,24,14,6,2,20,5,17,3,15,7,21,22,1,11,19,23,13,0,18
300;20;6001;1028;11,0,22,20,15,9,21,23,2,17,13,5,4,10,24,12,8,6,7,14,18,16,3,19,1
301;19;5701;981;0,13,16,11,20,4,14,2,10,24,17,5,23,15,9,12,8,6,7,21,22,18,3,19,1
302;25;7501;1268;13,23,21,17,15,9,18,11,2,24,16,22,4,0,5,12,8,6,7,3,10,14,19,1,20
303;19;5701;1005;14,3,24,18,22,23,13,4,21,0,10,9,11,16,5,12,8,6,7,17,19,20,2,15,1
304;20;6001;1039;4,15,20,0,1,9,10,2,13,24,23,5,11,17,19,22,18,21,7,8,12,16,14,3,6
305;26;7801;1333;11,23,14,2,20,8,3,13,17,4,10,6,16,0,12,1,22,19,7,21,18,15,24,9,5
306;24;7201;1241;4,13,21,17,15,10,5,9,2,0,23,22,11,24,20,12,8,6,7,14,18,16,3,19,1
307;26;7801;1328;24,16,12,23,20,13,3,4,10,11,14,8,0,9,6,1,22,19,7,2,5,17,15,21,18
308;21;6301;1075;21,11,3,6,22,4,14,13,12,8,23,2,16,0,17,1,20,19,7,10,15,18,24,9,5
309;21;6301;1075;11,23,8,18,22,3,16,13,21,20,14,6,10,0,12,1,15,19,7,9,5,24,4,17,2
310;25;7501;1271;4,16,18,17,15,12,3,19,2,6,14,21,8,1,22,10,23,11,20,9,7,5,24,13,0
311;27;8101;1370;13,23,12,24,5,2,15,11,9,4,16,6,17,0,8,1,22,19,7,14,20,10,3,21,18
312;17;5101;882;4,9,5,8,12,14,23,2,6,3,24,15,16,17,19,1,13,0,7,20,18,10,11,21,22
313;26;7801;1319;3,14,8,24,5,2,6,18,9,4,16,12,17,19,15,1,10,20,7,23,22,21,13,11,0
314;22;6601;1126;3,6,16,24,5,2,14,18,9,15,8,17,12,19,4,1,21,22,7,10,20,23,13,11,0
315;29;8701;1460;14,23,10,12,6,17,0,13,8,16,11,20,4,3,2,1,22,19,7,21,18,15,24,9,5
316;26;7801;1315;16,13,10,4,2,12,20,3,17,6,0,11,8,14,23,1,22,19,7,21,18,15,24,9,5
317;24;7201;1226;13,23,17,9,5,12,4,11,24,6,16,2,8,0,15,1,22,19,7,3,10,14,21,18,20
318;18;5401;944;16,24,5,17,15,8,18,14,2,4,3,6,9,23,12,1,20,19,7,11,0,13,10,21,22
319;23;6901;1191;18,3,16,24,5,17,23,13,9,19,14,2,4,1,15,22,0,21,7,6,12,8,11,10,20
320;21;6301;1078;0,24,23,12,1,11,5,3,19,6,9,10,8,13,20,15,17,2,7,16,18,14,4,21,22
321;22;6601;1131;13,23,12,24,5,2,15,11,9,4,16,6,17,0,8,7,21,22,1,14,20,10,3,18,19
322;19;5701;986;0,23,20,18,22,24,10,11,21,19,14,9,3,13,5,12,8,6,7,4,1,16,17,2,15
323;20;6001;1047;12,3,14,13,1,23,18,8,19,11,16,10,0,6,20,5,24,9,7,4,22,21,17,2,15
324;25;7501;1288;4,17,15,3,19,8,18,24,5,16,2,12,14,9,6,1,21,22,7,10,20,23,13,11,0
325;19;5701;980;4,17,23,9,5,13,15,21,24,20,2,11,10,22,0,1,18,19,7,14,3,16,8,6,12
326;21;6301;1080;4,23,0,16,20,8,13,3,10,2,11,6,17,14,12,5,24,9,19,21,22,15,18,1,7
327;28;8401;1414;16,14,22,8,12,3,21,4,6,9,18,19,24,23,5,1,2,15,7,11,20,10,17,13,0
328;23;6901;1193;9,3,12,5,15,16,18,19,2,17,14,6,4,24,8,1,13,0,7,10,20,23,11,21,22
329;23;6901;1188;19,18,24,23,20,21,9,14,10,11,13,5,0,3,22,12,8,6,7,4,1,16,17,2,15
330;19;5701;1002;17,4,5,13,0,9,14,15,11,23,16,20,24,2,10,12,8,6,7,18,19,3,21,22,1
331;19;5701;981;2,17,24,8,12,13,9,5,6,23,4,0,16,15,11,1,22,19,7,3,10,14,21,18,20
332;22;6601;1149;21,18,2,19,7,5,15,0,1,9,13,17,24,22,4,10,11,23,20,14,16,3,6,8,12
333;19;5701;981;18,23,11,9,5,10,0,3,24,1,13,20,19,14,7,2,4,17,15,22,12,21,16,8,6
334;22;6601;1123;17,16,22,2,19,8,21,1,15,3,18,6,14,4,12,5,9,24,7,0,20,13,23,11,10
335;22;6601;1138;24,14,0,15,20,4,13,5,10,2,16,11,17,9,23,7,21,22,1,18,19,3,8,6,12
336;19;5701;974;16,14,21,17,15,12,18,10,2,6,3,22,8,4,20,5,24,9,19,11,0,23,13,1,7
337;21;6301;1073;2,8,13,18,20,23,12,17,10,22,6,0,21,15,11,1,5,19,7,3,16,14,4,9,24
338;33;9901;1663;3,14,24,8,12,4,15,18,6,2,16,9,17,19,5,1,21,22,7,10,20,23,13,11,0
339;24;7201;1219;23,16,0,12,20,11,13,14,10,6,4,17,8,3,2,7,21,22,1,9,15,24,19,18,5
340;23;6901;1197;21,18,24,8,12,4,19,23,6,16,14,9,3,22,5,15,17,2,7,11,20,10,0,13,1
341;23;6901;1191;19,9,17,18,22,5,16,24,21,3,4,2,14,1,15,12,8,6,7,0,23,13,11,10,20
342;27;8101;1366;23,10,13,24,5,17,0,14,9,4,11,2,20,16,15,7,21,22,1,6,12,8,3,18,19
343;21;6301;1073;18,4,6,21,22,17,8,1,15,3,16,12,14,19,2,5,9,24,7,0,23,13,11,10,20
344;23;6901;1174;9,19,14,8,12,4,18,5,6,2,3,16,17,24,15,1,21,22,7,10,20,23,13,11,0
345;23;6901;1170;24,3,0,8,12,11,13,4,6,23,14,20,16,9,10,7,21,22,1,2,15,17,5,18,19
346;23;6901;1170;12,6,14,18,22,23,16,3,21,0,8,20,11,13,10,5,24,9,19,2,7,15,17,4,1
347;27;8101;1364;10,8,13,18,22,23,12,16,21,3,6,11,14,20,0,15,17,2,7,24,1,19,4,9,5
348;26;7801;1333;3,24,15,8,12,4,5,23,6,16,9,2,14,18,17,1,20,19,7,13,22,21,10,11,0
349;20;6001;1032;13,3,23,6,7,11,16,19,12,8,14,10,0,1,20,15,17,2,5,21,22,18,4,9,24
350;26;7801;1319;13,14,15,18,22,2,19,16,21,17,3,1,4,0,7,5,9,24,20,6,12,8,23,11,10
351;28;8401;1415;9,16,18,5,19,3,23,4,12,6,14,21,8,24,22,1,13,0,7,2,15,17,11,10,20
352;21;6301;1076;2,17,22,3,19,14,16,13,5,9,4,21,24,15,18,12,8,6,7,11,23,0,10,20,1
353;22;6601;1129;12,6,13,21,22,11,23,3,20,10,8,1,0,19,7,2,4,17,15,16,18,14,24,9,5
354;21;6301;1085;3,24,5,8,12,17,19,18,6,16,9,15,4,14,2,10,23,11,20,22,1,21,13,0,7
355;22;6601;1126;11,22,3,23,20,12,18,13,10,6,21,14,8,0,16,1,5,19,7,17,2,4,9,24,15
356;22;6601;1123;14,3,6,23,20,0,8,16,10,11,12,21,13,18,22,1,15,19,7,9,5,24,4,17,2
357;23;6901;1174;15,3,12,4,2,16,23,19,17,24,14,6,9,5,8,1,21,22,7,11,10,13,0,18,20
358;22;6601;1141;21,14,24,8,12,18,4,23,6,19,16,9,3,22,5,1,10,20,7,11,13,0,17,2,15
359;16;4801;837;23,24,17,11,20,5,4,19,10,0,9,2,13,1,15,12,8,6,7,14,18,16,3,21,22
360;25;7501;1273;14,9,18,3,1,12,5,4,19,6,24,21,8,16,22,10,23,11,20,2,15,17,13,0,7
361;21;6301;1073;21,24,5,8,12,14,4,23,6,3,9,18,16,22,19,1,2,15,7,11,20,10,17,13,0
362;21;6301;1098;4,14,5,13,0,23,19,16,11,24,3,20,9,17,10,1,21,22,7,6,12,8,2,15,18
363;19;5701;980;16,4,5,8,12,2,9,14,6,21,17,15,18,3,22,1,20,19,7,23,13,24,10,11,0
364;24;7201;1223;16,8,19,24,5,12,3,14,9,17,6,15,4,18,2,1,21,22,7,11,10,23,13,0,20
365;23;6901;1195;13,11,5,20,1,4,19,23,15,2,10,9,17,0,24,22,18,21,7,3,16,14,6,8,12
366;19;5701;976;13,14,9,0,7,18,24,23,1,22,3,5,21,11,19,12,8,6,15,4,20,10,16,17,2
367;20;6001;1024;2,24,5,8,12,3,18,4,6,16,9,19,14,17,15,10,23,11,20,13,7,1,0,21,22
368;28;8401;1428;3,14,24,8,12,17,5,18,6,2,16,9,15,19,4,1,10,20,7,23,22,21,13,11,0
369;30;9001;1516;3,23,0,8,12,19,13,14,6,20,11,7,10,16,1,5,9,24,15,21,22,18,4,17,2
370;30;9001;1519;14,11,20,8,12,4,13,0,6,16,10,2,23,3,17,7,21,22,1,9,15,24,18,5,19
371;23;6901;1187;4,9,13,15,20,23,5,14,10,2,24,0,17,16,11,12,8,6,7,18,19,3,21,22,1
372;20;6001;1039;0,10,16,18,22,12,23,11,21,3,20,8,14,13,6,1,5,19,7,17,2,4,9,24,15
373;22;6601;1121;11,23,10,24,5,2,14,13,9,4,16,20,17,0,15,7,21,22,1,18,19,3,8,6,12
374;23;6901;1168;24,3,0,8,12,11,13,4,6,23,14,20,16,9,10,1,22,19,7,2,15,17,21,18,5
375;21;6301;1073;3,24,15,8,12,4,5,23,6,16,9,2,14,19,17,1,10,20,7,11,18,13,0,21,22
376;24;7201;1219;14,3,5,17,15,8,24,19,2,16,9,6,4,18,12,1,21,22,7,10,20,23,13,11,0
377;21;6301;1069;5,4,23,15,22,11,13,24,21,0,17,10,2,9,20,12,8,6,7,14,18,16,3,19,1
378;22;6601;1120;24,4,15,13,7,23,2,5,1,11,17,20,0,9,10,6,16,8,12,21,22,19,3,14,18
379;27;8101;1380;0,3,22,8,12,4,21,13,6,16,14,2,23,11,17,1,20,19,7,10,15,18,24,9,5
380;18;5401;929;19,9,5,13,7,23,18,14,1,11,24,20,0,3,10,2,4,17,15,16,22,21,8,6,12
381;20;6001;1030;23,16,2,0,22,8,17,13,21,3,4,12,14,11,6,1,20,19,7,10,15,18,24,9,5
382;33;9901;1668;9,16,18,8,12,5,23,4,6,19,14,21,3,24,22,1,10,20,7,11,15,0,13,17,2
383;22;6601;1124;2,8,1,15,22,3,12,4,21,14,6,19,16,17,18,5,9,24,7,0,20,13,23,11,10
384;20;6001;1047;16,18,1,17,15,24,13,3,2,9,19,7,4,14,5,22,21,10,20,6,12,8,23,11,0
385;20;6001;1023;17,16,18,13,20,23,15,4,10,11,14,21,0,2,22,1,12,19,7,9,5,24,3,8,6
386;25;7501;1263;18,3,11,8,12,23,13,21,6,16,0,10,14,22,20,5,9,24,15,1,7,19,4,17,2
387;21;6301;1069;4,16,15,18,22,8,3,13,21,2,14,12,17,0,6,5,24,9,19,23,7,11,10,20,1
388;26;7801;1327;17,14,11,4,5,23,0,15,9,24,13,10,16,2,20,1,18,19,7,6,12,8,3,21,22
389;31;9301;1557;9,3,18,17,15,8,23,24,2,16,14,6,4,5,12,1,20,19,7,13,22,21,10,11,0
390;27;8101;1362;3,14,8,17,15,24,6,23,2,9,16,12,4,19,5,1,21,22,7,11,10,13,0,18,20
391;26;7801;1334;10,24,5,14,23,3,4,11,16,8,9,19,6,20,12,1,21,22,7,2,15,17,13,0,18
392;23;6901;1172;12,16,19,23,20,13,3,6,10,11,14,1,0,8,7,2,4,17,15,21,22,18,24,9,5
393;23;6901;1183;9,4,6,5,22,3,8,23,21,18,16,12,14,24,19,10,0,11,20,7,15,1,13,17,2
394;23;6901;1185;11,13,19,10,7,18,3,16,20,1,14,21,0,23,22,5,9,24,15,8,12,6,4,17,2
395;23;6901;1170;11,10,5,13,1,4,19,23,15,2,20,9,17,0,24,22,18,21,7,3,16,14,6,8,12
396;19;5701;974;11,16,12,13,24,2,6,23,9,4,8,15,17,0,5,7,21,22,1,3,10,14,18,19,20
397;25;7501;1262;13,4,2,11,20,9,16,14,10,24,17,15,23,0,5,7,21,22,1,6,12,8,3,18,19
398;18;5401;926;16,24,14,5,19,4,3,11,15,2,9,10,17,23,20,12,8,6,7,0,18,13,21,22,1
399;23;6901;1164;24,14,6,9,5,16,12,18,15,17,3,8,4,19,2,1,21,22,7,10,20,23,13,11,0
400;27;8101;1379;24,3,11,8,12,23,0,4,6,16,13,10,14,9,20,1,22,19,7,2,15,17,21,18,5
401;24;7201;1215;9,17,14,24,20,0,3,19,10,11,4,16,13,5,23,1,21,22,7,15,18,2,12,8,6
402;25;7501;1266;3,9,0,14,5,23,13,4,18,22,24,11,21,16,10,12,8,6,7,17,19,20,2,15,1
403;21;6301;1135;21,14,24,8,12,19,4,23,6,18,16,9,3,22,5,1,2,15,7,0,10,11,17,13,20
404;18;5401;936;16,13,2,4,24,12,0,11,9,6,17,15,8,23,5,1,22,19,7,14,20,10,3,21,18
405;26;7801;1326;4,16,20,9,5,3,10,2,24,18,14,22,15,17,21,12,8,6,7,11,19,23,0,13,1
406;24;7201;1257;16,6,2,23,24,13,12,3,9,11,8,17,0,14,4,7,21,22,1,10,5,15,18,19,20
407;25;7501;1277;16,14,9,17,15,6,24,23,2,8,3,5,4,18,12,1,20,19,7,13,22,21,10,11,0
408;18;5401;932;21,14,19,23,20,13,15,3,10,11,18,1,0,22,7,12,8,6,5,17,24,2,16,4,9
409;22;6601;1143;16,23,20,4,2,0,10,14,17,15,11,7,13,18,1,5,24,9,19,3,22,21,8,6,12
410;24;7201;1321;14,23,19,18,22,13,20,16,21,0,10,1,11,3,7,15,17,2,5,9,12,24,4,8,6
411;22;6601;1134;13,14,5,23,20,21,19,9,10,11,3,18,0,24,22,12,8,6,7,4,1,16,17,2,15
412;27;8101;1367;16,14,9,18,22,12,24,4,21,6,3,5,8,23,19,1,10,20,7,2,15,17,13,11,0
413;24;7201;1250;11,4,15,13,1,9,2,23,19,20,17,5,10,0,24,22,18,21,7,14,3,16,8,6,12
414;20;6001;1028;18,14,19,12,15,16,1,21,2,8,3,4,6,22,17,5,9,24,7,10,20,23,13,11,0
415;21;6301;1073;9,16,19,5,22,3,23,4,21,6,14,18,8,24,12,1,10,20,7,11,15,0,13,17,2
416;26;7801;1316;18,21,9,23,20,13,19,3,10,11,22,24,0,14,5,12,8,6,7,4,1,16,17,2,15
417;19;5701;998;12,17,15,21,22,11,24,8,20,0,2,23,13,6,10,1,18,19,7,9,16,4,3,14,5
418;22;6601;1126;11,3,23,18,22,12,16,13,21,20,14,8,10,0,6,1,5,19,7,17,15,2,4,9,24
419;23;6901;1186;14,11,1,8,12,21,13,23,6,18,0,7,3,16,22,2,4,17,15,20,19,10,24,9,5
420;26;7801;1320;16,8,12,24,5,2,3,14,9,4,6,19,17,18,15,1,10,20,7,23,22,21,13,11,0
421;24;7201;1224;9,16,20,5,22,17,10,3,21,18,14,15,4,24,2,12,8,6,7,11,19,23,0,13,1
422;23;6901;1186;17,14,19,9,5,8,18,16,24,15,3,6,2,4,12,1,10,20,7,23,22,21,13,11,0
423;27;8101;1402;11,4,24,23,20,8,9,13,10,16,3,12,14,0,6,1,22,19,7,2,15,17,21,18,5
424;21;6301;1082;13,3,8,10,1,23,16,24,20,11,14,6,0,19,12,22,18,21,7,4,5,9,17,2,15
425;31;9301;1595;11,3,20,4,2,8,10,13,17,16,14,6,23,0,12,7,21,22,1,9,15,24,18,5,19
426;23;6901;1202;21,23,0,8,12,4,13,14,6,22,11,2,16,3,17,1,20,19,7,10,15,18,24,9,5
427;27;8101;1379;14,8,18,23,20,13,12,3,10,11,6,21,0,16,22,1,15,19,7,9,5,24,4,17,2
428;21;6301;1078;14,23,19,18,22,13,20,16,21,0,10,1,11,3,7,2,4,17,15,9,5,24,8,6,12
429;15;4501;807;7,17,5,13,0,20,15,2,11,10,4,9,23,1,24,6,16,8,12,21,22,19,3,14,18
430;23;6901;1204;13,2,8,0,22,10,23,17,21,20,15,6,11,18,12,1,5,19,7,3,16,14,4,9,24
431;24;7201;1219;23,24,5,11,20,18,19,3,10,0,9,21,13,14,22,12,8,6,7,4,1,16,17,2,15
432;23;6901;1176;16,4,5,8,12,18,24,23,6,3,9,22,14,19,21,1,13,0,7,2,15,17,11,10,20
433;20;6001;1029;10,23,13,20,15,4,0,16,5,9,11,17,24,14,2,7,21,22,1,18,19,3,8,6,12
434;20;6001;1028;14,18,22,8,12,11,13,3,6,10,21,0,23,16,20,1,15,19,7,9,5,24,4,17,2
435;18;5401;931;7,20,16,18,22,12,23,19,21,6,10,14,8,1,3,0,13,11,5,2,17,15,24,9,4
436;23;6901;1181;4,16,11,8,12,23,0,24,6,2,13,10,17,9,20,1,22,19,7,14,5,15,3,21,18
437;30;9001;1522;3,14,24,8,12,4,5,10,6,2,16,9,17,20,15,7,21,22,1,11,19,23,13,0,18
438;28;8401;1414;14,8,18,23,20,13,12,3,10,11,6,21,0,16,22,5,24,9,7,17,2,4,19,1,15
439;21;6301;1077;24,17,14,5,20,13,16,4,10,11,2,15,23,9,0,1,22,19,7,6,18,8,12,3,21
440;24;7201;1220;16,4,5,23,20,13,19,3,10,11,17,9,0,14,24,12,8,6,7,21,22,18,2,15,1
441;19;5701;1001;23,4,3,11,0,8,14,21,13,2,16,6,17,22,12,7,10,20,1,9,15,24,18,5,19
442;27;8101;1365;4,20,3,17,15,16,23,24,2,8,10,14,6,9,12,1,22,19,7,13,5,11,0,21,18
443;24;7201;1240;14,16,15,18,22,12,5,9,21,6,4,17,8,3,2,7,10,20,1,23,19,24,13,11,0
444;21;6301;1072;19,18,10,9,5,0,20,14,24,22,13,23,21,3,11,1,2,15,7,17,16,4,6,8,12
445;26;7801;1330;16,14,24,0,20,8,9,4,10,11,3,12,23,13,6,1,22,19,7,2,15,17,21,18,5
446;18;5401;945;3,17,9,8,12,2,24,23,6,16,4,5,14,18,15,1,20,19,7,13,22,21,10,11,0
447;23;6901;1185;12,3,0,18,22,23,13,8,21,20,16,11,14,6,10,1,5,19,7,17,2,4,9,24,15
448;24;7201;1218;11,14,9,18,22,23,19,13,21,20,3,24,10,0,5,12,8,6,7,4,1,16,17,2,15
449;25;7501;1288;17,11,3,23,20,8,13,4,10,16,0,6,14,2,12,7,21,22,1,18,19,15,24,9,5
450;21;6301;1694;2,16,3,8,12,0,14,4,6,13,23,21,11,17,22,1,20,19,7,10,15,18,24,9,5
451;27;8101;1349;4,14,0,9,5,10,13,17,24,19,3,11,23,16,20,1,21,22,7,15,18,2,12,8,6
452;28;8401;1404;24,11,16,9,5,4,14,0,15,2,23,10,17,13,20,1,22,19,7,8,12,3,21,18,6
453;22;6601;1096;5,3,16,10,20,12,23,24,22,21,14,8,18,9,6,1,15,19,7,17,11,4,2,13,0
454;28;8401;1382;4,16,3,2,15,8,19,18,5,24,14,6,9,17,12,1,21,22,7,10,20,23,13,11,0
455;21;6301;1043;5,0,6,18,22,3,8,24,21,1,13,12,19,9,7,10,23,11,20,16,15,14,4,17,2
456;26;7801;1285;3,24,5,17,15,8,19,23,2,16,9,6,4,14,12,10,0,11,20,21,22,18,13,1,7
457;22;6601;1092;0,11,17,9,5,23,4,21,24,20,13,2,10,22,15,12,8,6,7,14,18,16,3,19,1
458;24;7201;1178;8,16,0,17,15,24,11,12,2,9,23,13,4,6,5,7,21,22,1,14,20,10,3,18,19
459;35;10501;1715;11,4,3,23,20,8,14,13,10,2,16,6,17,0,12,1,22,19,7,9,15,24,21,18,5
460;18;5401;892;11,23,5,17,15,9,14,0,2,24,16,10,4,13,20,12,8,6,7,19,18,3,1,21,22
461;21;6301;1038;4,16,11,17,20,12,23,14,2,6,10,0,8,3,13,5,9,24,7,19,1,15,18,21,22
462;24;7201;1179;11,22,16,23,20,12,18,13,10,14,21,8,3,0,6,15,17,2,7,24,1,19,4,9,5
463;25;7501;1249;23,16,12,13,24,2,6,0,9,4,8,15,17,11,5,1,20,19,7,3,18,14,10,21,22
464;19;5701;944;13,3,8,0,7,18,16,23,1,22,14,6,21,11,12,5,9,24,15,20,19,10,4,17,2
465;21;6301;1043;16,8,2,3,19,12,15,18,5,9,6,17,24,14,4,1,13,0,7,10,20,23,11,21,22
466;20;6001;989;0,13,1,9,5,8,18,23,24,7,21,12,22,11,6,15,17,2,20,14,19,3,4,16,10
467;25;7501;1366;14,16,5,23,20,13,17,19,10,11,4,9,0,3,24,12,8,6,7,15,18,2,21,22,1
468;19;5701;936;11,24,3,0,22,5,14,23,21,20,9,19,10,13,18,12,8,6,7,4,1,16,17,2,15
469;16;4801;850;3,14,24,17,15,8,5,18,2,12,16,9,4,19,6,1,13,0,7,23,22,21,11,10,20
470;24;7201;1230;14,24,15,3,12,4,5,23,6,8,9,2,16,19,17,1,21,22,7,11,20,10,13,0,18
471;30;9001;1517;15,2,16,18,22,12,4,19,21,3,17,8,14,1,6,0,13,11,7,10,20,23,24,9,5
472;24;7201;1265;15,4,3,18,22,24,14,17,21,5,16,1,9,2,19,10,23,11,20,0,7,13,8,6,12
473;24;7201;1226;12,6,14,23,0,21,16,3,11,10,8,18,20,13,22,1,5,19,7,17,2,4,9,24,15
474;24;7201;1657;8,13,23,2,15,4,11,12,5,17,0,24,16,6,9,1,22,19,7,3,10,14,21,18,20
475;27;8101;1388;2,24,5,8,12,14,18,4,6,15,9,19,16,17,3,1,10,20,7,23,22,21,13,11,0
476;25;7501;1303;24,3,6,13,1,23,8,5,19,11,12,20,0,9,10,22,18,21,7,4,16,14,17,2,15
477;22;6601;1130;3,17,15,8,12,4,23,10,6,16,2,9,14,20,24,1,22,19,7,13,5,11,0,21,18
478;21;6301;1083;14,9,8,16,20,13,6,4,10,11,24,12,23,3,0,1,22,19,7,2,15,17,21,18,5
479;20;6001;1037;20,10,7,17,5,11,1,15,4,9,23,0,24,2,13,12,8,6,22,14,19,16,3,21,18
480;22;6601;1132;21,24,5,8,12,14,4,23,6,3,9,18,16,22,19,1,10,20,7,11,15,0,13,17,2
481;20;6001;1043;9,0,6,19,7,21,8,13,1,18,3,12,5,24,22,2,4,17,15,23,10,11,14,16,20
482;20;6001;1037;11,22,3,23,20,12,18,13,10,6,21,14,8,0,16,1,15,19,7,9,5,24,4,17,2
483;16;4801;840;24,2,16,9,19,12,14,18,5,3,17,8,4,15,6,1,10,20,7,23,22,21,13,11,0
484;20;6001;1059;2,22,7,8,12,0,13,17,6,11,21,20,23,15,10,5,24,9,19,16,1,4,3,14,18
485;25;7501;1272;12,3,18,23,20,0,16,8,10,11,14,21,13,6,22,1,5,19,7,17,2,4,9,24,15
486;26;7801;1343;11,23,20,17,15,8,10,0,2,16,14,6,4,13,12,5,24,9,7,21,22,3,18,19,1
487;22;6601;1151;13,18,2,23,0,17,15,21,11,16,14,20,4,22,10,1,12,19,7,9,5,24,3,8,6
488;24;7201;1229;13,9,16,17,15,23,14,5,2,11,24,10,4,0,20,7,21,22,1,6,12,8,3,18,19
489;24;7201;1224;24,23,22,19,7,11,21,5,1,0,18,10,13,9,20,12,8,6,15,14,4,3,16,2,17
490;21;6301;1079;0,23,16,18,22,2,14,11,21,15,10,4,20,13,17,1,5,19,7,9,3,24,8,6,12
491;26;7801;1327;11,3,24,8,12,14,9,13,6,23,4,20,16,0,10,1,22,19,7,2,15,17,21,18,5
492;24;7201;1221;6,9,11,18,7,5,23,8,1,22,24,0,21,12,13,15,17,2,20,3,10,19,4,16,14
493;20;6001;1037;14,6,15,18,22,4,1,19,21,12,8,2,16,3,17,10,23,11,20,0,7,13,24,9,5
494;27;8101;1397;10,23,13,20,15,9,0,14,2,17,11,24,4,16,5,7,21,22,1,8,19,3,6,12,18
495;21;6301;1071;13,14,18,11,7,20,19,16,1,0,3,21,10,23,22,2,4,17,15,6,12,8,24,9,5
496;25;7501;1303;13,23,5,8,12,4,15,11,6,2,16,9,17,0,24,1,22,19,7,3,10,14,21,18,20
497;25;7501;1279;13,24,5,12,6,17,23,11,8,16,9,15,4,0,2,7,21,22,1,3,10,14,18,19,20
498;18;5401;953;7,23,18,9,5,0,20,19,24,13,10,21,11,1,22,6,15,8,12,14,4,3,2,17,16
499;21;6301;1079;23,17,9,11,20,2,5,21,10,0,4,24,13,22,15,12,8,6,7,14,18,16,3,19,1
