0;31;18446;6903;14,32,5,27,13,22,0,19,12,16,6,4,11,15,29,34,18,7,1,8,20,10,23,30,25,31,24,3,9,28,33,26,17,2,21
1;39;23206;5758;22,25,5,14,10,15,17,21,28,9,34,24,2,23,27,6,7,31,33,26,12,16,18,32,11,19,4,8,13,29,1,0,20,3,30
2;30;17851;3488;8,11,33,6,18,7,30,22,0,16,1,19,20,13,29,4,5,3,32,12,26,15,2,9,31,17,10,25,28,21,24,23,27,14,34
3;30;17851;5755;28,24,17,10,4,2,1,7,25,0,23,11,32,30,3,21,9,8,33,26,20,15,31,22,34,18,27,14,6,19,12,5,16,29,13
4;37;22016;4837;29,3,5,27,21,22,10,9,13,15,6,17,31,16,14,34,18,2,1,8,26,25,19,23,20,11,28,0,24,7,33,30,4,12,32
5;36;21421;4061;31,10,11,19,7,16,15,1,9,17,0,23,14,2,21,13,18,4,33,26,12,34,28,30,3,27,20,24,5,25,32,6,22,8,29
6;34;20231;4449;7,23,1,17,0,2,19,14,9,4,33,28,15,10,32,31,21,11,12,26,6,3,16,5,22,18,34,29,20,13,8,27,30,25,24
7;43;25586;4696;16,11,21,31,34,2,27,9,14,5,29,15,18,19,6,17,10,22,0,13,26,24,7,20,28,1,30,33,32,23,3,12,25,8,4
8;46;27371;5725;25,23,30,4,17,32,16,0,28,2,24,9,13,10,21,3,11,29,12,26,8,22,19,1,20,7,33,27,15,18,31,14,34,6,5
9;39;23206;4394;19,14,5,11,30,16,12,18,15,27,34,28,3,20,22,6,29,23,13,0,8,10,32,1,26,17,33,2,9,7,4,31,21,25,24
10;39;23206;4229;11,8,18,0,21,13,23,7,19,17,16,31,10,4,2,1,9,29,33,26,25,15,27,24,20,22,30,12,14,32,28,3,34,6,5
11;40;23801;4408;13,11,5,15,32,14,2,21,0,18,6,19,17,16,29,34,27,4,12,26,24,22,9,28,3,7,30,23,33,10,25,20,31,8,1
12;33;19636;3549;8,18,27,22,10,20,24,3,1,4,12,31,30,9,32,34,29,25,5,6,26,28,2,14,33,23,15,7,13,17,21,0,19,16,11
13;35;20826;3985;24,3,4,31,17,11,7,28,30,2,25,9,23,10,21,32,19,0,12,26,20,8,1,22,34,18,27,14,6,15,33,5,16,13,29
14;34;20231;3747;11,32,3,0,1,13,33,20,12,18,16,8,27,4,19,30,28,29,24,25,14,17,7,5,26,23,6,34,2,22,15,21,10,31,9
15;37;22016;4037;14,5,13,11,17,19,21,7,6,22,15,29,2,34,27,16,0,31,18,9,26,33,10,28,24,20,25,30,1,3,23,8,4,12,32
16;36;21421;3921;0,19,17,2,7,21,23,1,11,33,13,15,18,16,14,29,4,28,8,26,25,20,10,24,12,31,32,30,34,3,9,27,22,6,5
17;38;22611;4142;20,30,22,13,10,0,2,17,3,23,27,25,21,24,28,34,29,31,5,6,26,7,11,15,33,9,14,19,8,18,16,1,4,12,32
18;30;17851;3260;30,3,8,11,7,4,18,16,20,1,12,33,13,28,0,32,19,27,24,25,26,34,9,21,29,23,17,2,5,10,31,6,22,15,14
19;33;19636;4382;13,11,17,8,9,29,10,7,0,18,2,19,31,16,4,21,1,32,33,26,28,27,14,20,3,12,30,22,25,15,23,24,34,6,5
20;46;27371;5011;14,13,5,22,19,29,7,1,15,18,34,0,33,16,27,6,20,11,8,26,9,23,32,21,10,12,2,17,24,4,31,25,28,3,30
21;32;19041;3457;1,25,10,4,17,31,23,3,33,21,8,7,30,24,2,9,32,28,12,26,15,16,19,22,34,11,14,27,6,18,20,5,29,0,13
22;38;22611;5551;11,13,30,32,27,4,10,25,0,18,3,19,9,16,20,12,24,31,1,8,33,34,7,15,26,29,14,23,6,22,28,5,17,2,21
23;38;22611;4935;13,11,17,10,24,2,28,23,0,30,31,19,25,16,3,21,9,18,14,26,34,33,15,5,29,7,6,22,1,20,27,8,4,12,32
24;38;22611;4397;14,16,5,22,0,27,2,17,15,31,34,19,21,18,13,6,29,11,1,8,20,32,7,24,3,4,30,25,12,28,33,26,23,9,10
25;41;24396;4502;27,6,30,25,15,24,7,33,34,28,20,14,23,5,22,3,32,29,12,26,9,11,21,31,18,4,1,2,16,17,10,19,8,0,13
26;38;22611;4121;27,2,5,15,23,14,18,7,31,10,34,17,1,21,9,6,22,29,33,26,20,4,0,3,11,28,30,16,32,13,19,12,24,8,25
27;47;27966;5067;25,23,30,20,11,12,19,15,28,4,24,9,7,10,32,3,22,0,5,6,14,2,27,1,26,18,8,33,17,31,34,21,29,13,16
28;44;26181;4852;6,34,29,17,7,21,16,1,5,0,15,27,33,22,13,14,2,18,8,26,4,20,19,32,25,31,12,28,30,23,11,24,10,3,9
29;38;22611;4690;14,21,5,22,24,34,30,20,15,32,12,2,7,17,29,6,27,25,33,26,1,11,28,9,31,4,18,10,16,23,8,19,3,13,0
30;40;23801;4279;23,10,24,30,17,28,7,0,9,21,25,31,11,2,4,32,3,19,12,26,14,1,20,5,22,33,6,34,8,27,15,29,18,13,16
31;32;19041;3692;15,6,17,33,25,1,24,23,14,22,21,34,28,5,29,2,7,27,8,26,20,11,10,3,16,31,19,18,0,9,30,13,4,12,32
32;30;17851;4334;13,19,33,23,10,7,17,4,16,9,0,31,2,11,18,1,28,21,8,26,24,22,14,32,20,15,12,30,34,3,25,27,29,6,5
33;31;18446;4602;32,8,11,19,25,16,33,27,4,30,0,3,20,1,24,13,18,28,12,26,14,22,7,2,34,23,15,17,6,29,21,5,10,31,9
34;31;18446;3471;30,11,22,5,28,34,23,14,3,25,20,16,15,19,24,27,6,18,12,26,32,17,10,4,33,21,2,7,8,31,9,1,29,0,13
35;32;19041;3524;9,1,17,10,5,31,29,7,14,34,2,15,22,18,27,21,23,6,33,26,12,0,16,32,11,13,4,20,30,19,8,3,28,25,24
36;35;20826;3870;10,23,17,4,1,31,8,24,9,33,2,15,25,28,7,21,32,14,12,26,34,3,18,5,29,30,6,22,16,20,27,13,19,0,11
37;37;22016;4034;16,9,11,8,10,1,23,7,13,17,19,31,21,18,2,0,4,29,33,26,12,14,28,30,20,15,3,24,34,25,32,27,22,6,5
38;36;21421;3984;19,9,13,18,4,16,15,7,31,21,11,10,14,2,17,0,1,23,33,26,12,22,25,20,34,28,27,30,6,24,32,5,3,8,29
39;43;25586;4652;16,11,0,15,10,7,23,21,19,2,13,31,17,18,9,1,14,4,33,26,25,34,8,24,3,29,30,12,5,32,28,6,27,20,22
40;40;23801;4379;0,16,21,2,9,17,10,28,13,1,14,18,23,11,19,15,7,31,33,26,8,27,25,32,20,3,12,30,22,24,4,29,34,6,5
41;40;23801;4343;25,0,3,32,21,20,17,8,28,16,24,19,29,11,13,30,4,2,12,26,6,1,7,5,22,23,34,14,18,33,15,27,10,31,9
42;31;18446;3354;22,5,1,20,15,33,11,7,6,18,29,14,19,34,27,8,4,16,32,12,0,21,3,25,23,17,28,24,10,30,13,26,2,9,31
43;44;26181;4731;22,5,27,16,33,13,11,1,6,14,20,15,0,34,19,29,18,7,8,26,31,9,4,21,10,23,2,17,24,32,12,25,28,3,30
44;29;17256;3085;24,30,4,17,27,21,34,6,25,31,2,20,5,3,10,32,29,22,12,26,8,18,33,16,1,7,19,11,15,0,13,14,23,9,28
45;25;14876;2751;3,24,16,27,28,18,8,4,30,19,0,25,29,20,11,13,32,22,12,26,14,10,6,21,2,23,17,34,9,5,15,31,7,1,33
46;36;21421;3931;25,30,10,2,13,4,29,17,28,0,23,3,32,24,11,9,21,16,8,26,14,27,7,6,34,18,5,33,20,1,15,22,19,12,31
47;36;21421;3822;6,34,13,17,24,29,3,23,5,25,0,27,30,22,28,15,21,20,14,26,33,11,2,8,18,7,1,9,16,10,31,19,4,12,32
48;49;29156;5313;13,5,11,18,17,19,21,7,6,22,0,29,2,34,27,16,9,31,15,14,26,12,4,28,24,32,25,3,20,10,23,30,33,8,1
49;31;18446;3318;14,33,5,29,27,8,19,4,15,7,34,20,18,1,22,6,32,31,12,26,13,10,2,11,3,9,0,21,24,17,16,30,23,25,28
50;24;14281;2597;4,1,24,9,18,21,11,31,8,17,32,7,19,33,2,25,10,16,12,26,0,22,29,30,20,15,3,28,5,23,13,6,14,34,27
51;37;22016;4087;25,30,10,32,13,9,16,11,24,21,28,17,0,3,2,23,4,29,12,26,20,33,19,22,34,7,27,14,6,15,31,5,18,8,1
52;33;19636;3717;30,5,25,14,27,15,19,7,6,22,24,3,0,34,20,28,23,11,33,26,31,18,13,10,9,16,2,17,8,29,21,1,4,12,32
53;30;17851;3358;31,10,7,14,2,15,17,19,9,27,1,28,21,23,18,33,22,25,20,26,3,29,24,32,8,16,12,4,13,11,30,0,34,6,5
54;52;30941;5797;22,5,30,25,33,24,7,28,6,29,20,8,23,34,27,3,32,1,12,26,9,11,21,18,16,17,19,31,0,2,10,13,4,14,15
55;39;23206;4257;13,11,29,2,9,17,7,31,0,18,8,19,10,16,4,1,21,23,33,26,12,34,28,30,20,27,3,24,5,25,32,6,22,14,15
56;35;20826;3735;8,16,30,10,4,31,17,21,13,19,1,0,2,11,18,3,9,29,24,25,26,33,28,34,6,23,5,27,20,15,14,22,7,12,32
57;40;23801;4274;23,21,6,34,24,5,20,7,28,2,15,25,27,17,29,14,22,30,33,26,8,19,31,12,4,10,32,18,16,9,1,11,3,0,13
58;52;30941;5508;25,30,10,21,11,2,19,31,28,4,23,3,7,24,32,9,17,0,12,26,33,34,18,1,14,29,8,22,5,27,20,6,16,15,13
59;36;21421;3841;27,5,30,25,21,24,2,4,34,29,20,14,8,6,22,3,32,17,12,26,33,19,10,7,9,31,1,28,16,23,15,18,11,13,0
60;37;22016;3936;15,17,5,27,28,22,23,30,2,24,6,31,3,21,25,34,20,10,14,26,0,18,32,11,16,29,13,19,1,4,12,8,7,9,33
61;33;19636;3582;22,5,24,28,31,25,17,10,6,14,20,15,21,34,27,30,23,2,3,26,12,1,29,19,13,8,16,11,18,4,32,0,7,9,33
62;28;16661;2991;3,10,16,19,22,11,5,27,9,20,0,28,34,23,30,13,18,6,31,26,12,21,7,1,29,15,8,32,2,4,33,17,14,25,24
63;30;17851;3507;15,5,17,24,23,2,9,31,6,30,14,3,10,34,28,21,25,27,12,26,0,33,32,16,18,7,13,19,8,4,11,1,29,20,22
64;27;16066;2894;30,28,31,2,33,21,18,27,3,9,24,20,1,23,10,25,17,7,12,26,8,16,4,6,34,11,5,29,13,22,32,0,19,14,15
65;35;20826;4737;19,27,11,21,5,0,29,2,31,34,16,15,6,18,14,13,17,22,12,26,3,20,4,30,25,7,24,10,23,9,32,28,33,8,1
66;31;18446;3358;31,9,11,30,27,3,24,1,12,4,19,32,8,10,18,16,20,25,0,13,33,15,29,17,21,22,2,23,14,7,28,26,34,6,5
67;38;22611;4121;22,5,15,9,17,7,21,23,6,2,14,31,10,34,27,1,18,29,33,26,12,11,28,20,3,4,30,24,13,25,32,0,19,8,16
68;45;26776;4851;14,33,6,27,19,22,13,29,15,18,34,7,16,1,8,5,20,31,12,26,9,30,11,10,28,0,23,3,24,4,32,25,17,2,21
69;31;18446;3367;14,5,17,32,25,2,10,7,6,24,29,22,9,34,15,21,4,23,8,26,33,20,31,19,16,12,11,18,0,27,1,13,28,3,30
70;41;24396;4403;29,5,27,1,15,18,0,7,6,13,22,14,19,34,16,20,33,11,8,26,9,28,17,10,30,23,3,2,25,21,31,24,4,12,32
71;30;17851;3210;22,5,30,25,17,24,21,23,6,29,20,31,10,34,27,3,28,2,13,0,14,1,18,15,32,9,12,11,8,19,16,4,7,26,33
72;33;19636;3542;6,34,17,31,9,2,10,33,5,15,29,27,7,22,14,21,1,18,8,26,12,3,13,4,20,0,32,11,24,16,19,30,23,25,28
73;34;20231;3632;6,3,20,32,16,12,19,18,5,13,22,30,11,34,27,29,4,0,8,26,31,23,17,10,33,7,9,2,15,21,1,14,24,28,25
74;29;17256;3095;2,10,21,5,13,34,16,22,31,18,17,23,29,9,27,14,6,3,15,26,8,28,7,0,4,20,11,19,12,33,1,32,30,25,24
75;37;22016;4334;9,17,5,15,1,14,18,22,2,10,34,31,27,21,23,6,7,29,33,26,19,30,4,11,13,8,16,12,3,32,20,0,28,25,24
76;31;18446;3310;4,11,30,28,18,25,31,10,8,16,3,19,9,0,13,24,23,1,32,12,20,34,2,27,29,21,22,7,5,17,33,6,15,26,14
77;47;27966;5013;14,22,5,28,21,15,2,7,20,24,34,30,17,27,25,6,23,29,33,26,1,11,10,18,16,3,19,9,0,31,8,13,4,12,32
78;37;22016;4005;22,34,33,9,23,18,10,19,27,15,20,6,31,5,14,1,7,28,8,26,25,11,29,24,3,16,30,2,0,17,21,13,4,12,32
79;36;21421;3838;24,17,23,9,0,10,19,7,21,3,25,13,11,2,30,28,31,16,33,26,8,34,18,32,29,20,12,4,5,27,1,6,22,15,14
80;31;18446;3363;33,31,28,9,22,23,2,25,1,27,7,20,21,19,18,15,10,17,14,26,0,29,30,16,8,24,13,4,12,3,11,32,34,6,5
81;38;22611;4062;4,32,13,19,28,16,27,33,12,30,11,24,7,3,20,0,18,25,1,8,26,22,2,15,34,31,14,21,6,17,29,5,10,9,23
82;44;26181;4817;12,25,27,29,10,22,17,31,32,3,20,4,21,24,30,34,8,2,5,6,26,18,23,15,1,9,33,7,16,28,14,19,11,13,0
83;33;19636;3526;4,1,10,24,17,9,27,20,8,21,32,33,18,31,2,12,25,7,30,3,13,15,11,0,5,19,6,22,14,16,29,34,23,26,28
84;41;24396;4431;3,5,25,2,23,21,9,7,6,15,30,14,10,34,28,24,17,22,33,26,0,18,29,13,19,32,16,11,1,4,20,8,27,31,12
85;38;22611;4087;13,11,4,17,1,29,33,21,0,15,8,19,7,16,14,32,2,18,12,26,3,22,31,24,20,27,30,25,23,10,9,28,34,6,5
86;34;20231;3850;22,28,34,15,21,14,2,7,20,24,6,30,17,23,25,5,27,29,33,26,8,3,10,1,18,31,9,4,13,32,12,16,19,0,11
87;38;22611;4044;0,16,25,30,29,24,2,21,13,8,28,19,17,11,4,32,3,20,12,26,27,22,10,34,15,23,14,18,6,9,31,5,7,33,1
88;36;21421;3947;15,1,13,11,6,16,34,21,8,2,14,29,5,7,17,0,19,4,33,26,28,22,31,30,25,9,24,3,27,10,23,20,18,12,32
89;35;20826;3755;29,5,4,33,17,1,31,2,6,14,8,34,21,22,15,32,7,27,12,26,20,28,25,30,16,18,3,11,0,24,19,13,10,9,23
90;37;22016;3995;5,29,27,10,7,9,21,2,6,15,34,8,17,22,14,31,4,23,32,12,26,19,25,20,3,1,30,28,11,33,24,0,18,13,16
91;35;20826;3815;15,33,11,2,23,4,9,17,14,31,19,28,10,1,7,0,21,18,8,26,13,24,22,5,3,27,6,34,20,29,16,30,25,12,32
92;34;20231;3683;6,34,17,2,7,21,16,4,14,22,13,15,11,5,0,29,32,19,12,26,9,20,27,1,33,23,8,31,30,10,18,3,28,24,25
93;33;19636;3522;10,2,23,24,34,28,6,22,9,7,21,31,5,17,15,25,14,27,33,26,30,16,1,3,4,18,11,19,12,8,20,32,29,0,13
94;38;22611;4060;27,5,18,4,20,32,3,31,34,24,9,22,10,6,25,12,29,30,1,8,26,15,19,17,14,11,21,2,13,7,33,0,16,28,23
95;39;23206;4269;13,12,19,9,29,18,2,33,0,8,11,32,7,4,1,16,20,17,30,3,25,28,31,6,34,10,5,27,15,22,24,14,21,26,23
96;31;18446;3367;12,4,16,19,5,11,34,18,8,22,13,6,27,32,29,0,20,1,30,3,28,2,31,24,21,17,25,10,33,9,23,26,7,14,15
97;25;14876;2826;22,19,5,15,13,14,7,1,20,16,34,11,33,27,18,6,29,0,8,26,12,31,4,24,10,21,25,9,28,2,32,23,17,3,30
98;41;24396;4423;30,25,10,32,11,9,7,21,28,2,23,0,17,24,4,3,31,19,12,26,13,27,20,6,34,18,5,29,15,22,16,14,33,8,1
99;32;19041;3438;23,10,24,3,1,30,27,7,9,17,25,31,22,2,21,28,20,18,33,26,8,15,19,32,6,16,12,29,34,11,4,5,13,14,0
100;43;25586;6111;30,24,13,11,10,16,31,15,28,17,3,23,2,25,21,0,19,9,14,26,12,22,7,1,29,18,8,32,5,4,33,6,27,20,34
101;37;22016;5905;18,16,15,7,17,33,10,2,19,0,14,13,21,11,4,1,9,31,8,26,3,34,25,30,22,27,20,28,6,24,23,5,29,12,32
102;35;20826;3803;32,2,1,7,25,33,28,18,4,21,31,24,23,17,10,8,9,29,12,26,15,11,27,5,20,19,6,34,3,22,14,30,16,0,13
103;33;19636;3983;14,33,10,21,6,23,22,34,15,17,9,7,5,1,2,31,28,29,8,26,24,11,4,3,20,27,30,12,13,32,25,0,18,19,16
104;35;20826;5839;3,24,5,11,12,16,32,29,30,27,34,25,18,20,22,6,19,4,0,13,9,7,23,2,26,28,31,21,1,17,10,33,15,8,14
105;35;20826;3857;3,24,16,19,12,11,7,4,30,10,13,20,32,25,9,0,18,33,23,28,15,21,31,5,14,2,6,34,17,27,22,29,1,26,8
106;37;22016;3976;25,17,10,28,5,23,22,7,21,34,14,31,6,2,24,9,15,27,33,26,3,16,20,4,12,19,32,11,13,0,30,8,29,1,18
107;36;21421;3934;9,24,4,33,17,1,28,18,25,21,8,31,23,10,2,32,7,29,12,26,19,22,0,15,34,27,14,16,6,13,11,5,20,3,30
108;37;22016;3960;30,25,10,32,13,31,17,2,28,0,3,19,21,24,11,23,4,16,12,26,14,27,7,5,34,29,6,22,1,33,15,8,20,9,18
109;29;17256;3140;3,24,11,4,2,16,10,29,30,21,0,28,8,25,17,13,32,23,12,26,33,34,9,27,22,7,20,1,5,18,31,6,19,14,15
110;30;17851;3258;1,7,13,17,18,2,4,10,33,16,31,15,9,19,11,0,21,14,8,26,3,34,25,30,22,27,20,28,6,24,23,5,29,12,32
111;42;24991;4504;6,5,16,19,22,11,7,1,14,27,0,15,33,34,18,13,29,20,8,26,12,9,17,4,10,23,32,2,24,21,31,25,28,3,30
112;35;20826;3750;0,16,24,28,34,25,5,10,13,18,3,19,9,11,27,30,23,6,22,20,12,1,21,32,8,31,4,2,33,17,29,26,7,14,15
113;36;21421;3926;27,6,8,33,31,1,4,32,34,15,22,29,18,5,14,20,7,19,12,26,3,11,2,30,25,17,24,10,23,21,9,28,16,0,13
114;26;15471;2828;33,15,9,2,0,10,4,17,14,28,1,19,25,7,23,31,21,11,8,26,12,22,13,30,20,16,3,24,5,29,32,6,18,34,27
115;39;23206;4185;3,24,13,19,10,16,17,21,30,4,11,9,2,25,32,0,18,31,12,26,20,8,23,6,34,28,5,22,15,29,27,14,7,1,33
116;31;18446;3355;13,11,17,8,9,1,14,32,0,18,2,19,7,16,4,21,29,15,33,26,3,27,25,6,34,28,5,30,22,24,12,20,10,31,23
117;37;22016;3967;4,1,20,3,16,30,13,27,8,19,32,18,0,33,11,12,28,7,24,25,14,17,29,5,26,23,6,34,2,22,15,21,10,31,9
118;44;26181;4709;34,5,27,1,13,18,11,7,14,16,22,15,19,6,29,20,33,0,8,26,31,17,23,9,2,28,10,4,25,32,12,21,24,3,30
119;34;20231;3682;15,21,5,22,10,34,1,7,2,31,14,9,23,17,29,6,27,18,33,26,12,11,8,25,30,4,24,28,0,32,20,3,19,13,16
120;31;18446;3363;15,5,17,31,4,2,7,9,6,32,14,8,23,34,29,21,10,22,12,26,33,20,18,16,0,27,13,11,30,19,1,3,25,28,24
121;39;23206;4154;11,13,32,25,18,24,7,33,0,3,4,19,20,16,30,12,28,9,1,8,34,31,23,5,15,10,6,22,26,29,27,14,17,2,21
122;33;19636;3595;5,3,22,14,23,27,10,7,6,28,34,24,9,30,15,20,33,25,12,26,0,2,18,13,17,21,29,11,4,19,16,32,31,8,1
123;37;22016;3968;27,22,5,1,13,8,21,31,20,14,34,16,17,18,29,6,33,19,12,26,32,23,2,3,24,7,30,10,28,9,4,25,15,0,11
124;30;17851;3247;25,15,10,21,34,2,5,29,28,7,23,14,6,24,32,9,17,22,12,26,20,11,31,19,13,1,16,18,30,27,33,3,4,0,8
125;39;23206;4173;23,10,28,3,4,30,1,33,9,17,25,31,7,2,21,24,32,8,12,26,14,16,20,34,6,18,5,22,13,27,15,29,19,0,11
126;39;23206;4187;8,5,27,9,29,18,17,21,6,32,1,22,2,34,4,31,10,7,12,26,25,19,14,24,30,15,28,20,11,23,33,0,16,3,13
127;34;20231;3675;1,9,16,19,10,11,29,21,8,2,13,4,17,18,7,0,31,23,33,26,34,28,3,5,14,30,6,22,12,20,27,15,32,25,24
128;31;18446;3342;0,17,11,15,27,14,23,7,13,31,16,2,28,21,18,19,1,34,33,26,12,4,22,30,32,29,3,6,8,5,20,24,10,25,9
129;35;20826;3765;14,5,1,17,20,21,4,7,15,22,8,34,32,6,29,33,2,27,12,26,28,11,31,25,30,18,24,9,0,10,23,3,19,13,16
130;37;22016;3973;20,30,5,27,11,34,1,4,3,16,22,0,8,13,18,6,29,19,32,12,26,23,7,10,21,33,9,2,15,17,31,14,24,28,25
131;50;29751;5267;22,5,30,29,16,24,19,0,6,14,20,15,11,34,27,3,13,18,32,12,8,7,17,10,31,25,9,2,33,21,4,1,28,26,23
132;41;24396;5233;24,9,28,0,2,23,17,19,25,4,3,31,21,10,32,30,11,7,12,26,16,34,33,18,22,1,27,29,5,20,13,6,8,15,14
133;40;23801;4239;0,14,11,30,5,3,34,7,13,23,16,6,22,15,28,19,20,29,33,26,8,10,18,4,12,27,32,25,31,24,1,9,21,2,17
134;30;17851;3178;4,29,17,10,16,21,7,19,8,18,9,13,11,32,1,2,31,0,12,26,6,3,25,34,22,24,5,14,30,27,15,20,23,33,28
135;40;23801;4206;29,17,13,11,3,0,31,19,8,25,4,2,30,21,24,32,16,10,12,26,22,33,9,6,34,1,5,27,15,18,20,14,7,28,23
136;35;20826;3749;18,13,1,10,4,31,32,21,16,19,9,11,17,0,7,33,2,23,12,26,14,20,28,27,22,25,34,15,6,29,8,5,24,3,30
137;33;19636;3490;34,15,22,13,11,29,28,33,14,18,5,19,7,27,16,6,0,23,1,8,12,17,4,30,26,25,3,24,2,32,20,21,31,9,10
138;29;17256;3124;3,6,10,28,27,23,15,7,30,22,9,34,18,5,20,31,1,14,33,26,12,25,2,4,24,21,32,29,0,17,8,13,19,16,11
139;32;19041;3413;20,27,24,23,31,28,2,21,22,6,25,14,17,34,5,30,10,15,3,26,0,18,29,11,19,12,16,4,1,32,13,8,7,33,9
140;40;23801;4212;25,3,2,32,11,17,16,31,28,23,24,0,13,30,10,21,4,19,12,26,22,33,29,6,34,9,5,27,1,18,20,8,7,14,15
141;28;16661;3156;29,13,2,21,18,17,7,10,8,11,4,16,9,0,1,32,31,19,12,26,3,24,6,22,30,33,20,34,15,5,27,14,23,25,28
142;31;18446;3290;13,28,29,34,2,5,24,21,0,7,15,9,25,23,17,6,22,10,14,26,8,11,20,1,19,30,18,31,12,27,33,16,3,32,4
143;35;20826;3693;15,23,5,22,17,34,2,20,28,7,14,0,21,33,1,6,29,13,8,26,12,25,18,4,24,27,32,11,3,16,19,30,31,9,10
144;29;17256;3123;10,25,4,31,23,8,14,33,9,17,2,28,7,24,21,32,1,15,12,26,34,29,11,5,22,0,6,18,13,19,27,16,20,3,30
145;33;19636;3473;1,31,34,6,2,5,20,29,33,17,15,19,27,7,21,14,22,18,8,26,28,11,4,25,30,32,24,9,0,10,23,3,16,12,13
146;32;19041;3402;0,21,16,9,4,18,15,7,2,11,13,31,14,17,19,1,33,10,8,26,12,24,29,6,34,27,5,22,30,20,32,3,25,28,23
147;31;18446;3287;31,17,11,16,10,13,4,18,21,15,19,14,9,2,7,0,1,23,33,26,25,29,8,24,3,22,30,20,32,27,28,12,34,6,5
148;34;20231;3594;8,23,4,13,21,11,10,3,29,24,32,17,30,28,25,0,16,2,12,26,33,27,19,1,15,31,14,18,22,7,9,20,34,6,5
149;31;18446;3257;0,16,30,6,29,15,21,34,13,25,28,19,14,11,24,3,5,17,8,26,33,4,22,1,9,2,18,27,32,7,20,12,23,31,10
150;33;19636;3475;8,32,18,19,10,11,29,7,12,2,1,31,17,4,9,16,33,21,0,13,26,20,23,6,34,22,5,14,30,28,15,3,27,25,24
151;40;23801;4207;0,16,28,10,4,23,7,12,13,18,3,19,32,11,20,30,9,33,24,25,26,34,2,1,29,27,8,21,5,17,31,6,22,15,14
152;34;20231;3574;3,9,24,15,17,28,7,32,23,2,30,31,4,10,21,25,14,33,12,26,8,16,18,34,6,20,5,22,13,27,1,29,19,0,11
153;29;17256;3064;3,6,16,19,22,11,27,20,12,4,13,5,18,29,32,0,30,34,23,28,25,7,10,21,14,9,26,2,33,17,24,15,31,8,1
154;36;21421;3791;34,15,22,3,10,20,21,24,14,23,5,31,25,27,28,6,30,33,12,26,0,18,17,11,16,2,13,4,1,29,32,8,7,9,19
155;36;21421;3785;29,1,18,34,0,27,19,4,8,22,13,33,11,6,5,16,32,7,12,26,31,28,17,21,15,23,14,10,24,2,9,25,3,20,30
156;35;20826;3682;34,6,27,9,7,18,19,10,14,20,33,15,23,5,22,1,31,28,8,26,13,3,2,0,4,21,11,29,12,17,16,32,30,25,24
157;43;25586;4533;25,15,30,5,21,6,17,32,28,10,24,9,29,14,23,3,34,2,12,26,8,11,4,1,19,7,33,18,13,27,31,16,22,0,20
158;31;18446;3257;33,30,32,18,28,4,23,7,20,25,1,3,10,24,27,8,9,22,12,26,0,14,2,13,11,29,16,17,15,21,31,19,34,6,5
159;38;22611;3999;13,16,14,22,2,27,21,31,0,11,15,9,17,18,19,34,29,7,5,6,12,8,10,3,24,23,30,32,28,4,20,25,1,26,33
160;35;20826;3670;10,25,2,7,31,4,11,20,23,17,9,28,30,24,21,32,33,19,12,26,0,34,1,13,14,27,15,16,5,18,3,6,22,8,29
161;38;22611;4022;23,10,5,14,28,34,13,7,9,17,15,31,29,2,21,6,22,0,33,26,20,25,16,3,24,19,30,27,32,18,1,12,11,8,4
162;39;23206;4094;27,5,30,25,15,24,17,28,34,29,20,14,21,6,22,3,32,23,12,26,33,11,2,9,18,4,1,31,16,10,7,19,8,13,0
163;25;14876;2690;17,2,29,16,34,13,22,6,31,27,1,9,5,21,18,8,14,10,33,26,28,11,7,25,30,19,24,0,20,15,23,3,4,12,32
164;37;22016;3884;25,30,23,7,2,33,15,31,24,21,28,9,17,3,10,26,1,14,13,0,11,22,18,4,12,27,32,19,29,20,16,8,34,6,5
165;32;19041;3351;0,16,21,10,30,23,18,25,13,28,17,3,24,11,19,2,9,4,31,26,27,32,33,22,5,7,34,14,12,15,20,6,1,8,29
166;29;17256;3090;16,0,1,9,10,18,28,7,13,31,4,3,23,11,19,8,33,30,32,12,26,22,24,15,34,21,14,27,6,25,20,5,2,29,17
167;30;17851;3169;27,6,24,3,15,30,7,33,34,28,25,14,23,5,22,20,32,29,12,26,8,31,9,19,16,10,11,4,0,18,1,13,21,2,17
168;36;21421;3793;28,15,30,25,6,24,9,21,14,5,3,22,10,23,34,20,27,7,33,26,12,18,17,11,16,2,19,4,0,29,32,13,31,8,1
169;28;16661;3194;30,32,13,5,19,6,9,25,12,11,3,4,10,24,16,0,15,7,23,28,26,22,2,34,27,29,14,21,33,17,31,20,18,8,1
170;38;22611;7542;15,1,5,27,10,34,17,23,33,9,14,31,21,7,18,6,22,2,12,26,8,11,20,32,24,19,4,25,3,28,29,30,16,0,13
171;39;23206;4250;10,25,28,33,17,1,11,0,9,21,31,30,4,24,2,23,7,3,8,26,14,20,32,6,34,19,5,29,27,12,15,22,18,13,16
172;36;21421;3889;27,5,30,25,33,24,10,21,34,14,20,15,23,6,22,3,28,31,12,26,8,19,2,29,0,7,13,4,16,17,32,11,1,9,18
173;31;18446;3358;22,5,23,7,2,28,9,13,6,17,14,29,10,34,21,15,0,31,33,26,8,18,3,24,12,27,25,30,4,20,1,32,16,19,11
174;32;19041;3465;21,5,10,4,15,31,7,24,6,23,2,14,25,34,17,9,32,28,12,26,8,18,22,33,3,27,1,20,16,30,29,13,19,0,11
175;35;20826;3805;31,16,17,23,18,10,33,28,19,0,2,11,7,13,9,21,15,1,14,26,8,4,27,5,20,25,6,22,32,34,29,12,24,3,30
176;33;19636;3567;8,9,24,33,28,1,30,21,31,2,25,23,17,10,4,32,7,3,12,26,13,34,11,27,22,19,20,16,6,18,0,5,29,14,15
177;36;21421;3892;9,21,29,1,0,8,19,16,2,31,4,10,11,17,13,32,18,7,12,26,14,24,22,34,20,33,27,5,30,6,15,3,23,25,28
178;34;20231;3630;33,15,18,34,21,27,28,24,14,10,9,2,23,7,31,1,25,17,8,26,13,22,4,32,29,19,12,16,5,11,0,6,20,3,30
179;38;22611;4082;13,11,16,9,21,18,10,7,0,17,8,29,31,4,2,1,19,32,33,26,28,34,14,24,3,20,30,25,5,15,23,6,22,12,27
180;40;23801;4301;15,6,11,13,27,0,7,1,14,22,19,34,33,5,18,16,29,20,8,26,3,9,17,23,28,2,30,10,24,21,31,25,4,12,32
181;45;26776;4845;20,30,34,27,19,22,25,18,3,11,6,0,24,13,16,5,29,28,32,12,8,2,31,1,7,23,33,9,14,10,4,15,17,26,21
182;35;20826;3768;3,24,10,0,11,9,18,16,30,17,28,2,19,25,21,23,13,4,31,26,34,29,15,22,6,7,5,20,32,14,27,12,33,8,1
183;36;21421;3884;24,30,9,2,33,4,1,17,25,23,10,28,7,3,31,32,21,8,12,26,13,27,11,15,34,18,14,16,6,19,0,5,29,20,22
184;37;22016;3972;20,30,5,15,28,14,32,7,3,27,34,25,23,24,22,6,33,29,12,26,31,16,1,21,17,19,2,9,0,18,10,13,11,8,4
185;35;20826;3799;8,32,10,1,25,31,17,2,12,24,3,20,21,4,30,9,18,27,33,26,23,22,16,0,15,13,28,19,5,11,7,6,29,14,34
186;39;23206;4207;15,5,1,17,16,29,11,2,6,13,14,22,0,34,7,33,21,19,8,26,25,9,23,24,20,4,30,3,12,10,28,32,18,31,27
187;32;19041;3447;13,11,17,2,7,21,10,32,0,9,1,19,31,16,18,29,4,33,8,26,12,34,25,20,22,28,27,30,6,24,3,5,23,14,15
188;35;20826;3743;2,34,24,23,22,10,20,30,31,5,21,27,3,17,6,25,28,29,9,26,14,4,13,33,8,18,1,7,32,0,15,12,16,19,11
189;30;17851;3238;12,5,10,21,29,2,1,27,6,4,31,8,18,34,32,9,17,22,24,25,0,23,20,16,19,7,11,3,15,30,13,28,33,26,14
190;32;19041;3463;29,16,34,22,2,27,23,15,13,21,6,9,10,18,17,5,14,31,3,26,20,19,25,33,8,7,1,28,11,24,30,0,4,12,32
191;29;17256;3128;15,5,2,29,23,17,9,30,6,25,14,28,10,34,24,21,3,31,8,26,0,4,19,18,33,7,1,16,32,11,13,12,27,20,22
192;34;20231;3670;22,20,5,14,19,29,11,13,12,18,34,32,0,27,16,6,15,4,8,26,3,2,7,30,25,17,24,33,10,21,1,9,23,31,28
193;39;23206;4191;0,16,24,3,10,30,2,21,13,23,28,29,17,11,4,25,32,9,12,26,22,33,19,6,34,18,5,27,15,31,20,14,7,8,1
194;45;26776;4800;0,16,30,15,10,25,31,17,13,23,28,19,2,11,3,24,21,4,14,26,34,18,32,5,22,20,6,27,1,29,12,8,7,9,33
195;32;19041;3450;18,33,11,13,31,0,21,17,1,32,19,9,2,7,4,16,29,10,8,26,14,20,12,34,6,23,5,22,30,27,15,3,28,25,24
196;34;20231;3648;24,28,20,16,33,13,9,4,25,19,30,23,10,0,11,3,32,7,12,26,8,14,2,1,6,15,29,17,34,21,31,5,18,22,27
197;36;21421;3865;22,9,25,5,16,34,4,31,20,3,27,19,10,18,30,24,6,11,32,12,26,7,2,13,8,14,0,17,33,21,29,1,23,15,28
198;39;23206;4350;27,18,5,15,11,14,21,29,1,19,34,31,17,16,13,6,22,0,8,26,12,3,7,32,24,2,30,4,28,33,20,25,23,9,10
199;39;23206;4116;6,34,28,32,25,23,10,8,5,24,22,3,4,27,30,20,29,31,12,26,15,11,21,7,1,19,33,2,13,17,14,0,16,9,18
200;35;20826;3721;15,25,1,2,7,21,5,31,28,9,14,24,34,23,10,33,17,6,8,26,12,20,30,11,16,29,19,32,0,3,4,13,18,22,27
201;33;19636;3474;27,6,20,28,7,30,18,23,34,15,33,14,1,5,22,12,32,9,25,24,26,19,8,2,11,29,0,17,16,4,21,13,10,3,31
202;35;20826;3677;11,13,24,28,10,25,17,23,0,19,3,31,21,16,4,30,32,2,12,26,33,34,7,1,14,29,8,15,5,22,20,6,27,9,18
203;36;21421;3779;6,34,29,21,28,17,24,32,14,23,0,15,7,5,22,13,2,25,12,26,20,31,10,33,18,4,9,30,8,3,27,1,11,19,16
204;26;15471;2731;24,30,17,32,11,4,16,13,25,31,21,8,0,3,10,2,29,19,12,26,33,22,9,15,20,23,14,7,34,18,1,27,28,6,5
205;38;22611;4001;25,17,4,30,9,28,7,11,21,10,24,31,0,2,23,32,3,19,12,26,34,1,15,5,22,33,6,27,8,20,14,29,18,13,16
206;40;23801;4190;22,33,34,15,17,14,2,32,20,7,6,1,21,8,29,5,27,4,12,26,25,13,9,24,30,18,28,23,0,10,31,3,16,19,11
207;35;20826;3665;5,14,16,0,20,13,3,4,34,22,6,27,18,15,19,29,11,30,32,12,26,23,17,1,31,7,33,21,9,2,8,10,24,28,25
208;33;19636;3451;5,12,27,14,25,22,23,7,6,24,34,32,28,3,30,20,15,29,33,26,8,21,18,11,13,4,0,16,2,19,1,17,10,31,9
209;32;19041;3365;14,6,23,7,29,33,21,13,34,20,15,27,17,5,22,28,0,2,12,26,8,30,18,11,32,31,4,19,25,16,1,24,10,3,9
210;39;23206;4091;8,30,16,19,27,11,7,32,3,1,13,33,29,20,18,0,4,22,12,26,31,34,9,21,15,23,14,2,5,10,17,6,24,28,25
211;24;14281;2523;22,3,34,15,0,14,29,23,20,11,5,16,7,30,19,6,28,13,33,26,8,4,17,24,31,10,25,2,32,21,1,12,27,9,18
212;36;21421;3785;19,11,14,22,28,7,23,27,0,18,33,13,20,16,1,15,34,31,5,6,8,21,9,4,12,10,32,2,24,17,29,25,3,26,30
213;36;21421;3786;7,31,14,19,4,15,13,16,9,17,33,10,11,2,21,1,18,0,8,26,6,24,32,34,22,3,5,27,30,12,29,20,25,28,23
214;38;22611;3977;28,24,20,11,18,16,7,33,25,9,30,31,1,23,10,3,19,27,13,0,26,8,21,6,34,2,5,29,15,17,22,14,4,12,32
215;30;17851;3156;18,16,32,7,28,9,17,2,19,13,4,15,29,11,0,12,33,23,1,8,26,34,10,25,30,14,24,3,27,21,31,20,22,6,5
216;33;19636;3475;19,13,5,27,3,22,4,12,16,18,6,0,32,11,29,34,20,30,15,14,26,17,7,33,31,23,1,10,21,9,8,2,28,25,24
217;32;19041;3429;29,5,16,19,18,11,7,15,6,27,13,20,1,22,34,0,14,33,8,26,25,31,23,21,2,3,24,17,9,30,28,10,4,12,32
218;36;21421;3802;21,13,4,10,16,31,19,7,17,1,2,0,18,29,8,32,9,11,12,26,14,3,33,34,6,23,5,22,30,27,15,20,28,25,24
219;34;20231;3611;15,30,5,22,8,34,4,32,3,25,14,28,29,20,24,6,27,23,12,26,31,18,21,7,33,19,9,2,0,17,10,1,11,13,16
220;35;20826;3737;3,24,11,4,21,16,2,29,30,10,0,25,17,28,23,13,32,9,12,26,20,15,18,27,14,7,34,5,1,6,22,33,19,8,31
221;30;17851;3179;18,19,4,33,17,9,10,29,16,13,1,31,2,11,0,8,7,21,32,12,26,27,25,28,14,3,15,30,22,24,23,20,34,6,5
222;39;23206;4110;19,16,4,18,21,1,25,9,11,17,31,0,10,13,2,8,29,24,32,12,34,33,23,5,14,7,6,15,20,28,27,22,30,26,3
223;38;22611;4024;13,12,5,22,11,34,19,18,0,4,29,3,20,32,16,6,27,30,8,26,33,23,17,15,31,21,14,7,10,2,1,9,24,28,25
224;29;17256;3101;15,5,9,21,7,10,4,24,6,17,28,22,32,34,2,23,25,29,14,26,13,33,30,19,18,20,16,11,8,3,0,1,27,12,31
225;29;17256;3058;14,16,5,27,18,22,0,30,15,3,6,19,11,13,29,34,20,1,8,26,12,23,21,24,28,17,25,32,10,2,4,9,7,31,33
226;32;19041;3395;6,34,16,11,18,0,7,1,5,14,29,27,33,22,15,13,19,20,8,26,28,21,31,3,25,17,30,10,2,9,23,24,4,12,32
227;30;17851;3161;0,19,16,33,27,18,7,4,31,21,13,20,2,11,17,1,29,22,8,26,15,25,23,5,3,10,6,34,24,28,14,30,9,12,32
228;31;18446;3264;18,19,31,32,17,4,7,10,16,2,1,13,21,11,9,8,29,0,12,26,3,28,27,5,30,23,6,34,25,20,22,24,33,15,14
229;34;20231;3569;18,27,14,7,31,15,28,19,9,5,1,6,23,34,22,33,20,10,12,26,13,24,30,11,4,29,0,32,25,3,16,8,21,2,17
230;34;20231;3583;0,16,34,20,18,22,1,33,13,15,6,19,7,11,14,5,27,29,30,3,12,2,23,25,32,31,24,9,21,10,28,26,17,8,4
231;41;24396;5161;22,3,34,25,15,27,9,14,20,23,5,33,10,30,28,6,24,7,12,26,31,29,21,19,0,17,11,4,16,2,32,13,18,8,1
232;37;22016;3912;5,27,18,13,33,16,7,11,34,15,6,20,19,22,14,29,0,9,1,8,26,3,17,23,25,2,28,10,30,21,31,24,4,12,32
233;28;16661;2952;13,17,11,24,31,25,9,3,2,19,0,29,10,21,16,4,30,18,32,12,26,34,20,33,14,22,15,23,5,7,28,6,27,8,1
234;33;19636;3627;16,11,5,14,27,34,2,17,8,18,29,1,21,19,22,6,15,31,0,13,26,25,7,23,3,20,28,10,24,9,33,30,4,12,32
235;28;16661;2988;13,11,6,34,8,5,18,27,0,29,3,19,22,16,20,30,28,1,24,25,14,7,23,21,2,9,17,31,33,10,15,26,4,12,32
236;28;16661;3063;23,33,10,24,7,25,19,4,28,17,9,1,11,2,21,31,32,0,12,26,6,3,29,5,27,30,34,22,15,20,8,14,18,13,16
237;35;20826;3714;17,2,8,13,10,29,24,18,31,11,4,19,9,21,16,32,1,25,12,26,3,34,23,20,22,7,27,33,6,28,30,5,0,14,15
238;31;18446;3264;0,19,17,2,9,21,33,32,11,18,13,31,7,16,1,29,4,10,8,26,15,3,12,6,22,23,5,34,30,27,14,20,28,25,24
239;30;17851;3149;30,24,32,8,11,4,19,27,3,10,20,9,18,25,31,12,1,16,33,26,15,17,21,34,6,2,5,22,13,7,14,29,23,0,28
240;26;15471;2837;0,16,6,34,19,5,25,27,13,30,28,11,24,3,20,15,22,18,14,26,33,2,21,31,9,17,1,10,4,7,23,8,29,12,32
241;26;15471;2740;5,34,33,30,7,20,32,24,6,23,15,27,25,22,28,14,3,29,12,26,0,18,17,11,19,21,16,4,1,2,13,8,10,31,9
242;29;17256;3087;29,5,17,2,20,21,33,4,6,22,15,27,7,34,8,14,32,1,12,26,19,9,10,11,13,25,0,28,18,23,31,16,24,3,30
243;35;20826;3705;6,34,11,0,20,13,30,1,14,27,19,15,18,5,22,16,29,3,8,26,28,2,33,24,23,7,25,32,10,4,12,9,17,31,21
244;31;18446;3263;13,11,30,5,18,22,4,29,0,27,3,19,32,16,34,20,6,24,12,26,31,7,10,14,8,9,15,2,33,17,21,1,25,28,23
245;34;20231;3582;0,11,15,7,17,23,3,10,19,2,28,24,31,25,21,14,9,30,33,26,12,8,4,27,5,1,34,22,29,32,20,6,18,13,16
246;34;20231;3582;22,5,19,16,8,18,30,32,6,14,20,15,4,34,29,27,11,3,26,12,0,23,1,21,31,7,2,17,9,33,13,10,28,25,24
247;32;19041;3370;15,5,23,17,25,21,31,10,6,22,14,27,9,34,7,28,2,24,33,26,3,4,18,11,13,1,16,19,8,20,30,0,29,12,32
248;43;25586;4514;13,11,2,21,18,17,1,10,0,8,4,19,9,16,29,32,31,7,12,26,3,34,23,24,20,27,30,25,5,28,33,6,22,15,14
249;36;21421;3792;8,15,16,27,21,13,22,6,14,17,18,2,5,9,29,1,34,7,33,26,20,3,31,23,30,10,28,11,25,19,0,24,4,12,32
250;34;20231;3563;6,34,16,0,30,11,24,23,5,20,15,27,28,22,3,19,13,25,14,26,8,7,31,2,32,10,4,17,33,21,29,1,18,12,9
251;34;20231;3584;4,29,11,19,1,16,7,18,8,21,13,31,9,17,2,0,32,10,12,26,15,3,33,6,22,23,5,34,30,27,14,20,28,25,24
252;27;16066;2834;34,5,24,20,2,32,10,3,6,17,27,29,31,22,21,25,30,4,12,26,28,11,7,15,13,9,0,14,19,33,23,16,18,8,1
253;37;22016;3896;34,6,16,9,17,18,2,10,14,29,27,15,21,5,22,13,31,23,3,26,8,20,19,33,25,7,28,0,30,11,1,24,4,12,32
254;37;22016;3895;8,9,18,11,2,19,17,7,12,32,1,10,29,31,4,16,33,21,13,0,14,24,27,34,6,25,5,22,30,20,15,3,23,26,28
255;41;24396;4327;28,9,30,32,2,3,33,21,23,11,25,0,17,10,4,24,20,7,12,26,13,27,19,8,6,31,29,1,34,18,16,5,22,14,15
256;30;17851;3148;24,9,4,33,30,1,17,31,25,23,8,28,21,10,2,32,7,3,12,26,13,27,18,16,14,20,15,11,5,19,0,34,22,6,29
257;33;19636;3485;8,32,13,16,21,11,9,18,4,2,1,31,7,29,17,0,19,10,33,26,3,34,23,30,22,27,20,24,6,25,28,5,15,12,14
258;29;17256;3469;8,5,4,10,14,9,7,23,6,21,2,34,22,29,17,32,31,15,12,26,33,0,27,19,20,13,11,16,3,18,1,30,24,28,25
259;39;23206;4128;13,18,11,32,2,4,10,17,16,31,0,9,21,1,19,8,29,7,12,26,34,3,23,6,22,28,5,24,30,25,27,20,33,14,15
260;33;19636;3496;33,15,4,19,31,32,21,16,14,9,1,2,10,7,18,8,11,17,12,26,28,27,13,30,25,29,24,3,22,0,23,20,34,6,5
261;30;17851;3173;14,1,5,22,4,34,16,18,8,32,15,29,19,33,7,6,27,11,12,26,20,10,13,28,3,31,30,23,25,9,0,24,17,2,21
262;34;20231;3592;23,3,10,31,16,9,4,2,28,11,24,0,17,30,19,25,21,13,8,26,33,5,18,12,22,29,20,32,34,7,1,27,6,14,15
263;30;17851;3158;23,10,33,0,21,7,32,19,9,2,28,25,17,31,4,1,11,24,8,26,3,22,29,15,6,18,14,13,34,16,30,5,20,12,27
264;35;20826;3689;27,5,9,23,32,10,4,33,34,22,18,12,7,6,25,31,28,24,1,8,3,21,29,0,16,17,13,11,26,20,30,19,2,14,15
265;41;24396;4607;25,30,21,4,11,2,19,31,24,23,10,28,7,3,17,9,32,0,12,26,14,1,20,34,6,33,5,22,29,27,15,8,18,13,16
266;38;22611;4021;19,30,16,1,25,13,22,23,3,28,11,24,7,20,33,0,18,27,8,26,9,14,29,2,4,15,31,21,12,17,10,32,34,6,5
267;32;19041;3389;25,30,10,31,4,9,33,17,3,32,28,8,7,24,2,23,21,1,12,26,14,16,20,34,6,18,5,22,13,27,15,29,19,0,11
268;34;20231;3614;18,33,16,4,2,11,17,14,1,15,19,31,21,9,7,8,32,10,12,26,28,34,13,24,3,29,30,25,5,0,23,6,27,20,22
269;32;19041;3360;30,24,22,14,29,23,21,5,12,34,20,32,6,25,27,28,15,17,33,26,8,11,2,1,18,7,9,4,16,10,31,19,3,13,0
270;32;19041;3402;13,6,4,0,34,11,18,19,8,22,32,5,27,29,16,12,20,1,30,3,25,2,31,28,21,17,26,23,15,10,24,14,7,33,9
271;41;24396;4426;22,3,6,25,10,27,2,15,20,23,5,31,21,30,28,34,24,17,14,26,12,29,9,19,16,7,11,4,0,18,32,13,33,8,1
272;28;16661;3055;33,1,34,15,9,14,23,27,8,32,6,4,18,31,7,5,22,10,12,26,20,11,19,30,0,21,3,24,16,25,28,13,2,29,17
273;36;21421;3898;18,16,9,2,0,10,23,17,19,8,1,13,7,11,4,31,21,29,33,26,14,28,22,34,12,32,27,5,24,6,15,25,20,3,30
274;32;19041;3575;8,32,31,18,17,27,23,7,12,9,1,2,10,4,29,34,22,21,5,6,26,28,19,13,3,14,0,16,20,11,15,30,33,25,24
275;36;21421;3861;30,23,6,14,9,34,18,31,3,25,15,10,19,28,24,5,27,16,22,20,26,4,11,0,29,7,13,17,32,2,21,12,33,8,1
276;38;22611;4077;25,30,10,21,8,2,5,29,3,4,23,28,6,24,32,9,17,34,12,26,33,18,22,14,31,27,1,15,16,7,20,19,11,13,0
277;39;23206;4180;20,24,5,27,10,22,17,21,30,23,6,3,2,25,28,34,15,31,14,26,0,18,7,4,13,9,11,32,19,29,12,16,33,8,1
278;36;21421;3870;28,13,24,21,11,25,4,9,0,17,30,16,32,23,2,3,10,29,12,26,1,27,31,33,14,18,15,7,22,19,8,20,34,6,5
279;35;20826;3737;33,1,24,15,10,28,17,23,8,2,25,9,21,4,7,32,14,31,12,26,34,3,18,5,29,30,6,22,16,20,27,13,19,0,11
280;36;21421;3869;23,9,30,32,17,28,0,33,3,2,25,4,7,10,21,24,20,11,12,26,14,16,13,5,34,19,6,22,18,29,15,27,31,8,1
281;26;15471;2813;20,4,13,11,18,16,22,19,8,33,30,1,7,32,29,3,0,27,12,26,31,15,5,10,2,34,9,17,14,6,23,21,28,25,24
282;34;20231;3627;25,24,10,2,11,21,19,31,28,13,23,0,16,30,3,9,17,15,14,26,6,33,18,5,20,7,22,34,1,27,29,8,4,12,32
283;31;18446;3300;8,5,11,13,22,0,18,19,6,14,4,15,27,34,29,32,16,20,12,26,31,23,3,17,2,30,21,33,9,7,1,10,28,25,24
284;27;16066;2860;22,14,34,31,7,27,23,16,20,1,5,33,8,15,19,6,18,28,12,26,32,3,0,17,2,11,21,4,10,13,29,9,30,25,24
285;36;21421;3807;23,0,24,10,9,25,4,17,28,16,30,19,2,11,13,3,21,18,31,26,12,34,1,29,22,33,8,20,5,27,32,6,7,14,15
286;35;20826;3739;28,9,24,2,11,4,7,17,23,3,25,31,0,10,30,32,21,19,12,26,33,34,16,1,29,13,8,27,14,18,20,22,15,6,5
287;36;21421;3798;5,29,22,20,17,27,21,18,6,1,34,31,7,8,15,14,33,2,12,26,0,32,19,3,28,4,30,11,25,16,13,24,23,9,10
288;34;20231;3576;0,11,18,32,10,27,17,24,19,25,16,31,21,4,9,13,29,2,12,26,6,23,30,5,14,7,34,22,28,20,3,15,33,8,1
289;32;19041;3356;3,13,24,23,29,28,21,27,0,34,25,16,17,6,5,30,22,11,20,26,33,4,15,1,9,19,8,18,32,7,14,12,2,31,10
290;30;17851;3166;2,9,8,25,23,1,28,33,31,17,4,14,7,10,21,32,24,15,12,26,3,29,27,5,22,18,6,20,16,34,30,13,19,0,11
291;32;19041;3397;8,5,15,9,17,18,16,2,6,27,14,29,21,34,22,1,7,13,33,26,3,11,31,30,24,19,28,23,0,10,20,25,4,12,32
292;33;19636;3576;20,6,1,15,18,14,31,32,22,27,8,29,4,5,34,33,7,19,12,26,23,0,2,28,24,17,25,10,3,21,9,30,11,13,16
293;35;20826;3779;27,6,18,14,17,33,21,7,34,29,9,31,2,5,22,1,15,10,8,26,0,32,19,20,30,4,3,11,24,16,13,12,23,25,28
294;32;19041;3457;14,19,5,22,0,27,17,4,15,13,34,11,7,16,18,6,29,2,32,12,26,10,31,20,3,21,30,33,23,1,8,28,24,9,25
295;36;21421;3881;4,11,10,21,23,2,33,1,0,16,9,13,7,19,18,31,17,28,8,26,12,3,32,6,22,14,5,34,30,27,29,20,15,25,24
296;30;17851;3267;33,8,10,21,23,2,24,32,1,7,9,15,25,14,4,31,17,28,12,26,3,34,18,27,22,29,20,13,6,16,30,5,19,0,11
297;47;27966;5049;1,14,10,21,19,2,16,4,33,18,9,15,11,7,23,31,17,28,8,26,3,34,32,30,22,27,20,24,6,12,25,5,29,0,13
298;27;16066;2994;15,1,5,27,16,34,4,29,8,7,14,19,32,33,18,6,22,11,12,26,9,28,2,25,23,17,24,10,3,21,31,30,13,20,0
299;36;21421;3906;23,10,24,28,17,25,14,15,9,2,3,11,7,4,21,30,32,0,12,26,31,34,19,20,22,16,27,1,6,18,33,5,13,8,29
300;37;22016;3976;6,34,1,16,20,18,7,19,14,22,29,15,33,5,27,8,11,31,0,13,12,23,4,3,24,2,30,10,28,9,32,25,17,26,21
301;36;21421;3879;8,33,10,17,5,2,34,32,1,6,9,23,4,7,29,31,21,22,12,26,3,15,27,20,19,14,30,16,0,18,13,11,24,28,25
302;36;21421;3868;29,6,0,11,17,4,2,18,8,27,13,25,21,5,34,32,16,24,12,26,14,3,9,15,33,10,28,23,30,7,22,20,19,1,31
303;30;17851;3234;8,31,19,13,21,16,24,9,1,2,4,32,10,29,17,11,18,25,30,3,26,23,27,5,14,12,6,34,28,22,20,15,7,0,33
304;32;19041;3456;19,11,1,4,10,7,21,2,0,9,31,13,17,16,18,33,32,23,12,26,8,28,20,6,34,25,5,22,15,27,29,14,24,3,30
305;31;18446;3423;30,24,2,29,10,17,16,22,3,34,6,9,27,25,5,21,13,18,20,26,8,7,23,32,28,19,12,0,1,11,4,33,31,14,15
306;36;21421;3879;3,24,11,19,23,16,17,21,30,10,0,28,2,25,9,13,18,4,31,26,14,33,20,34,6,7,5,22,1,27,15,8,29,12,32
307;28;16661;3026;20,14,5,27,24,34,23,32,33,30,22,28,7,15,3,6,29,25,12,26,0,9,21,11,16,10,13,4,18,2,17,19,31,8,1
308;33;19636;3561;11,8,18,33,10,1,15,28,19,32,9,31,23,4,12,16,7,2,13,0,3,29,25,6,34,27,5,20,14,24,30,22,17,26,21
309;27;16066;2941;32,31,9,33,24,18,28,23,4,21,8,25,17,10,2,1,7,29,12,26,19,22,13,15,20,27,14,11,3,0,16,30,34,6,5
310;38;22611;4059;20,3,5,27,25,34,32,29,33,24,22,28,12,30,15,6,14,7,1,8,16,17,4,13,26,31,0,11,2,19,18,21,23,9,10
311;42;24991;4486;14,17,5,22,9,15,18,1,21,10,34,31,27,2,23,6,7,29,33,26,12,19,28,20,3,4,30,24,11,25,32,0,8,13,16
312;40;23801;4290;25,23,30,4,17,32,20,0,28,2,24,9,7,10,21,3,11,33,12,26,14,16,13,5,34,19,6,22,18,29,15,27,31,8,1
313;40;23801;4292;18,16,7,10,13,31,17,21,19,14,9,0,2,11,15,1,23,4,33,26,12,22,28,30,20,27,3,24,29,25,32,8,34,6,5
314;32;19041;3437;8,2,6,34,10,5,24,18,4,31,29,21,9,17,1,32,27,25,12,26,20,23,19,30,13,22,3,16,28,11,33,0,7,14,15
315;39;23206;4194;24,27,20,32,22,12,23,29,25,5,30,14,28,34,6,3,4,15,8,26,1,31,7,19,16,10,11,18,13,9,33,0,21,2,17
316;37;22016;3979;3,13,25,23,2,28,17,9,0,4,30,16,21,11,10,24,32,29,12,26,8,22,18,6,34,19,5,1,15,27,31,14,7,20,33
317;41;24396;4867;13,16,5,22,14,29,7,1,0,18,34,11,33,19,27,6,20,15,8,26,9,3,21,23,25,17,28,10,30,2,31,24,4,12,32
318;27;16066;2851;24,11,3,18,21,9,17,4,25,31,30,16,2,19,10,20,27,13,32,12,26,22,1,15,34,29,14,33,6,7,8,5,23,0,28
319;29;17256;3051;1,18,4,24,33,25,23,17,31,10,12,27,7,9,2,32,21,28,8,26,6,19,22,5,0,30,34,13,11,3,29,16,20,14,15
320;35;20826;3800;19,11,9,15,17,7,23,21,16,2,18,13,10,0,31,1,14,4,33,26,20,25,29,34,3,8,27,5,24,6,22,30,28,12,32
321;29;17256;3061;25,23,3,27,17,20,29,5,28,21,24,31,6,10,22,30,34,2,15,14,16,33,0,18,26,7,9,19,8,11,13,1,4,12,32
322;28;16661;2965;6,34,32,1,21,4,25,7,5,2,29,27,24,22,17,8,33,20,12,26,14,10,18,16,0,31,13,11,3,19,15,9,30,28,23
323;49;29156;5162;14,5,17,9,27,2,18,23,6,7,31,22,1,34,15,21,10,29,33,26,0,25,8,16,3,4,13,11,24,19,28,30,20,12,32
324;37;22016;3919;1,17,23,15,0,28,11,32,2,10,7,31,4,21,9,33,14,19,12,26,22,13,18,5,29,16,6,34,30,27,20,3,25,8,24
325;33;19636;3495;3,13,28,25,15,24,27,7,0,19,30,14,22,16,11,20,23,18,33,26,9,4,5,10,31,34,2,17,32,6,21,12,29,8,1
326;37;22016;3897;3,24,11,13,10,0,27,19,30,23,4,20,18,25,28,32,16,9,12,26,22,8,21,6,34,31,5,17,15,2,29,14,7,33,1
327;36;21421;3804;34,5,11,27,28,16,25,13,6,30,15,3,0,22,20,19,18,24,14,26,31,8,23,10,4,29,9,2,12,17,21,32,7,33,1
328;30;17851;3177;29,15,5,32,9,8,18,3,14,21,6,13,10,17,2,34,4,16,12,26,31,28,22,19,30,23,20,11,25,0,27,24,7,33,1
329;30;17851;3215;14,30,5,28,18,15,16,10,3,27,34,19,9,20,22,6,23,11,24,25,26,33,31,0,29,7,13,17,1,2,21,8,4,12,32
330;41;24396;4396;34,5,15,7,10,1,21,9,6,31,14,23,2,22,27,33,18,17,8,26,12,0,19,32,11,20,4,13,30,16,29,3,28,25,24
331;35;20826;3921;4,11,10,21,3,2,24,1,19,13,9,0,25,16,18,31,17,30,8,26,14,27,23,6,34,7,5,15,20,28,33,22,29,12,32
332;33;19636;3536;28,9,30,20,1,3,22,4,23,18,25,33,8,10,31,24,27,7,32,12,26,11,21,5,13,2,6,34,16,17,29,0,19,14,15
333;30;17851;3164;25,28,34,17,19,21,18,13,24,11,14,30,16,15,0,27,2,20,31,26,12,7,3,8,33,10,1,29,5,4,32,6,9,22,23
334;32;19041;3406;15,6,16,19,22,11,20,3,14,23,13,34,30,5,28,0,7,27,33,26,8,21,18,4,12,10,32,29,17,9,1,2,31,25,24
335;36;21421;3817;23,3,10,21,27,2,7,1,28,24,9,20,18,30,25,31,17,22,33,26,12,16,0,29,6,11,8,4,34,13,32,5,19,14,15
336;32;19041;3397;16,11,34,27,8,22,7,32,13,29,6,0,4,19,18,5,12,1,14,15,26,10,17,28,24,23,25,21,3,2,33,30,31,20,9
337;29;17256;3059;3,24,16,4,21,11,29,31,30,2,13,9,17,25,10,0,19,18,32,12,26,34,28,33,15,23,14,1,5,7,8,6,27,20,22
338;38;22611;4019;18,16,9,10,17,31,21,7,19,0,8,13,2,11,4,1,23,29,33,26,3,34,28,30,22,32,20,24,6,27,25,5,12,14,15
339;31;18446;3351;30,19,5,14,13,34,7,28,20,0,3,16,23,11,22,6,15,29,33,26,9,4,21,25,32,17,24,31,8,2,10,12,27,1,18
340;31;18446;3290;1,9,4,25,23,32,17,28,31,7,33,18,21,10,2,8,24,27,12,26,0,22,30,16,29,20,13,19,5,3,11,6,34,15,14
341;32;19041;3363;25,17,30,20,9,3,7,28,21,10,24,14,23,2,4,32,33,15,12,26,27,29,22,18,8,31,1,6,13,5,34,16,19,0,11
342;36;21421;3797;15,1,5,22,17,34,21,32,8,7,14,31,4,33,29,6,27,2,12,26,30,19,25,3,13,23,0,28,16,24,20,11,10,9,18
343;38;22611;4004;0,28,11,32,10,4,21,29,3,25,13,23,17,30,24,16,8,2,12,26,5,18,31,27,14,19,34,22,9,20,6,15,7,1,33
344;34;20231;3586;24,28,0,11,17,13,29,32,25,21,30,2,4,23,10,3,16,9,12,26,8,22,18,1,20,7,33,19,15,27,31,14,34,6,5
345;36;21421;3804;15,5,33,17,9,29,10,2,6,22,14,27,31,34,7,1,21,18,8,26,0,3,19,23,25,4,28,11,30,16,13,24,20,12,32
346;35;20826;3691;10,28,15,2,27,21,6,7,25,34,31,24,5,23,9,14,17,22,33,26,12,16,30,32,11,18,4,19,1,3,20,8,29,0,13
347;37;22016;3875;20,30,6,27,9,34,18,7,3,23,22,25,1,24,28,5,33,10,15,14,26,29,21,11,13,2,0,16,4,17,19,8,31,12,32
348;42;24991;4395;3,30,27,14,11,22,18,19,12,28,20,32,16,24,25,34,15,4,5,6,0,31,23,21,2,10,26,17,1,29,13,8,9,33,7
349;35;20826;3706;19,9,11,4,21,0,25,30,31,10,16,2,24,18,3,13,32,17,12,26,14,33,23,34,6,7,5,27,20,28,15,22,29,8,1
350;45;26776;4721;3,28,11,1,31,18,22,7,30,10,19,20,15,23,9,16,33,27,13,0,26,8,17,5,29,2,6,34,32,21,14,12,4,25,24
351;41;24396;4312;13,3,11,8,10,4,2,17,0,25,16,28,21,30,24,32,29,23,12,26,6,33,19,5,22,7,34,14,20,15,31,27,1,9,18
352;28;16661;2960;18,14,19,0,10,11,28,7,9,17,16,2,23,15,21,13,1,31,33,26,12,27,4,24,3,29,30,32,22,8,25,20,34,6,5
353;32;19041;3351;14,21,5,27,28,22,30,32,15,25,6,2,24,17,29,34,20,23,12,26,8,11,7,1,18,4,9,31,16,10,33,19,3,13,0
354;31;18446;3263;31,30,21,11,23,4,7,0,3,25,2,9,28,10,24,17,19,15,32,12,26,27,16,8,6,18,29,1,34,13,33,5,20,14,22
355;38;22611;3984;11,13,24,32,18,20,10,27,0,28,3,19,23,16,25,30,4,9,12,26,8,7,34,29,15,21,14,6,33,5,22,1,17,31,2
356;32;19041;3366;4,1,24,21,18,2,11,31,8,9,32,7,19,33,10,25,17,16,12,26,15,0,29,6,22,13,5,34,23,27,14,28,20,3,30
357;44;26181;4604;28,14,3,25,22,24,7,33,15,6,20,27,23,34,5,30,32,29,12,26,1,10,21,31,11,17,19,4,9,2,8,18,16,0,13
358;36;21421;3782;6,34,1,32,27,29,19,7,5,15,33,20,18,22,14,8,4,31,12,26,0,24,2,16,25,28,13,21,30,17,11,3,23,9,10
359;32;19041;3391;13,11,2,21,6,17,5,10,0,8,4,19,3,16,29,32,31,34,12,26,33,25,27,15,20,18,14,7,24,22,1,30,9,28,23
360;27;16066;2828;24,3,23,1,2,8,17,7,30,4,25,9,21,10,32,28,33,31,12,26,14,18,6,22,27,29,20,34,16,5,15,13,19,0,11
361;35;20826;3671;31,10,11,16,25,13,24,18,9,21,0,23,7,2,17,4,19,28,32,12,26,22,1,6,34,27,5,8,15,33,29,14,20,3,30
362;34;20231;3573;22,15,5,12,13,29,21,4,14,18,34,16,17,20,27,6,32,2,8,26,33,23,7,25,28,19,24,0,3,11,1,30,31,9,10
363;33;19636;3467;29,5,33,32,24,1,2,7,6,30,20,34,17,22,3,8,4,21,12,26,31,16,27,23,0,18,28,9,19,25,10,11,13,14,15
364;40;23801;4202;30,24,32,33,2,4,17,27,3,10,20,9,21,25,31,12,1,18,8,26,14,28,7,5,15,23,6,22,13,29,34,0,11,19,16
365;28;16661;2949;31,9,17,33,25,1,34,7,12,4,2,32,27,10,18,21,14,24,8,26,13,11,15,5,16,23,6,0,30,28,29,3,19,20,22
366;34;20231;3577;24,30,2,10,5,17,22,27,28,34,25,15,20,3,14,21,23,6,31,26,0,4,7,16,18,33,13,11,8,9,19,1,29,12,32
367;35;20826;3688;31,17,33,7,6,15,34,28,2,9,14,29,5,21,10,1,23,22,8,26,0,18,25,13,11,27,16,30,20,24,3,19,4,12,32
368;49;29156;5139;22,5,30,25,33,24,7,32,6,15,20,14,23,34,27,3,28,29,12,26,31,18,10,0,16,9,13,17,19,2,21,11,4,8,1
369;41;24396;4303;31,10,27,22,13,20,11,19,9,17,18,23,16,2,21,1,7,0,33,26,8,3,14,32,25,29,12,28,30,15,4,24,34,6,5
370;36;21421;3794;29,0,2,10,11,9,7,32,13,5,17,16,4,3,6,21,23,22,12,26,14,27,18,8,33,34,1,31,28,19,15,20,30,25,24
371;42;24991;4449;16,18,11,7,10,4,21,31,13,15,19,14,17,9,2,0,33,23,8,1,12,22,28,30,20,29,3,24,5,25,32,6,27,26,34
372;40;23801;4192;23,10,24,3,27,30,22,15,9,17,25,31,14,2,21,28,34,20,5,6,13,4,18,11,8,1,0,16,32,19,29,12,7,26,33
373;31;18446;3292;11,13,32,30,28,3,22,33,0,8,4,29,7,16,19,12,20,23,14,15,26,10,18,21,2,27,17,25,9,1,24,31,34,6,5
374;25;14876;2660;18,19,4,32,7,12,17,15,16,0,1,9,2,11,13,8,29,33,5,6,14,24,21,22,23,10,26,27,28,31,34,25,3,20,30
375;29;17256;3112;14,22,28,7,30,23,25,19,20,6,15,27,11,34,5,33,0,24,1,8,26,10,18,17,2,3,21,13,31,16,29,9,4,12,32
376;36;21421;3797;5,27,15,29,18,8,9,7,34,1,6,31,33,22,20,14,4,19,32,12,26,0,2,3,24,17,30,23,28,21,10,25,11,13,16
377;39;23206;4265;15,9,5,22,17,34,18,7,31,2,14,23,1,10,21,6,27,29,33,26,12,16,8,32,11,19,4,30,13,3,20,0,28,25,24
378;35;20826;3691;30,23,22,6,9,5,18,27,3,7,20,10,1,28,33,15,34,31,14,26,8,11,24,17,4,19,29,2,12,25,21,32,16,0,13
379;31;18446;3274;5,14,18,31,17,9,13,23,6,2,34,15,16,22,21,27,10,29,3,26,8,24,7,4,12,25,32,33,30,28,1,20,19,0,11
380;34;20231;3580;24,3,23,7,4,15,17,11,30,2,25,32,21,9,10,28,0,12,5,6,34,33,13,27,18,16,14,20,1,29,22,8,19,26,31
381;30;17851;3186;15,25,5,22,21,34,17,7,28,10,14,24,2,23,9,6,27,31,33,26,20,18,32,19,0,4,11,3,13,12,30,16,29,8,1
382;39;23206;4127;2,17,9,4,30,32,19,7,23,24,10,28,11,21,25,31,3,0,12,26,33,34,13,27,22,29,20,18,5,16,1,6,8,15,14
383;47;27966;4963;14,2,5,9,19,27,16,32,15,10,6,17,4,21,31,34,18,11,12,26,28,8,22,30,20,7,3,24,1,25,23,33,29,0,13
384;32;19041;3431;14,2,5,27,10,22,23,1,15,31,34,17,7,21,9,6,18,29,33,26,0,20,19,28,24,4,25,11,3,16,13,30,32,8,12
385;35;20826;3732;29,1,22,27,7,34,10,31,8,32,6,4,9,33,18,5,20,23,12,26,15,16,30,28,11,3,19,25,13,24,14,0,21,2,17
386;30;17851;3163;10,6,2,34,13,17,16,32,9,24,31,29,18,5,25,21,27,3,12,26,8,0,4,14,20,22,15,33,11,7,1,19,30,28,23
387;40;23801;4215;15,2,5,29,7,34,9,27,21,33,14,31,18,17,1,6,22,10,8,26,12,11,4,30,25,23,24,3,0,20,32,28,19,13,16
388;41;24396;4326;8,33,24,28,2,25,17,30,1,9,4,31,21,7,10,32,23,3,12,26,6,16,20,5,14,18,34,22,13,27,29,15,19,0,11
389;35;20826;3681;32,25,10,2,0,23,29,17,4,28,3,11,13,24,30,9,21,16,12,26,20,33,19,6,34,18,5,22,15,27,31,14,7,8,1
390;42;24991;4423;23,31,24,3,7,30,33,21,9,2,25,8,17,10,4,28,32,1,12,26,13,22,11,6,34,19,5,29,14,16,0,15,18,20,27
391;37;22016;3913;13,11,17,29,18,21,7,1,0,9,31,19,33,16,10,2,4,23,8,26,12,6,3,24,27,22,25,30,5,20,32,34,28,14,15
392;36;21421;3790;23,10,28,3,4,30,7,0,9,17,25,31,11,2,21,24,32,19,12,26,29,20,16,6,22,18,5,34,15,27,13,14,33,8,1
393;34;20231;3571;22,30,23,33,25,14,9,34,20,6,28,24,27,3,5,15,7,10,12,26,0,1,18,11,13,31,16,4,29,19,32,8,21,2,17
394;39;23206;4103;25,30,32,10,1,9,27,7,24,33,12,20,18,3,28,4,23,31,8,26,14,29,2,34,6,17,5,22,13,21,15,0,19,16,11
395;33;19636;3478;1,16,17,9,27,2,22,23,13,33,31,19,7,18,29,21,10,20,8,26,6,0,25,5,14,11,34,30,28,24,3,15,4,12,32
396;36;21421;3841;14,5,23,21,9,2,25,31,6,7,15,22,10,34,33,28,17,27,12,26,0,19,24,11,16,18,13,4,30,29,32,3,1,20,8
397;39;23206;4173;8,13,3,24,2,30,31,21,0,17,4,16,10,11,29,32,25,19,12,26,33,34,7,27,22,23,20,18,5,9,1,6,28,14,15
398;32;19041;3362;24,28,20,4,16,32,18,1,25,3,30,13,19,0,11,12,33,27,8,26,22,23,21,6,34,7,5,17,15,2,29,14,10,31,9
399;35;20826;3690;13,11,24,21,20,29,18,1,0,3,28,19,33,16,30,25,17,27,8,26,12,22,4,10,23,7,9,31,14,2,32,15,34,6,5
400;27;16066;2929;2,21,1,7,28,9,8,32,25,23,31,24,4,17,10,33,18,29,12,26,0,22,19,15,34,27,14,16,6,11,13,5,20,3,30
401;30;17851;3171;2,21,4,33,27,32,20,29,31,18,1,10,22,17,9,8,7,23,12,26,3,30,14,13,0,15,16,5,19,34,6,11,28,25,24
402;43;25586;4531;1,29,11,33,16,0,24,19,8,21,4,13,18,17,2,32,7,25,12,26,27,23,30,22,5,28,34,14,3,15,20,6,31,9,10
403;32;19041;3423;14,3,22,5,7,34,4,29,33,8,20,1,32,30,15,27,6,18,12,26,13,23,19,17,2,31,21,0,10,11,16,9,28,25,24
404;32;19041;3376;29,5,16,19,14,11,21,31,6,27,13,22,17,34,18,0,1,15,8,26,30,32,25,23,10,33,3,28,12,24,20,9,7,2,4
405;39;23206;4103;22,29,5,15,19,14,9,33,20,16,34,13,7,27,18,6,1,31,8,26,3,4,17,30,25,23,24,10,32,2,21,12,28,0,11
406;39;23206;4101;14,28,5,27,19,22,25,30,15,7,34,0,24,23,33,6,20,11,32,12,8,10,16,29,9,3,13,1,2,18,4,17,31,26,21
407;39;23206;4117;23,31,24,3,1,30,18,33,9,17,25,2,27,10,21,28,20,7,12,26,0,5,19,16,29,22,13,11,6,4,32,8,34,14,15
408;34;20231;3587;2,17,4,25,7,32,33,8,31,28,10,15,1,21,23,9,24,14,12,26,6,0,18,5,27,19,34,13,20,16,29,22,11,3,30
409;29;17256;3060;18,33,16,19,23,11,31,4,1,15,0,9,8,7,28,13,32,10,12,26,30,6,2,24,27,17,20,25,5,21,3,34,29,14,22
410;35;20826;3750;22,5,28,33,3,23,10,24,6,30,14,27,25,34,20,15,7,9,12,26,29,19,21,0,4,31,13,17,16,2,32,11,18,8,1
411;43;25586;4569;33,8,34,20,17,22,21,32,14,7,6,15,4,1,29,5,27,2,12,26,19,25,9,16,0,10,11,13,28,18,31,23,24,3,30
412;27;16066;2853;14,28,11,13,2,16,21,1,15,9,0,31,17,23,7,19,18,10,33,26,12,27,4,24,3,29,30,32,22,8,25,20,34,6,5
413;35;20826;3681;8,9,29,17,10,2,7,0,1,16,4,31,11,18,13,32,21,19,12,26,34,24,15,5,20,33,6,22,30,14,27,3,23,25,28
414;30;17851;3229;21,2,5,15,9,14,3,22,25,10,34,24,7,17,23,6,28,30,33,26,12,31,29,8,18,4,1,27,13,32,20,16,19,0,11
415;32;19041;3378;8,0,11,32,5,4,22,27,1,6,16,33,34,13,29,19,18,7,12,26,28,10,14,30,24,31,3,23,9,15,20,25,17,2,21
416;38;22611;4000;23,8,10,24,2,30,17,31,28,4,9,33,21,1,32,3,25,7,12,26,15,16,20,5,22,18,6,34,13,27,14,29,19,0,11
417;31;18446;3286;31,33,17,4,23,8,28,24,1,9,2,0,25,7,10,21,32,11,12,26,29,34,30,20,27,18,22,16,5,3,13,6,19,14,15
418;37;22016;3913;13,11,4,17,7,29,14,21,0,18,8,19,33,16,1,32,2,15,12,26,20,25,9,22,34,28,27,23,6,10,31,5,24,3,30
419;42;24991;4416;10,2,25,30,11,24,7,28,9,17,4,31,0,21,23,32,3,19,12,26,33,14,29,8,18,22,1,16,34,13,20,27,15,6,5
420;38;22611;4039;15,5,30,10,27,23,25,7,6,22,28,14,24,34,20,3,9,21,33,26,8,4,18,11,13,31,0,16,32,19,1,12,2,29,17
421;34;20231;3575;10,31,23,24,4,25,0,21,9,2,33,8,17,1,7,28,32,11,12,26,29,22,18,34,5,19,6,27,14,16,13,15,20,3,30
422;37;22016;3885;15,21,25,30,31,24,5,7,14,9,23,17,6,2,10,28,3,34,33,26,0,4,8,13,11,29,16,19,32,18,1,12,27,20,22
423;32;19041;3376;34,5,23,24,7,25,32,10,6,17,15,29,9,22,2,28,21,4,14,26,12,18,3,0,19,27,11,20,13,30,33,16,31,8,1
424;36;21421;3793;31,17,33,14,28,18,15,34,2,23,9,25,7,21,10,1,27,24,8,26,6,30,32,29,3,4,20,22,16,12,5,13,19,0,11
425;40;23801;4215;34,6,18,14,2,1,17,7,31,23,27,22,21,5,10,9,15,29,33,26,20,16,19,30,11,8,3,24,13,25,28,0,4,12,32
426;36;21421;3791;25,30,21,4,11,2,7,17,3,28,10,0,31,24,23,9,32,19,12,26,8,14,33,6,22,15,5,29,27,20,1,34,18,13,16
427;34;20231;3570;16,11,0,7,10,1,2,21,19,23,13,9,17,18,28,33,15,31,14,26,34,30,25,6,3,4,5,29,12,24,8,32,27,20,22
428;39;23206;4107;6,22,27,13,19,29,16,1,5,7,34,20,18,15,33,14,0,11,8,26,31,3,17,10,25,28,9,2,30,21,23,24,4,12,32
429;41;24396;4365;8,18,32,19,31,11,25,27,1,3,4,9,24,16,30,12,20,10,33,26,14,29,28,34,6,7,5,22,13,23,15,0,21,2,17
430;36;21421;4554;13,11,31,17,25,2,30,10,0,9,4,19,3,16,18,1,21,24,8,26,15,32,29,5,22,7,6,34,12,27,14,20,23,33,28
431;35;20826;3789;22,5,28,7,24,23,25,19,6,30,14,3,11,34,20,15,0,27,33,26,1,17,21,18,13,2,16,9,29,10,31,8,4,12,32
432;33;19636;3551;8,33,5,29,15,22,7,11,1,18,34,14,19,20,27,6,16,31,13,0,26,10,12,28,25,4,24,30,9,32,3,23,17,2,21
433;39;23206;4192;14,3,34,20,33,22,7,32,15,25,6,28,29,30,24,5,27,23,12,26,8,11,21,9,18,17,1,2,19,10,4,31,16,0,13
434;43;25586;4589;5,3,29,16,25,13,18,11,6,27,22,24,19,30,34,20,0,28,32,12,8,17,15,1,26,23,33,14,21,7,4,2,10,31,9
435;32;19041;3462;9,16,2,21,0,17,33,23,18,11,1,13,7,19,4,31,10,29,8,26,25,34,15,24,12,14,32,30,5,3,28,6,27,20,22
436;28;16661;3211;2,10,17,29,19,8,4,0,31,16,21,23,11,9,18,1,13,7,33,26,12,15,27,24,30,22,20,25,14,28,32,3,34,6,5
437;33;19636;3573;13,11,5,22,1,34,7,20,0,18,29,19,4,16,8,6,27,33,32,12,31,23,30,10,2,17,9,25,26,24,3,21,28,14,15
438;28;16661;3016;32,29,11,3,25,16,10,28,4,21,13,2,23,17,24,0,30,9,12,26,6,33,18,34,22,31,5,27,14,1,8,20,7,15,19
439;36;21421;3887;14,13,5,29,19,22,7,1,15,18,34,0,33,16,27,6,20,11,8,26,12,23,17,32,10,31,9,2,24,21,4,25,28,3,30
440;30;17851;3236;29,5,19,18,32,11,33,4,6,22,8,12,7,34,27,16,1,20,13,0,26,2,3,23,24,17,28,14,21,30,15,25,31,9,10
441;41;24396;4386;24,30,1,4,9,32,17,2,25,10,8,3,21,28,23,33,7,31,12,26,14,16,20,34,6,18,5,22,13,27,15,29,19,0,11
442;29;17256;3140;27,6,18,19,33,16,23,0,34,20,15,1,7,5,22,14,11,28,12,26,32,17,9,25,21,31,24,2,3,10,4,30,13,8,29
443;41;24396;4377;25,24,16,18,32,9,7,33,28,10,11,23,4,30,3,19,1,12,8,26,13,34,2,29,15,31,14,17,5,21,0,6,27,20,22
444;24;14281;2604;3,5,25,17,27,21,20,15,6,10,30,23,31,34,28,24,2,22,14,26,8,19,32,0,16,12,13,11,1,4,29,18,7,9,33
445;38;22611;4039;24,32,27,22,8,20,7,15,12,29,25,3,23,30,28,34,14,4,5,6,26,19,2,31,9,17,1,10,16,21,33,18,11,13,0
446;35;20826;3774;23,25,17,15,4,14,1,7,28,9,2,31,33,24,10,21,32,8,12,26,6,19,27,5,13,18,0,34,11,22,29,16,20,3,30
447;33;19636;3458;15,24,27,12,33,22,8,29,14,23,20,25,7,30,28,34,32,1,5,6,26,16,4,31,11,10,19,17,13,2,21,0,18,3,9
448;28;16661;2933;14,5,30,25,19,24,16,23,6,27,20,15,11,34,22,3,28,18,33,26,1,2,7,0,8,21,13,9,17,10,31,29,4,12,32
449;36;21421;3762;13,16,5,22,30,34,21,27,0,20,29,3,18,11,19,6,15,17,14,26,8,23,31,4,12,2,32,33,10,7,1,9,24,28,25
450;39;23206;4101;28,10,30,32,31,3,19,11,23,17,25,9,0,2,21,24,4,7,12,26,33,34,16,1,29,18,8,14,5,13,15,6,27,20,22
451;38;22611;3985;30,25,4,1,2,8,17,7,24,10,3,9,21,28,23,32,33,31,12,26,14,16,20,34,6,18,5,22,13,27,15,29,19,0,11
452;42;24991;4414;8,18,32,17,19,29,31,2,1,11,0,9,7,16,4,13,21,10,12,26,6,3,33,34,22,23,5,27,30,15,14,20,28,25,24
453;34;20231;3573;28,16,30,20,18,3,27,8,0,33,25,13,1,11,19,24,4,7,32,12,6,21,2,5,15,31,34,22,26,17,29,14,10,9,23
454;32;19041;3389;30,0,25,8,10,4,2,21,28,13,24,23,17,11,3,32,29,16,12,26,33,34,7,27,22,31,20,18,5,9,1,6,19,14,15
455;38;22611;3977;10,2,24,28,31,30,19,11,21,13,25,9,16,17,0,3,23,7,33,26,12,20,4,6,34,1,5,29,27,8,32,22,18,14,15
456;39;23206;4098;4,32,16,9,17,18,25,10,12,2,11,29,21,13,0,19,31,24,1,8,26,27,30,33,14,3,15,28,22,23,7,20,34,6,5
457;36;21421;3793;19,11,33,9,17,18,23,10,16,2,31,13,21,0,7,1,4,29,8,26,12,30,25,34,5,28,6,27,20,24,32,22,3,14,15
458;32;19041;3361;31,1,34,17,11,21,32,29,8,16,27,19,4,18,13,14,2,0,12,26,33,28,7,20,30,22,3,10,25,23,9,24,15,6,5
459;42;24991;4433;14,1,5,27,18,22,21,29,8,7,34,31,17,33,15,6,20,2,12,26,16,28,32,11,0,4,13,25,3,24,19,30,23,9,10
460;34;20231;3578;22,5,7,23,18,9,17,2,6,1,14,27,21,34,31,15,10,29,33,26,20,11,8,30,12,19,3,24,4,25,28,32,16,0,13
461;34;20231;3593;4,29,21,10,16,9,7,19,8,18,17,13,11,32,1,2,31,0,12,26,20,28,23,6,34,25,5,22,15,27,33,14,24,3,30
462;36;21421;3840;20,30,5,14,10,34,21,7,3,23,22,25,27,24,28,6,15,9,33,26,0,17,31,11,13,2,16,1,29,18,19,8,4,12,32
463;37;22016;3897;0,16,7,21,18,2,24,1,13,23,15,19,25,11,28,14,17,30,33,26,8,4,20,5,3,27,6,34,32,22,29,12,31,9,10
464;25;14876;2768;22,8,5,3,18,6,16,21,20,13,27,1,17,14,29,34,30,31,24,25,26,7,10,4,0,2,11,32,28,9,12,23,33,15,19
465;33;19636;3481;30,32,2,17,6,21,5,15,3,29,24,12,14,4,8,25,10,34,23,28,26,16,22,33,18,27,1,7,13,20,9,0,11,31,19
466;45;26776;4723;3,24,6,22,11,34,18,29,30,16,20,28,19,25,13,5,27,0,15,14,26,10,23,21,2,7,17,4,9,32,12,31,33,8,1
467;43;25586;4500;14,28,5,27,33,22,2,21,15,30,34,23,17,25,24,6,20,7,12,26,29,19,10,8,0,31,13,4,16,3,32,11,9,1,18
468;34;20231;3594;29,0,5,15,23,14,10,7,13,2,6,28,9,17,21,34,22,31,33,26,8,25,18,11,32,27,4,19,24,16,1,12,20,3,30
469;29;17256;3084;14,20,34,13,28,0,7,11,15,3,5,30,19,22,27,6,16,23,33,26,8,24,18,29,21,10,17,31,25,9,1,2,4,12,32
470;35;20826;3686;24,9,3,11,21,4,7,19,25,23,30,2,31,10,28,32,0,17,12,26,1,22,18,29,6,27,8,13,34,16,33,5,20,14,15
471;39;23206;4090;10,2,24,28,4,30,1,33,9,17,25,31,7,21,23,3,32,8,12,26,13,34,29,16,27,20,18,19,5,11,0,6,22,14,15
472;37;22016;3926;0,16,5,22,28,34,24,20,13,3,6,19,30,11,29,15,27,25,14,26,33,2,21,18,1,17,9,10,8,7,23,31,4,12,32
473;36;21421;3789;6,34,17,32,7,2,23,10,14,25,29,15,9,5,24,21,4,22,8,26,33,11,27,20,3,31,30,12,16,18,1,19,28,13,0
474;50;29751;5256;30,24,4,19,0,11,7,33,3,23,20,10,13,25,28,32,16,9,12,26,14,1,18,34,6,31,5,22,29,27,15,8,21,2,17
475;33;19636;3498;9,23,19,18,32,16,12,33,28,4,31,25,7,10,8,11,1,24,13,0,26,22,2,6,34,27,5,21,15,17,29,14,20,3,30
476;28;16661;2947;23,25,10,21,5,2,27,7,28,34,9,24,22,15,14,31,17,6,33,26,3,8,18,16,4,1,11,19,32,20,30,12,29,0,13
477;31;18446;3264;29,5,1,4,31,32,10,9,6,27,8,34,2,22,18,12,7,17,33,26,20,19,21,24,28,23,30,25,11,15,14,0,3,13,16
478;44;26181;4630;30,20,15,0,6,23,13,19,3,5,14,27,16,22,34,28,11,18,24,25,12,31,29,21,2,9,17,4,8,10,32,26,7,1,33
479;27;16066;3050;5,22,0,17,30,13,25,23,6,27,34,20,24,29,28,15,21,3,14,26,31,11,7,9,18,16,1,10,4,2,33,19,32,8,12
480;32;19041;3404;14,19,18,31,4,9,13,21,15,2,33,11,17,16,7,1,10,0,8,26,3,34,23,24,20,27,30,28,6,22,25,5,29,12,32
481;30;17851;3159;25,23,30,10,7,3,14,31,28,2,24,17,33,21,4,32,9,15,12,26,22,18,8,5,29,1,6,34,16,27,20,13,19,0,11
482;38;22611;4080;14,20,5,17,18,29,13,1,15,31,34,19,33,22,27,6,21,16,8,26,12,23,2,32,24,7,25,4,30,10,9,3,11,28,0
483;36;21421;3794;8,18,11,13,10,0,7,17,1,2,16,9,21,19,31,4,29,33,32,12,3,28,27,6,34,23,5,30,15,22,20,14,24,26,25
484;31;18446;3283;25,30,23,7,21,14,31,19,24,9,28,2,11,3,10,15,0,17,33,26,1,29,22,27,8,20,18,6,13,5,34,16,4,12,32
485;27;16066;2847;15,31,33,11,18,7,13,0,14,17,19,9,16,2,21,1,4,10,8,26,25,22,23,6,34,32,5,24,12,29,28,27,3,20,30
486;30;17851;3152;2,17,23,25,34,28,5,20,31,14,10,27,22,21,15,9,24,6,30,3,26,16,7,4,12,18,32,11,13,19,33,0,1,8,29
487;28;16661;2956;22,15,34,18,13,27,9,33,14,16,5,11,7,19,20,6,29,0,1,8,3,23,31,30,25,10,24,32,26,4,12,28,17,2,21
488;30;17851;3153;2,24,10,31,7,4,19,30,25,23,9,28,11,21,17,32,3,0,12,26,33,22,13,1,27,29,8,18,34,16,20,14,6,15,5
489;27;16066;2867;18,4,11,19,21,0,31,23,9,24,16,2,10,32,25,13,28,17,12,26,3,34,7,33,22,27,20,14,6,15,30,5,29,8,1
490;47;27966;4943;15,5,24,2,20,21,31,23,6,3,28,22,10,34,30,25,17,27,14,26,0,4,7,13,18,9,16,11,8,19,33,1,29,12,32
491;27;16066;2845;33,9,16,19,21,11,31,28,1,17,13,2,23,18,7,0,15,10,14,26,34,29,3,22,6,24,5,20,32,30,27,12,25,8,4
492;28;16661;2972;16,0,1,7,2,33,21,23,13,4,18,31,10,11,19,9,32,17,12,26,14,25,8,6,34,28,5,22,20,29,15,27,24,3,30
493;43;25586;4518;3,5,25,23,2,28,4,11,6,17,30,29,10,34,21,24,13,32,0,26,8,19,22,33,31,27,1,7,15,20,12,14,16,9,18
494;22;13091;2344;2,17,4,25,5,24,33,9,31,6,8,1,7,21,29,32,10,34,12,26,14,20,28,13,11,23,0,3,19,30,15,16,18,22,27
495;34;20231;3583;13,11,29,5,21,6,27,15,0,2,4,19,14,16,17,32,34,18,12,26,23,20,22,28,24,7,25,10,3,9,31,30,33,8,1
496;29;17256;3164;30,33,25,10,11,3,21,4,20,7,24,0,2,28,23,32,9,17,12,26,8,27,13,22,5,16,6,29,14,18,1,34,19,15,31
497;33;19636;3479;12,24,14,22,10,15,7,32,25,2,27,31,23,21,17,34,29,9,5,6,26,18,4,0,16,28,13,11,1,30,3,8,19,33,20
498;38;22611;4016;9,16,31,17,13,2,32,7,18,4,8,11,29,19,10,1,21,0,33,26,6,3,15,34,22,23,5,27,30,14,12,20,28,25,24
499;34;20231;3614;13,18,4,17,10,29,34,6,16,31,8,9,5,1,2,32,21,27,12,26,20,15,22,30,25,7,24,33,23,14,3,28,19,0,11
