0;24;10441;3635;3,0,15,10,20,16,7,2,17,19,14,12,25,8,5,27,21,28,29,9,18,1,22,26,11,23,24,13,6,4
1;29;12616;2200;1,0,21,27,2,16,29,23,15,14,9,4,26,17,22,28,25,7,5,19,10,8,24,20,6,3,11,12,18,13
2;29;12616;2201;8,4,0,25,10,17,3,15,24,26,23,11,28,5,22,21,27,18,9,14,12,1,13,29,6,2,20,16,19,7
3;36;15661;3308;7,16,0,10,14,20,29,15,2,19,28,22,9,25,8,5,3,23,27,21,26,1,24,17,6,13,11,12,18,4
4;29;12616;5881;1,26,6,25,28,9,5,4,22,8,0,20,23,21,16,14,27,19,15,10,3,29,13,7,17,2,12,11,18,24
5;34;14791;2505;5,4,11,28,22,18,26,12,6,17,25,13,20,19,10,1,0,16,8,29,7,27,2,14,3,15,24,23,21,9
6;32;13921;2315;16,11,15,21,18,17,20,0,12,23,22,10,28,5,19,9,25,29,26,27,3,8,13,14,7,1,24,4,6,2
7;30;13051;2507;17,16,0,3,10,20,7,15,4,19,22,25,9,23,21,28,2,27,26,14,1,5,13,29,8,6,11,12,18,24
8;20;8701;3651;1,16,0,27,14,21,29,15,2,23,5,11,8,25,18,28,19,26,9,22,17,7,20,3,12,10,24,4,6,13
9;22;9571;1791;3,4,6,16,7,10,19,24,13,20,28,23,26,9,1,22,15,25,5,8,11,17,12,18,21,0,27,14,29,2
10;34;14791;2835;27,9,28,26,21,8,1,5,23,25,14,12,20,17,2,29,10,13,16,7,18,19,24,3,11,4,6,0,15,22
11;29;12616;2129;3,14,2,1,27,29,8,13,5,25,0,12,20,17,18,16,10,22,15,26,6,19,24,4,11,7,23,28,9,21
12;30;13051;3095;23,11,1,27,18,21,14,13,12,29,8,6,9,28,10,5,19,26,25,7,22,3,24,17,4,20,15,0,16,2
13;26;11311;2273;7,26,22,10,17,28,5,6,4,9,27,15,23,21,14,29,19,1,13,25,0,8,16,3,2,20,12,11,18,24
14;30;13051;2267;19,18,11,7,17,3,20,12,4,10,5,2,8,27,25,9,16,21,28,29,15,23,0,14,1,13,6,22,26,24
15;23;10006;1694;3,18,10,20,11,7,16,4,12,19,25,22,21,23,17,8,15,9,1,28,6,27,24,5,26,0,2,29,14,13
16;27;11746;2012;16,14,0,5,25,29,8,15,2,27,23,22,20,19,17,9,3,7,21,10,6,28,24,4,26,13,11,12,18,1
17;21;9136;1551;3,7,13,29,20,10,19,4,16,14,21,12,28,9,5,23,26,8,27,25,11,1,6,22,18,17,15,2,0,24
18;32;13921;2502;2,19,16,29,10,7,3,20,13,14,28,6,8,9,26,5,1,17,27,23,24,25,15,21,22,0,12,11,18,4
19;36;15661;2638;29,18,11,14,8,5,27,12,9,28,16,15,17,26,22,20,3,4,2,10,6,19,24,7,0,13,1,21,23,25
20;28;12181;2046;18,1,11,3,26,25,22,12,17,8,0,16,2,7,19,5,4,29,15,27,14,28,13,10,20,6,9,21,23,24
21;28;12181;2050;27,3,10,28,25,9,8,4,1,5,29,22,16,20,13,19,21,26,14,17,0,7,15,2,6,23,24,12,11,18
22;27;11746;1974;28,19,7,5,0,20,14,10,15,16,23,12,17,26,22,9,3,18,21,8,6,1,24,25,11,4,13,27,29,2
23;29;12616;2105;9,1,23,3,26,25,17,21,22,8,10,15,19,20,16,7,5,2,28,29,11,27,12,14,0,18,4,6,13,24
24;29;12616;2160;28,22,7,9,17,26,23,24,6,21,0,12,16,29,14,20,8,2,15,27,18,19,1,5,11,25,3,4,10,13
25;31;13486;2269;9,18,11,8,21,3,23,12,1,25,5,15,29,7,14,27,4,16,28,19,0,10,13,20,2,6,22,26,17,24
26;31;13486;2258;27,8,26,21,5,9,28,22,25,23,3,15,20,19,16,14,13,7,17,10,2,29,24,4,0,6,12,11,18,1
27;25;10876;1848;27,1,8,28,5,21,9,25,6,23,29,15,19,20,16,10,26,7,14,13,2,3,24,17,0,22,12,18,11,4
28;29;12616;2129;19,22,17,7,4,26,10,20,6,3,8,2,27,14,29,1,28,21,25,23,15,5,0,9,13,16,12,18,11,24
29;31;13486;2257;20,10,3,16,14,7,29,13,4,19,28,26,9,21,23,27,15,8,5,25,22,2,6,1,17,0,11,12,18,24
30;28;12181;2237;16,12,0,27,14,11,29,15,2,18,10,22,20,7,17,19,8,28,4,5,26,3,24,9,6,25,1,21,23,13
31;26;11311;1910;5,11,26,21,18,28,9,22,12,23,6,0,10,7,4,3,29,20,17,19,2,13,24,16,15,14,25,8,27,1
32;29;12616;2120;9,8,25,28,27,5,29,1,2,14,23,15,22,26,17,4,7,20,21,16,0,10,24,19,6,3,12,11,18,13
33;29;12616;3169;4,1,3,9,21,25,23,13,24,8,28,12,27,29,18,10,20,14,5,19,2,7,0,16,11,15,22,26,17,6
34;22;9571;1684;4,26,22,5,23,9,21,6,17,28,0,14,20,19,16,27,25,7,15,10,29,8,13,3,2,1,12,11,18,24
35;30;13051;2250;8,1,25,19,29,16,27,3,14,20,5,15,17,26,4,28,23,22,10,7,6,9,24,13,0,21,12,11,18,2
36;23;10006;1730;27,25,23,28,1,8,5,21,18,9,4,22,13,7,17,10,14,20,3,19,6,29,24,16,26,2,12,15,0,11
37;23;10006;1740;3,15,10,7,20,0,16,4,17,19,2,12,29,27,21,14,6,23,1,28,18,5,13,9,11,22,26,25,8,24
38;34;14791;2595;9,0,23,8,26,1,22,21,15,25,28,13,14,16,29,27,4,19,5,20,7,3,24,10,2,6,11,12,18,17
39;30;13051;2812;27,9,23,26,8,28,5,21,25,22,29,15,16,19,20,2,3,10,14,7,4,13,24,6,0,17,11,12,18,1
40;29;12616;3715;5,15,11,25,14,18,3,12,0,1,23,4,9,26,22,8,29,7,21,28,10,27,13,2,6,19,24,20,17,16
41;33;14356;3523;27,18,11,28,0,5,25,12,15,8,29,24,7,19,10,2,26,3,14,20,4,16,6,17,13,22,23,21,1,9
42;27;11746;2038;29,18,11,14,23,5,9,12,21,28,13,22,20,16,17,19,4,0,3,7,6,10,24,15,26,2,8,25,1,27
43;32;13921;2392;5,13,15,28,23,7,21,0,24,9,16,12,29,27,2,19,10,25,20,8,18,14,1,3,11,4,6,26,17,22
44;24;10441;1806;0,18,11,15,27,14,2,12,5,29,25,6,17,20,26,1,16,10,8,19,4,3,24,7,22,13,23,9,28,21
45;23;10006;1742;3,1,23,5,8,9,27,21,25,28,12,4,7,19,20,11,26,17,18,16,13,29,6,14,10,22,2,15,0,24
46;25;10876;1921;3,18,12,7,16,10,20,11,4,19,6,23,28,5,8,26,29,25,17,27,21,22,13,1,9,14,15,0,2,24
47;28;12181;3014;5,4,23,28,22,9,26,21,6,17,25,15,10,7,3,1,29,16,8,19,2,27,13,20,0,14,12,11,18,24
48;27;11746;2057;9,18,12,21,15,4,0,11,17,23,5,1,8,19,20,27,7,16,28,29,3,10,13,14,25,2,24,22,26,6
49;28;12181;2281;8,18,25,17,11,3,22,1,12,26,21,4,28,27,7,9,16,29,23,19,2,5,13,14,10,20,24,0,15,6
50;21;9136;1602;16,13,4,27,18,14,5,6,2,29,19,23,20,22,17,7,3,26,10,8,9,28,24,25,21,1,11,0,15,12
51;30;13051;2257;29,23,15,14,9,2,28,0,21,27,19,12,20,17,18,7,3,4,16,26,6,10,24,22,11,13,1,8,25,5
52;26;11311;1997;9,18,6,23,11,22,17,4,12,26,25,3,20,16,19,5,1,14,8,29,7,28,13,27,10,21,2,15,0,24
53;28;12181;2115;3,4,6,21,15,10,17,24,0,23,25,12,27,29,2,8,26,5,1,14,18,9,13,28,11,22,7,16,19,20
54;31;13486;2351;23,18,12,21,16,29,14,11,13,27,25,22,3,20,17,8,28,10,1,19,4,9,6,7,26,5,24,0,15,2
55;28;12181;2100;27,18,11,8,23,5,9,12,21,28,29,15,10,7,4,13,26,16,14,19,0,17,6,20,2,22,24,1,3,25
56;23;10006;1741;3,16,20,7,15,19,4,17,0,10,14,22,28,9,23,27,2,8,29,25,21,5,6,1,26,13,11,12,18,24
57;27;11746;2021;23,22,26,9,12,28,18,17,11,5,25,14,27,20,16,1,3,19,8,7,29,21,13,10,2,4,24,0,15,6
58;26;11311;1950;16,0,15,20,4,22,17,2,6,26,29,25,10,27,8,19,21,5,14,28,3,7,13,9,1,23,11,12,18,24
59;34;14791;2529;29,18,11,27,1,14,25,12,5,8,10,15,16,20,4,19,13,17,3,26,6,7,24,22,0,2,23,9,28,21
60;24;10441;1818;9,28,7,8,5,27,14,2,13,29,19,12,20,17,18,16,21,3,10,25,0,4,15,1,11,23,6,22,26,24
61;39;16966;2951;29,7,13,14,20,10,16,24,4,19,15,12,28,9,5,2,21,25,0,8,18,27,1,23,11,3,22,26,17,6
62;24;10441;1857;13,12,6,3,10,11,7,24,4,18,14,23,15,0,1,2,5,25,29,8,9,27,22,26,21,28,16,20,19,17
63;30;13051;2274;27,8,22,28,9,25,1,6,26,5,13,4,19,20,7,29,0,18,3,16,12,14,11,2,10,15,21,23,17,24
64;26;11311;2005;3,7,10,17,0,19,16,4,15,20,14,22,23,28,9,21,2,25,29,5,8,27,6,1,26,13,12,18,11,24
65;29;12616;2164;27,22,28,17,9,26,25,5,6,8,29,15,20,19,16,2,12,10,14,7,4,18,13,3,0,11,24,21,1,23
66;28;12181;2097;3,15,10,20,7,0,19,4,24,16,21,12,26,28,22,23,25,5,17,9,18,27,6,8,11,1,13,14,29,2
67;30;13051;2228;16,18,12,20,17,2,15,11,4,0,5,10,29,27,19,28,21,25,14,8,3,9,13,1,7,23,24,26,22,6
68;29;12616;2279;23,1,25,19,14,27,29,8,2,21,5,12,10,3,18,28,26,6,9,13,4,7,24,22,11,17,15,0,16,20
69;24;10441;1842;25,5,1,8,22,28,26,4,6,9,10,16,14,29,19,27,23,2,3,7,0,21,15,13,20,17,11,12,18,24
70;28;12181;2060;13,17,26,3,4,8,1,22,6,25,7,15,16,14,2,19,28,18,10,29,12,20,11,27,0,5,21,23,9,24
71;30;13051;2186;3,17,26,1,21,8,9,22,23,25,5,12,16,19,20,14,27,10,28,7,18,29,4,13,11,2,6,15,0,24
72;37;16096;2795;20,2,0,19,27,16,29,15,13,14,7,6,23,9,26,21,5,17,10,11,4,28,24,12,22,18,1,25,8,3
73;34;14791;2489;27,29,14,3,10,16,19,2,7,20,5,26,9,21,23,8,1,11,28,12,17,25,15,18,22,0,24,4,6,13
74;28;12181;2042;9,22,26,5,4,7,10,17,6,28,25,15,20,19,16,3,21,14,8,29,2,1,13,27,0,23,12,11,18,24
75;24;10441;1745;19,17,26,29,0,20,16,22,15,14,5,6,10,1,3,28,21,25,7,8,4,27,24,9,13,23,12,11,18,2
76;28;12181;2131;8,7,10,5,20,19,28,4,24,9,23,15,16,27,2,21,3,14,25,29,12,1,11,18,0,13,22,26,17,6
77;24;10441;1749;3,2,0,7,4,16,10,15,20,19,14,12,1,25,18,13,28,26,29,8,22,27,6,5,11,9,23,21,17,24
78;29;12616;2105;8,20,26,25,7,3,19,17,16,10,29,12,13,5,18,14,21,22,27,28,6,1,4,9,11,23,2,15,0,24
79;26;11311;1897;3,16,20,29,7,19,10,17,13,14,15,28,21,1,23,27,12,8,0,25,9,18,22,26,5,11,4,6,2,24
80;32;13921;2331;28,8,25,5,19,27,29,1,2,14,11,15,16,20,17,12,9,22,18,26,6,21,24,23,0,4,13,10,3,7
81;27;11746;1967;3,18,11,8,26,1,17,12,22,25,23,14,21,20,27,5,10,16,9,19,29,28,13,7,2,4,24,0,15,6
82;28;12181;2041;3,12,10,20,19,11,16,4,7,18,28,22,9,23,17,0,1,8,5,21,26,15,24,25,6,27,2,29,14,13
83;26;11311;2382;3,9,23,27,25,28,8,21,1,5,29,4,7,19,10,2,17,15,14,0,6,16,22,20,13,26,24,12,11,18
84;27;11746;1979;27,22,17,5,23,21,9,6,26,28,4,15,20,19,16,10,18,14,3,29,2,7,12,13,0,11,1,25,8,24
85;26;11311;1922;27,9,5,1,21,28,8,6,23,25,12,4,14,29,16,18,2,19,11,20,10,3,24,7,13,17,26,0,15,22
86;32;13921;2351;4,12,23,5,11,9,18,21,17,28,25,15,27,14,16,1,10,29,8,20,2,3,13,19,0,7,24,22,26,6
87;38;16531;2767;27,8,22,28,9,25,1,6,26,5,14,15,20,19,16,29,10,12,13,11,2,7,4,18,0,3,21,23,17,24
88;34;14791;2485;17,2,11,19,0,20,7,12,15,16,22,1,9,8,23,28,29,25,26,5,3,18,13,27,21,14,6,4,10,24
89;32;13921;2492;17,7,13,3,10,20,16,6,4,19,14,26,21,28,23,27,25,9,29,8,11,5,12,18,22,1,0,15,2,24
90;27;11746;1960;5,29,27,28,19,14,20,2,7,16,8,12,26,22,17,25,21,15,9,0,18,1,24,23,11,3,4,6,13,10
91;27;11746;1969;29,10,3,14,20,7,16,13,4,19,25,22,5,9,28,8,17,26,1,23,0,27,15,21,6,2,12,11,18,24
92;26;11311;1884;17,18,11,3,21,1,23,12,24,25,8,22,28,27,7,5,16,29,9,19,2,10,13,14,26,20,4,0,15,6
93;30;13051;2182;7,12,0,19,17,11,20,15,18,16,29,22,28,5,9,14,1,21,2,8,23,27,6,25,26,13,4,3,10,24
94;24;10441;1747;9,18,11,28,27,5,29,12,2,14,6,0,22,26,17,10,23,20,4,19,16,3,24,7,15,21,1,25,8,13
95;34;14791;2480;27,1,23,28,5,25,9,21,6,8,29,15,13,19,16,3,26,20,14,7,2,10,24,17,0,22,12,11,18,4
96;26;11311;1887;17,22,13,29,28,26,27,6,5,14,16,21,8,9,25,19,10,15,20,0,1,7,24,3,23,4,12,11,18,2
97;28;12181;2037;3,0,4,7,20,15,19,24,16,10,12,23,25,8,1,11,27,26,18,9,22,5,6,28,21,17,13,14,29,2
98;24;10441;1762;3,23,15,9,8,21,25,0,24,1,28,12,2,29,14,27,10,16,5,19,18,7,13,20,11,4,22,26,17,6
99;24;10441;1739;29,10,3,14,20,7,16,13,4,19,15,8,27,21,1,2,17,23,0,9,26,5,22,28,25,6,12,11,18,24
100;26;11311;2551;21,18,4,23,11,5,28,24,12,9,25,15,7,19,20,3,27,16,1,14,2,10,13,29,0,8,22,26,17,6
101;32;13921;3088;1,13,21,16,18,29,27,23,2,14,3,6,10,19,7,8,28,26,25,20,22,9,24,17,4,5,11,15,0,12
102;26;11311;1974;3,29,2,5,1,27,25,13,14,8,19,17,0,15,26,16,28,22,7,21,6,10,4,23,20,9,24,12,11,18
103;29;12616;4121;17,8,26,27,25,5,9,22,6,28,12,15,14,29,16,18,10,20,11,19,2,3,13,7,0,4,24,21,23,1
104;29;12616;2257;22,17,11,8,21,26,23,12,18,9,5,15,14,29,16,27,4,20,28,19,2,10,13,7,0,6,24,3,25,1
105;27;11746;3321;23,4,11,21,10,18,3,12,24,17,14,25,9,5,26,27,15,22,29,28,1,2,6,13,8,0,20,19,16,7
106;39;16966;3021;10,20,4,7,26,16,22,6,17,19,5,12,27,29,14,9,3,21,28,23,18,8,1,25,11,13,2,15,0,24
107;31;13486;2402;2,7,3,14,20,19,16,13,10,29,28,22,21,23,9,5,15,8,27,25,26,17,24,1,6,0,11,12,18,4
108;28;12181;2140;1,21,0,25,9,5,8,15,23,28,3,12,4,7,18,10,16,2,27,29,13,19,24,14,11,20,17,22,26,6
109;25;10876;1890;2,18,11,27,14,5,29,12,13,28,8,6,0,17,26,15,10,20,25,16,4,3,24,19,22,7,21,23,9,1
110;28;12181;2107;27,23,21,5,8,9,25,1,24,28,12,15,20,19,16,18,3,14,11,29,2,7,4,10,0,13,22,26,17,6
111;31;13486;2323;19,29,2,10,5,27,28,13,14,7,1,0,21,9,23,25,20,22,3,26,6,8,24,17,15,16,11,12,18,4
112;32;13921;2398;3,7,10,23,16,19,17,4,20,21,29,12,25,8,1,14,26,5,13,9,18,27,6,28,11,22,2,0,15,24
113;26;11311;1963;21,29,27,1,16,14,20,2,18,19,8,22,13,10,4,3,23,7,25,28,26,5,24,9,6,17,15,11,12,0
114;25;10876;1901;9,22,3,8,17,26,1,24,6,25,5,14,20,19,16,27,10,12,28,11,29,7,13,18,2,4,15,0,21,23
115;30;13051;2241;1,26,6,25,5,8,28,4,22,9,3,15,7,19,20,10,21,16,17,29,2,27,13,14,0,23,12,11,18,24
116;31;13486;2330;5,19,16,28,10,14,29,20,7,27,23,12,8,25,1,9,15,26,21,17,18,3,24,22,11,0,6,4,2,13
117;27;11746;2030;10,22,13,3,4,26,18,24,6,17,28,16,27,29,19,5,21,1,7,8,14,9,2,25,20,23,11,0,15,12
118;31;13486;2305;17,18,11,16,10,3,19,12,7,20,5,23,26,8,22,28,29,1,14,25,21,27,15,0,9,2,24,6,13,4
119;25;10876;1870;20,26,8,19,7,17,10,25,22,3,27,15,9,21,23,28,16,11,29,5,0,14,12,18,2,1,4,13,6,24
120;32;13921;2380;3,10,13,20,16,14,19,4,7,29,21,11,9,28,18,23,27,26,1,5,22,25,6,8,12,17,24,0,15,2
121;30;13051;2233;16,2,0,20,4,7,10,15,24,19,21,12,8,25,1,9,3,5,23,27,18,28,14,29,11,13,22,17,26,6
122;33;14356;2436;5,22,6,28,23,26,21,4,17,9,0,2,16,19,7,20,25,10,15,3,29,1,13,27,14,8,12,18,11,24
123;27;11746;2022;3,10,27,20,19,29,16,2,7,14,28,23,26,8,9,22,12,1,5,25,15,17,0,11,21,18,24,6,4,13
124;30;13051;2235;3,27,1,5,29,25,14,21,2,8,9,22,20,16,17,28,10,0,23,15,6,19,24,7,26,4,12,11,18,13
125;33;14356;2471;27,25,21,28,23,8,9,1,18,5,14,6,22,3,10,16,17,7,29,19,13,26,24,20,4,2,12,15,0,11
126;25;10876;1878;14,18,11,5,23,9,21,12,17,28,29,6,2,7,10,19,25,22,27,26,13,8,24,3,4,1,0,16,20,15
127;30;13051;2235;1,18,11,25,9,5,8,12,4,28,21,20,10,7,19,3,0,29,23,14,16,17,2,27,13,15,24,22,26,6
128;27;11746;2035;3,23,21,0,8,9,25,1,24,15,28,13,10,20,19,27,18,29,5,16,2,4,12,14,7,11,22,26,17,6
129;23;10006;1747;18,12,0,7,16,11,19,15,2,20,4,26,21,1,23,3,28,8,10,25,22,27,6,9,17,5,13,14,29,24
130;29;12616;2164;3,11,18,7,16,10,20,4,12,19,14,22,21,28,9,27,17,8,29,5,26,1,6,25,23,13,15,0,2,24
131;28;12181;2057;7,22,5,21,17,28,23,6,26,9,16,12,29,14,2,19,25,10,20,3,18,27,4,1,11,8,13,15,0,24
132;32;13921;2329;8,20,25,27,19,16,29,1,2,14,28,15,23,26,22,9,18,17,5,11,6,21,24,12,0,4,13,10,7,3
133;33;14356;2438;14,7,10,29,3,19,20,4,13,16,27,23,25,8,9,28,15,26,2,1,22,5,6,17,21,0,11,12,18,24
134;35;15226;2540;3,25,1,21,17,8,23,24,26,9,5,15,20,19,16,7,11,29,28,27,14,10,2,18,0,12,4,6,22,13
135;27;11746;1962;29,23,15,14,9,2,28,0,21,27,19,6,10,7,13,20,3,22,16,26,24,17,12,11,4,18,1,8,25,5
136;33;14356;2402;27,1,23,8,5,9,28,21,18,25,29,6,3,19,10,2,26,7,14,20,13,16,24,17,4,22,0,12,11,15
137;28;12181;2032;5,0,15,28,23,16,21,24,20,9,25,12,27,29,2,1,7,3,8,14,18,19,4,10,11,13,6,26,22,17
138;25;10876;1865;7,15,13,2,22,0,26,24,6,17,16,21,27,28,9,19,10,8,20,5,25,29,1,14,23,3,18,12,11,4
139;24;10441;1748;7,16,29,10,15,20,2,14,0,19,28,22,9,21,23,5,3,8,27,25,26,17,24,1,6,13,11,12,18,4
140;32;13921;2324;17,18,11,23,14,27,29,12,2,21,28,4,22,26,3,9,19,25,5,8,10,1,24,7,6,13,0,20,16,15
141;25;10876;1820;27,25,3,28,10,8,5,1,4,9,21,15,14,29,16,17,22,20,23,19,2,26,13,7,0,6,24,12,11,18
142;33;14356;2399;29,23,2,14,27,9,5,13,21,28,7,22,4,20,17,19,12,0,10,16,26,18,24,15,6,11,3,25,8,1
143;30;13051;2180;23,22,26,25,5,8,28,17,6,9,27,15,13,20,16,29,3,7,21,19,2,14,4,10,0,1,11,12,18,24
144;27;11746;1985;3,7,13,29,20,10,19,4,16,14,21,12,23,9,17,28,25,22,27,26,18,5,6,8,11,1,24,15,0,2
145;36;15661;2618;27,21,1,28,9,25,8,24,23,5,29,12,15,16,0,2,3,20,14,19,18,7,4,10,11,13,6,17,26,22
146;27;11746;1968;5,10,4,28,16,7,19,6,14,20,12,26,1,25,8,11,15,23,18,9,17,3,24,21,22,0,13,27,29,2
147;30;13051;2176;1,9,28,14,27,23,29,5,2,21,8,6,17,20,26,3,0,10,25,19,4,16,24,7,22,15,11,12,18,13
148;26;11311;1896;23,22,26,9,5,15,28,17,6,0,25,10,20,19,7,1,27,16,8,14,3,21,13,29,4,2,11,12,18,24
149;25;10876;1809;20,14,18,19,12,29,11,4,10,16,27,26,25,8,23,21,15,9,2,28,22,1,6,5,17,0,24,13,3,7
150;23;10006;1676;17,13,4,3,16,10,19,6,7,20,14,12,21,9,23,27,26,25,29,5,18,28,1,8,11,22,15,0,2,24
151;29;12616;2108;17,15,23,26,25,0,8,21,1,9,16,4,29,19,27,14,3,7,20,28,10,5,6,13,2,22,12,11,18,24
152;26;11311;1882;2,26,0,16,7,17,19,15,22,20,21,1,27,5,8,9,3,18,23,29,11,28,12,14,25,13,6,4,10,24
153;26;11311;1886;2,16,20,7,10,19,14,13,3,29,17,21,8,25,1,26,28,9,27,15,23,22,6,0,24,5,11,12,18,4
154;42;18271;3133;27,23,21,5,8,9,25,1,24,28,14,12,0,2,15,16,7,4,20,29,18,19,13,10,11,3,22,26,17,6
155;24;10441;2183;27,18,12,9,25,21,8,11,1,23,5,22,14,16,17,29,7,20,28,0,6,19,13,15,26,2,24,10,4,3
156;30;13051;2266;5,8,25,28,12,9,23,1,11,21,4,15,20,19,16,10,27,14,3,29,2,7,24,13,0,18,17,22,26,6
157;29;12616;2169;29,11,14,27,18,5,9,1,12,28,21,15,20,19,16,17,13,7,23,10,2,3,24,4,0,6,26,25,8,22
158;25;10876;1838;29,25,3,14,5,18,8,13,1,27,26,12,20,16,17,19,7,0,22,15,6,10,24,4,11,2,23,28,9,21
159;25;10876;1853;3,21,26,25,23,1,9,17,22,8,5,15,18,14,11,27,10,16,28,29,0,20,2,19,12,7,13,4,6,24
160;27;11746;2011;10,22,4,3,25,26,8,6,1,17,5,12,14,29,18,27,19,0,28,16,15,20,13,2,11,7,21,23,9,24
161;31;13486;2379;5,17,26,28,20,23,21,22,6,9,25,12,3,10,4,1,19,2,8,27,18,14,13,29,11,7,15,0,16,24
162;33;14356;2435;21,4,6,23,15,10,17,24,0,3,26,12,8,25,1,9,27,5,22,14,18,28,13,29,11,2,7,16,19,20
163;21;9136;1545;10,15,20,7,3,0,16,17,24,19,29,6,18,11,12,2,8,5,14,28,13,27,22,9,4,26,1,21,23,25
164;29;12616;2125;14,10,3,29,7,19,16,4,13,20,25,12,5,28,18,8,21,26,1,9,22,27,6,23,11,17,24,15,0,2
165;26;11311;1900;19,20,0,29,26,16,22,15,17,14,23,4,28,5,9,27,7,8,21,25,10,1,24,3,6,13,12,11,18,2
166;28;12181;2037;27,28,22,1,9,5,8,6,26,25,10,12,13,29,18,7,20,2,3,14,0,19,15,16,11,4,24,23,21,17
167;26;11311;1895;9,18,11,28,1,25,5,12,27,8,23,15,10,19,16,3,26,20,21,17,4,7,24,6,0,22,13,14,29,2
168;28;12181;2045;16,25,3,14,2,8,27,13,1,29,5,12,20,17,18,28,26,4,9,10,6,19,24,7,11,22,15,23,21,0
169;28;12181;2068;27,21,1,28,9,25,8,24,23,5,29,12,15,16,0,2,3,20,14,19,18,7,4,10,11,13,6,17,26,22
170;36;15661;2619;7,6,13,2,22,4,26,24,18,17,16,25,29,27,14,19,21,5,20,28,8,10,1,9,3,23,0,11,12,15
171;32;13921;2338;27,18,11,28,25,5,9,12,1,8,14,4,19,7,10,16,17,22,29,20,6,3,24,26,13,2,21,15,0,23
172;24;10441;1749;8,12,25,17,22,11,26,1,6,18,10,21,5,28,9,7,20,29,3,27,14,19,13,16,23,2,24,15,0,4
173;28;12181;2055;16,6,4,20,0,22,17,2,15,26,7,23,28,27,8,10,3,25,19,5,21,29,1,14,9,13,11,12,18,24
174;32;13921;2349;27,11,4,28,9,18,8,6,12,5,29,15,19,20,16,10,26,7,14,13,2,3,24,17,0,22,1,23,21,25
175;29;12616;2127;2,4,12,14,10,18,3,11,13,29,15,26,1,25,8,27,17,23,0,21,9,5,24,28,22,6,20,19,16,7
176;30;13051;2187;27,26,22,28,9,8,25,6,17,5,29,12,16,0,15,20,13,2,14,7,18,19,4,10,11,3,1,21,23,24
177;34;14791;2480;28,1,15,5,23,25,9,0,21,8,20,12,3,10,18,19,26,4,16,7,6,17,24,13,11,22,2,14,29,27
178;27;11746;1958;17,21,4,3,18,23,1,6,24,25,22,13,20,19,16,5,8,7,26,10,29,28,2,27,14,9,11,0,15,12
179;27;11746;1965;23,18,11,9,26,5,17,12,22,28,25,2,14,29,10,27,1,19,8,16,7,3,13,20,4,21,24,0,15,6
180;27;11746;1986;20,14,3,16,10,29,7,13,4,19,27,15,9,8,26,28,1,23,2,25,22,5,6,21,0,17,11,12,18,24
181;32;13921;2317;21,18,15,23,11,5,28,0,12,9,25,13,20,16,19,1,2,10,8,29,7,27,24,14,3,4,22,26,17,6
182;30;13051;2180;16,2,0,27,5,13,14,15,6,29,10,23,3,25,1,7,17,8,19,22,9,28,24,26,21,20,12,11,18,4
183;25;10876;2435;19,18,12,10,2,29,27,11,13,7,5,0,21,23,4,9,22,16,28,20,6,14,24,17,15,26,1,25,8,3
184;30;13051;2294;1,29,14,9,21,27,23,2,5,28,26,0,20,19,16,17,8,4,22,10,6,3,24,7,15,25,12,11,18,13
185;29;12616;2107;27,23,21,5,11,9,18,24,12,28,22,16,13,29,14,17,10,19,26,7,0,6,15,2,20,4,3,25,8,1
186;33;14356;2416;17,26,22,27,8,28,25,6,9,5,10,15,29,14,13,7,18,16,4,20,0,19,12,11,2,3,24,21,23,1
187;30;13051;2205;5,18,11,28,6,17,22,12,4,26,3,15,20,19,16,10,27,7,1,14,2,25,13,29,0,8,23,21,9,24
188;36;15661;2660;16,17,26,10,4,20,7,22,6,19,3,21,25,27,1,8,5,18,13,29,12,9,11,14,23,28,2,0,15,24
189;31;13486;2267;3,10,13,20,16,14,19,4,7,29,11,26,28,5,9,18,21,8,12,25,22,27,6,23,17,1,2,0,15,24
190;36;15661;2618;3,0,1,8,11,18,12,24,15,25,21,13,27,14,29,9,16,10,23,28,7,5,4,19,2,20,6,22,26,17
191;27;11746;1955;18,20,12,29,7,16,19,11,13,14,21,22,28,5,9,23,3,8,17,25,6,27,4,1,26,10,24,15,0,2
192;38;16531;2752;20,18,12,16,10,3,7,11,4,19,15,22,5,28,17,1,21,9,0,8,26,25,24,23,6,27,2,29,14,13
193;27;11746;1970;3,29,14,20,10,16,7,13,2,19,28,22,25,8,0,5,21,15,27,9,26,1,24,23,6,17,11,12,18,4
194;29;12616;2120;29,10,3,14,7,19,16,13,4,20,18,12,25,1,8,5,17,9,27,21,26,28,22,23,11,6,15,2,0,24
195;26;11311;1903;22,6,0,28,11,4,18,15,12,5,27,13,8,10,25,29,26,19,2,7,3,14,20,16,1,17,24,23,21,9
196;29;12616;2113;4,17,23,5,22,9,26,21,6,28,14,15,20,19,16,29,25,7,1,10,2,27,13,3,0,8,12,11,18,24
197;28;12181;2046;27,18,4,14,11,2,13,24,12,29,0,1,8,9,3,5,16,10,15,7,23,28,21,19,25,20,22,17,26,6
198;23;10006;1687;14,4,0,29,12,2,11,15,10,18,28,22,8,25,1,5,3,21,27,23,26,9,24,17,6,13,20,7,19,16
199;32;13921;2347;2,17,26,7,0,20,16,22,15,19,14,21,28,5,9,13,10,25,29,8,1,27,4,3,23,18,6,12,11,24
200;29;12616;2149;5,19,16,28,29,14,27,20,7,10,23,22,8,25,17,9,3,11,21,12,6,1,24,18,26,4,15,13,0,2
201;34;14791;2509;1,18,8,28,12,5,11,25,4,9,10,15,19,20,16,7,23,14,3,29,2,27,13,21,0,17,24,22,26,6
202;22;9571;1789;29,28,2,19,9,27,23,13,7,21,5,12,0,20,15,16,25,17,14,26,18,8,6,22,11,1,4,3,10,24
203;26;11311;3844;28,23,1,5,14,9,29,2,21,27,25,15,10,19,16,3,26,20,8,4,24,7,6,17,0,22,12,11,18,13
204;27;11746;3950;7,12,10,2,0,11,15,4,24,18,29,23,5,28,9,14,27,26,19,20,22,16,6,17,21,8,1,25,3,13
205;25;10876;3617;29,10,7,14,0,19,16,2,15,20,28,21,8,25,9,5,3,26,27,22,1,6,24,17,23,13,11,12,18,4
206;32;13921;2397;3,7,4,14,19,10,29,24,2,13,1,22,21,23,17,25,5,9,27,28,6,8,12,11,26,18,0,20,15,16
207;23;10006;1691;20,24,11,7,22,18,26,12,6,17,9,1,21,27,8,23,16,2,28,29,15,5,0,14,25,19,3,4,10,13
208;27;11746;1973;17,23,26,3,1,9,25,22,21,8,28,15,14,20,16,27,13,10,5,19,2,29,4,7,0,6,12,11,18,24
209;25;10876;1874;14,2,10,5,7,27,28,4,13,29,12,15,3,21,16,11,8,23,18,1,20,19,17,25,0,9,24,22,26,6
210;27;11746;2036;27,1,23,28,8,9,25,21,26,5,14,12,7,19,18,29,3,10,2,16,4,13,24,20,11,17,6,0,15,22
211;24;10441;1819;2,8,25,18,27,11,29,1,14,12,10,15,16,20,4,19,26,17,3,21,6,7,24,23,0,22,28,9,5,13
212;24;10441;1804;21,5,6,23,26,28,17,4,22,9,25,15,14,29,16,1,10,20,8,19,2,27,13,7,0,3,11,12,18,24
213;33;14356;2457;21,18,11,28,0,23,5,12,15,9,25,13,14,29,3,1,20,10,8,19,7,27,24,16,2,4,6,26,22,17
214;34;14791;2564;17,10,4,16,7,3,19,6,13,20,21,12,27,9,28,29,26,8,23,25,5,14,18,1,11,22,2,15,0,24
215;38;16531;2783;27,9,23,25,26,28,8,21,22,5,29,15,16,19,20,13,17,7,14,10,2,3,24,4,0,6,11,12,18,1
216;35;15226;2555;2,16,0,3,17,19,10,15,20,7,28,22,23,25,8,9,29,1,5,21,11,27,12,18,26,14,24,6,4,13
217;32;13921;2419;27,23,21,5,8,9,25,1,24,28,13,16,19,29,14,7,18,2,3,11,0,10,15,12,20,4,6,22,17,26
218;31;13486;2254;9,26,6,16,23,17,21,4,22,20,7,12,29,27,14,10,3,5,19,8,18,28,13,25,11,1,2,15,0,24
219;26;11311;1924;7,16,0,10,14,20,29,15,2,19,28,25,9,23,21,5,3,26,27,22,1,17,24,6,8,13,11,12,18,4
220;31;13486;2271;14,19,16,8,10,1,3,20,7,25,23,12,17,26,22,4,29,15,21,0,6,18,13,2,11,27,5,28,9,24
221;27;11746;1978;29,18,11,19,17,2,20,12,13,7,14,21,3,0,15,10,5,25,16,8,23,27,4,9,1,28,6,26,22,24
222;33;14356;2409;28,12,2,5,29,11,27,13,14,18,3,15,1,21,4,25,26,23,10,9,6,8,24,22,0,17,20,19,16,7
223;33;14356;2451;2,16,0,7,11,20,18,15,12,19,5,26,1,25,8,9,29,23,28,21,22,14,6,27,17,13,4,10,3,24
224;26;11311;1903;2,17,26,19,0,20,7,22,15,16,21,12,8,25,1,9,28,14,23,29,18,27,13,5,11,3,6,4,10,24
225;30;13051;2198;27,21,1,28,9,25,8,24,23,5,29,0,2,16,18,13,3,20,14,19,12,7,11,10,15,4,6,17,26,22
226;32;13921;2336;3,4,6,16,7,10,19,24,13,20,5,26,8,25,1,9,11,23,28,21,17,18,15,0,22,12,27,14,29,2
227;32;13921;2322;1,18,11,3,26,25,17,12,22,8,23,15,27,20,16,21,5,19,9,29,2,28,7,14,0,10,4,6,13,24
228;29;12616;2120;9,22,6,21,0,26,17,4,15,23,25,16,3,10,19,1,28,29,8,7,14,27,13,2,20,5,11,12,18,24
229;28;12181;2034;3,7,4,14,19,10,29,24,2,13,21,8,9,28,1,23,11,22,27,5,26,18,6,17,25,12,20,0,15,16
230;30;13051;2188;3,0,15,10,17,16,7,2,20,19,21,1,27,9,8,29,26,5,23,28,11,14,12,18,25,22,13,6,4,24
231;28;12181;2027;5,23,6,28,26,21,22,24,17,9,10,12,25,8,1,3,7,27,4,29,18,19,2,14,11,13,16,0,15,20
232;28;12181;2032;29,7,13,14,20,10,16,24,4,19,2,12,25,1,18,27,28,23,3,21,15,8,0,9,11,5,6,22,26,17
233;29;12616;2102;27,28,22,1,9,5,8,6,26,25,10,15,18,11,12,14,7,16,4,19,2,29,13,20,0,3,24,21,17,23
234;31;13486;2286;5,22,6,28,23,26,21,24,17,9,25,12,3,27,18,1,19,2,8,29,4,14,13,10,11,7,0,16,20,15
235;29;12616;2113;2,18,11,27,5,14,28,12,13,29,8,6,10,26,22,3,7,17,25,20,0,19,15,16,4,24,21,23,9,1
236;27;11746;2084;29,10,3,14,7,19,16,13,4,20,21,11,25,8,18,1,17,5,27,9,26,23,22,28,12,6,24,15,0,2
237;35;15226;2586;27,12,23,5,9,11,28,21,1,18,4,15,29,14,13,10,17,16,3,19,0,7,24,20,2,6,22,26,8,25
238;23;10006;1686;16,22,6,20,0,26,2,4,15,17,29,25,27,23,21,14,7,9,19,28,1,10,3,5,8,13,12,11,18,24
239;29;12616;2112;5,18,12,9,21,25,23,11,1,8,27,6,29,14,16,2,26,19,28,7,20,22,4,10,13,17,15,0,3,24
240;26;11311;1921;27,18,0,28,11,5,25,15,12,8,14,22,20,19,17,16,3,7,29,10,6,13,24,4,26,2,23,21,1,9
241;30;13051;2200;28,6,9,5,0,22,17,23,15,26,25,16,3,10,19,1,21,29,8,7,14,27,13,2,20,4,11,12,18,24
242;25;10876;1896;7,22,6,19,17,4,20,24,26,10,23,15,16,27,2,21,5,18,9,29,12,28,11,14,0,13,1,25,8,3
243;30;13051;2200;27,13,4,14,12,18,11,6,2,29,10,26,28,8,9,7,3,21,19,25,23,5,17,1,22,20,15,0,16,24
244;35;15226;2555;27,8,26,28,5,23,9,22,25,21,29,15,16,19,20,13,17,7,14,10,2,3,24,4,0,6,12,11,18,1
245;27;11746;2035;27,11,26,5,9,18,8,22,12,28,6,15,4,10,20,3,29,16,17,19,2,13,24,7,0,14,21,1,25,23
246;24;10441;1837;10,4,15,7,23,9,21,0,24,28,13,12,25,8,1,5,19,27,3,14,18,16,2,29,11,20,17,22,26,6
247;29;12616;2165;9,20,4,21,22,17,26,13,6,23,19,12,8,25,1,10,5,27,7,29,18,3,2,14,11,28,15,0,16,24
248;25;10876;1877;18,2,0,29,13,12,14,15,16,11,5,21,9,8,25,28,3,22,27,26,1,17,4,6,23,10,7,20,19,24
249;32;13921;2380;18,22,11,4,15,26,0,12,6,17,5,14,20,19,16,27,25,7,28,10,29,8,13,3,2,1,21,23,9,24
250;26;11311;1988;8,20,26,25,10,19,3,17,16,7,6,11,9,28,23,1,13,5,22,14,12,27,18,29,21,2,24,15,0,4
251;25;10876;1881;22,0,6,28,23,5,21,4,15,9,17,14,25,10,3,8,7,20,26,19,16,27,13,29,1,2,11,12,18,24
252;28;12181;2141;3,8,25,28,21,5,23,1,27,9,0,6,10,7,26,16,12,17,15,20,4,19,24,11,22,18,13,14,29,2
253;33;14356;2393;18,22,12,16,4,26,17,11,6,20,7,3,29,27,14,10,9,25,19,8,1,28,21,5,13,23,15,0,2,24
254;27;11746;1968;19,14,16,29,5,25,27,20,1,8,10,15,2,13,4,7,12,22,3,26,6,18,24,17,0,11,23,9,28,21
255;31;13486;2257;2,16,0,29,7,20,19,15,13,14,21,22,25,9,8,23,17,28,27,5,11,1,12,18,26,6,4,10,3,24
256;25;10876;1831;8,1,3,27,23,25,14,13,21,29,5,12,20,17,18,28,7,22,9,26,6,19,4,10,11,24,15,0,16,2
257;33;14356;2404;4,17,22,10,16,26,19,6,20,7,14,12,5,8,25,27,3,23,29,9,18,28,1,21,11,13,2,15,0,24
258;28;12181;2045;20,2,3,16,7,29,19,13,10,14,28,15,25,8,22,5,21,26,27,9,6,1,24,23,0,17,11,12,18,4
259;36;15661;2620;23,22,15,9,17,26,5,0,6,28,8,1,14,16,20,27,2,10,21,19,3,29,13,7,25,4,12,11,18,24
260;28;12181;2041;2,12,4,16,17,11,20,24,6,18,29,23,8,25,1,27,19,3,14,5,9,10,13,28,21,7,15,26,22,0
261;29;12616;2101;23,22,6,9,5,26,28,4,18,17,25,20,27,29,14,1,3,19,8,10,16,21,24,7,2,13,11,15,0,12
262;32;13921;2317;28,26,22,5,25,17,8,6,1,9,16,12,10,3,4,19,27,14,20,29,18,7,13,2,11,24,15,21,0,23
263;32;13921;2327;7,29,27,20,0,14,16,2,15,19,3,11,25,8,18,1,26,5,10,28,4,9,6,22,12,17,24,23,21,13
264;23;10006;1671;17,6,15,26,11,4,18,0,12,22,16,21,29,27,14,19,28,25,20,8,1,10,3,9,23,5,13,7,2,24
265;29;12616;2106;27,23,26,5,25,9,8,22,21,28,29,15,2,19,16,13,17,20,14,7,24,3,4,10,0,6,12,11,18,1
266;35;15226;2524;5,17,22,28,23,26,21,6,20,9,25,12,3,27,18,1,19,2,8,29,4,14,13,10,11,7,15,0,16,24
267;36;15661;2628;10,12,4,7,18,9,5,24,11,28,25,21,20,19,16,1,3,14,8,29,0,27,15,2,23,13,22,26,17,6
268;27;11746;1963;23,0,20,21,3,16,7,17,15,19,14,8,9,28,5,1,2,11,29,18,26,27,22,12,25,13,6,4,10,24
269;27;11746;2035;5,13,4,16,18,29,27,6,2,14,19,26,21,1,23,20,7,8,10,25,22,3,24,9,17,28,11,15,0,12
270;26;11311;1963;18,14,12,7,16,29,20,11,13,19,5,22,9,23,8,28,3,25,27,21,6,17,4,1,26,10,24,0,15,2
271;28;12181;2089;10,26,7,21,17,28,23,24,22,9,8,12,29,14,2,27,16,1,5,25,18,19,13,3,11,20,4,0,15,6
272;27;11746;2028;4,19,16,14,27,7,29,20,2,10,13,12,0,17,15,18,25,22,5,26,6,3,24,8,11,1,21,23,9,28
273;30;13051;2239;5,2,15,14,25,27,1,0,8,29,23,12,17,20,18,16,9,10,21,19,4,3,24,7,11,28,6,22,26,13
274;25;10876;1874;7,16,20,14,15,19,2,13,0,29,17,22,23,25,8,21,3,9,27,28,6,1,4,5,26,10,11,12,18,24
275;26;11311;1941;22,2,0,26,19,16,20,15,7,17,14,21,27,28,9,11,3,8,29,5,25,12,1,18,23,13,6,4,10,24
276;24;10441;1800;10,17,26,7,4,20,16,22,6,19,9,12,23,21,5,8,29,1,28,25,18,27,13,3,11,14,2,15,0,24
277;27;11746;2022;7,2,0,19,14,16,29,15,13,20,5,21,9,8,25,28,10,22,27,26,1,3,6,17,23,4,18,12,11,24
278;31;13486;2314;14,15,2,29,19,0,20,4,10,16,21,11,9,28,18,23,1,5,27,8,22,25,6,26,12,17,24,3,13,7
279;31;13486;2322;10,22,4,19,20,26,16,6,17,7,12,21,3,9,25,18,29,8,11,5,1,28,13,27,23,14,2,15,0,24
280;28;12181;2426;27,1,23,28,5,25,9,21,18,8,14,22,20,13,17,16,3,4,29,10,6,19,24,7,26,2,0,11,12,15
281;28;12181;2142;2,14,16,7,3,29,10,20,13,19,28,22,9,23,17,5,15,8,27,25,26,21,24,1,6,0,11,12,18,4
282;34;14791;2523;21,8,25,17,22,9,26,1,24,23,10,13,19,16,20,28,27,14,3,29,11,5,12,18,7,2,4,15,0,6
283;26;11311;1935;29,10,3,14,16,7,20,13,4,19,1,26,8,21,23,25,12,9,27,28,22,5,6,11,17,18,24,0,15,2
284;36;15661;2678;28,21,15,5,9,1,8,0,23,25,14,12,2,19,7,29,20,10,27,3,18,16,4,13,11,24,6,22,26,17
285;30;13051;2234;10,26,22,3,1,17,25,6,4,8,5,15,18,11,12,27,19,14,28,29,0,7,13,16,2,20,21,9,23,24
286;36;15661;2667;5,13,4,28,14,2,29,6,10,27,26,0,23,21,11,9,17,18,22,1,12,8,24,25,15,3,20,16,19,7
287;27;11746;2025;29,10,3,14,16,7,20,13,4,19,21,25,28,5,9,23,17,12,27,11,8,18,22,26,1,6,15,0,2,24
288;30;13051;2237;7,4,15,13,11,2,12,0,24,18,16,23,14,5,28,19,10,8,20,27,21,29,1,25,9,3,22,17,26,6
289;31;13486;2308;18,3,4,28,8,10,27,6,25,5,14,15,16,20,11,2,7,17,29,26,12,19,24,22,0,13,21,23,9,1
290;24;10441;1812;25,22,3,8,28,26,9,13,6,5,12,0,23,21,2,11,1,14,18,29,16,27,20,19,15,17,4,7,10,24
291;32;13921;2347;3,8,25,5,2,27,29,1,13,14,9,0,23,4,18,21,19,17,28,16,11,10,12,20,15,7,6,22,26,24
292;29;12616;2128;3,10,13,29,19,20,16,4,7,14,28,22,12,9,11,5,21,8,27,25,26,18,17,23,6,1,24,15,0,2
293;30;13051;2192;14,2,0,29,7,16,19,15,13,20,28,26,18,12,11,9,21,8,5,25,22,23,6,1,17,27,4,3,10,24
294;29;12616;2118;27,23,21,28,5,25,9,1,18,8,14,6,20,17,26,16,3,13,29,7,4,19,24,10,22,2,0,12,11,15
295;27;11746;1969;17,18,12,16,7,10,19,11,4,20,14,22,5,9,8,27,13,25,29,23,1,28,6,21,26,3,2,15,0,24
296;25;10876;1818;25,17,15,8,22,23,26,0,6,9,21,13,14,16,29,3,28,10,1,19,7,27,4,20,2,5,12,11,18,24
297;29;12616;2130;18,7,13,14,16,19,20,24,2,29,4,26,21,23,25,3,27,9,10,28,8,1,6,5,22,17,11,0,15,12
298;22;9571;1657;18,17,11,3,21,1,23,12,20,25,19,4,2,27,7,29,26,28,14,5,13,8,6,9,10,22,15,0,16,24
299;28;12181;2082;3,7,10,21,20,19,23,4,17,16,28,12,5,0,15,8,14,2,9,27,18,25,13,29,11,1,6,22,26,24
300;30;13051;2204;27,10,4,3,19,7,29,6,13,2,5,12,26,9,23,22,15,21,28,8,18,17,1,25,11,0,24,16,14,20
301;36;15661;2618;9,1,23,3,26,25,17,21,22,8,7,12,27,29,18,19,28,2,10,16,0,20,15,14,11,5,24,4,13,6
302;33;14356;2478;22,9,23,29,5,28,14,21,13,27,26,15,20,19,16,17,1,7,8,10,2,25,24,3,0,4,11,12,18,6
303;30;13051;2254;2,17,26,19,0,20,7,22,15,16,14,12,28,9,5,27,3,21,29,23,18,8,1,25,11,13,6,4,10,24
304;39;16966;5349;28,8,25,5,17,9,23,1,26,21,14,13,29,11,12,16,3,18,27,19,7,20,24,10,2,4,6,15,0,22
305;36;15661;5032;2,18,12,29,19,20,16,11,7,14,28,22,25,9,8,5,15,23,27,21,26,1,24,17,6,0,4,3,10,13
306;32;13921;4588;7,9,23,17,22,28,26,21,6,5,25,12,27,29,2,1,16,14,8,3,18,19,4,10,11,20,13,0,15,24
307;32;13921;4764;27,18,11,22,8,5,26,12,9,28,29,15,16,19,20,13,17,7,14,10,2,3,24,4,0,6,1,21,23,25
308;30;13051;4332;3,18,11,19,20,4,16,12,17,10,25,22,14,29,26,8,2,5,1,27,13,9,24,28,6,7,15,23,21,0
309;34;14791;3866;29,9,5,27,23,28,25,14,21,8,22,15,20,19,16,17,13,4,26,10,6,3,24,7,0,2,11,12,18,1
310;27;11746;3883;9,18,11,10,13,5,7,12,4,28,2,15,14,21,16,29,8,23,27,1,20,19,17,25,0,3,24,22,26,6
311;29;12616;2148;10,26,22,19,20,17,16,6,4,7,21,12,8,25,1,9,3,5,23,27,18,28,14,29,11,13,2,15,0,24
312;32;13921;2329;2,20,0,7,4,16,10,15,24,19,9,1,21,27,8,23,11,14,28,29,3,5,13,18,25,12,22,26,17,6
313;26;11311;1901;7,22,13,2,15,26,0,24,6,17,5,1,8,27,21,9,20,16,28,29,14,23,3,19,25,10,12,11,18,4
314;34;14791;2882;2,18,12,29,19,20,16,11,7,14,15,26,21,8,23,1,27,9,0,5,22,25,6,28,17,24,3,4,10,13
315;30;13051;2217;3,23,21,9,26,25,17,1,22,8,10,12,5,27,18,28,16,29,4,14,2,19,13,7,11,20,24,0,15,6
316;31;13486;2264;19,27,29,20,8,5,28,14,25,16,15,12,17,26,18,2,10,22,0,13,6,7,24,4,11,3,9,21,23,1
317;41;17836;2977;9,18,11,17,22,5,26,12,6,28,25,15,23,21,27,1,19,29,8,14,2,3,13,16,0,20,24,10,7,4
318;22;9571;1614;2,20,7,29,3,19,14,13,10,16,15,26,1,25,8,5,27,9,0,23,22,28,6,21,24,17,11,12,18,4
319;33;14356;2412;10,20,0,7,17,16,26,15,24,19,14,12,21,9,23,29,13,5,2,28,18,27,6,22,11,4,1,25,8,3
320;32;13921;2368;3,25,1,21,17,8,23,24,26,9,27,0,19,7,20,29,28,12,10,11,15,14,2,18,16,5,6,4,13,22
321;31;13486;2274;0,22,6,15,11,26,18,4,12,17,5,16,7,10,19,27,25,29,28,2,14,8,13,3,20,1,21,23,9,24
322;35;15226;2561;3,10,7,20,14,19,29,13,4,16,27,15,21,9,23,28,1,26,2,8,22,5,6,25,0,17,11,12,18,24
323;28;12181;2047;27,14,28,20,16,10,19,5,7,29,26,23,9,25,1,8,11,4,22,3,6,17,24,18,21,12,15,0,2,13
324;30;13051;2221;9,17,26,8,1,23,25,22,6,21,10,15,19,7,16,20,28,13,3,29,2,27,24,14,0,5,18,12,11,4
325;28;12181;2050;10,5,28,7,4,22,17,9,6,26,19,21,14,29,27,16,3,2,20,25,0,8,15,1,23,13,11,12,18,24
326;28;12181;2044;28,11,0,5,18,23,21,15,12,9,14,22,16,19,20,4,3,17,29,7,26,10,24,13,6,2,1,25,8,27
327;26;11311;1894;3,15,10,7,20,0,16,4,17,19,28,12,26,8,22,5,25,2,9,27,18,14,13,29,11,1,24,23,21,6
328;32;13921;2338;16,0,12,27,2,18,29,11,15,14,8,6,28,17,26,5,19,10,25,3,4,9,24,7,22,20,23,1,21,13
329;27;11746;1972;7,22,4,18,12,26,11,13,6,17,16,1,29,14,21,19,28,23,20,27,25,10,8,9,3,5,2,15,0,24
330;26;11311;1899;18,14,11,23,17,29,21,12,2,27,7,6,28,5,13,10,25,26,19,9,22,3,24,8,4,1,0,20,16,15
331;28;12181;2048;3,21,15,8,23,1,9,0,24,25,28,12,2,29,18,27,16,10,5,7,4,14,13,19,11,20,6,22,26,17
332;27;11746;1977;3,7,13,29,20,10,19,4,16,14,21,12,28,9,5,23,26,8,27,25,11,1,6,22,18,17,24,15,0,2
333;31;13486;2259;3,18,12,16,10,7,19,11,4,20,28,25,6,22,26,5,15,9,27,23,1,17,24,21,8,0,13,14,29,2
334;23;10006;1676;5,18,6,28,11,22,17,4,12,26,10,15,19,20,16,3,25,14,7,29,2,1,13,27,0,8,24,23,21,9
335;31;13486;2283;3,25,15,17,26,8,22,0,1,6,5,12,14,29,16,27,7,20,28,19,18,2,4,10,11,13,21,23,9,24
336;27;11746;1968;7,18,10,19,11,3,20,4,12,17,1,23,29,14,27,25,26,9,2,5,13,8,22,28,21,6,15,0,16,24
337;23;10006;1671;16,13,4,27,2,5,29,6,18,14,19,17,22,8,26,7,3,9,10,25,23,28,24,21,20,1,11,0,15,12
338;29;12616;2110;7,29,14,8,5,27,28,2,13,9,21,0,17,20,11,1,19,18,23,16,12,25,4,3,15,10,6,22,26,24
339;30;13051;2185;17,10,3,29,19,16,20,13,7,14,15,12,1,25,18,5,26,9,0,8,23,28,21,27,11,22,6,4,2,24
340;25;10876;1833;27,18,11,5,9,21,23,12,1,28,0,13,10,14,29,4,17,19,15,16,7,3,24,20,2,6,26,8,25,22
341;26;11311;1890;3,0,21,8,27,1,16,23,15,25,9,22,20,7,17,28,12,4,5,10,6,19,24,11,26,18,13,29,14,2
342;24;10441;1761;17,4,6,7,16,10,20,24,2,19,14,23,28,8,9,27,18,1,29,25,26,5,22,3,21,13,11,0,15,12
343;24;10441;1757;29,4,3,14,16,10,19,13,7,20,17,12,8,5,25,26,22,23,27,9,18,28,1,21,11,6,24,15,0,2
344;37;16096;2686;27,9,23,8,1,28,25,21,6,5,29,13,19,16,20,10,0,17,14,26,7,3,24,22,2,15,12,11,18,4
345;22;9571;1606;17,26,22,25,1,28,8,6,9,5,16,12,14,29,13,19,10,2,20,27,18,3,24,7,11,4,0,21,23,15
346;30;13051;2177;27,18,11,22,8,5,26,12,9,28,6,15,20,19,16,4,29,7,17,10,2,3,24,13,0,14,1,21,23,25
347;28;12181;2034;27,2,28,16,19,14,20,5,7,29,26,12,8,25,1,17,15,23,22,9,18,3,24,21,11,0,6,4,10,13
348;32;13921;2324;14,21,15,29,9,5,28,0,23,27,19,12,26,8,17,20,10,25,16,1,18,7,24,3,11,4,6,13,22,2
349;28;12181;2033;29,27,8,14,23,5,9,25,21,28,0,22,20,19,17,16,3,7,15,10,6,2,24,4,26,13,12,11,18,1
350;31;13486;2254;7,18,12,10,14,20,29,11,16,19,28,22,9,25,8,5,3,23,27,21,26,1,24,17,6,13,2,15,0,4
351;25;10876;1822;5,21,0,8,3,23,25,15,1,9,29,11,7,19,18,2,22,10,27,20,4,28,6,17,12,26,13,14,16,24
352;31;13486;2254;27,26,22,28,9,8,25,6,17,5,20,15,16,29,14,19,4,12,7,11,2,10,13,18,0,3,24,21,1,23
353;39;16966;2844;2,4,12,14,10,18,3,11,13,29,28,22,21,9,23,5,15,8,27,25,26,1,24,17,6,0,20,19,16,7
354;24;10441;1747;18,9,28,27,25,23,8,5,1,21,11,26,20,16,0,7,29,15,12,2,22,19,24,13,17,14,6,4,10,3
355;26;11311;1888;22,17,11,26,7,20,19,12,24,16,15,21,28,5,9,18,3,1,0,8,6,27,4,25,23,10,2,14,29,13
356;28;12181;2053;3,21,15,8,23,1,9,0,24,25,28,4,18,11,12,27,16,7,5,29,10,14,13,19,2,20,22,17,26,6
357;30;13051;2178;10,0,2,4,20,7,16,24,15,19,29,12,5,8,25,27,21,1,14,9,18,28,13,3,11,23,6,22,26,17
358;30;13051;2201;20,7,10,14,27,19,29,4,2,16,8,15,26,17,22,25,5,12,1,11,6,3,24,18,0,13,23,28,9,21
359;22;9571;1604;18,4,11,26,10,6,17,12,24,22,13,21,9,8,25,28,15,27,3,29,1,5,2,14,23,0,16,19,7,20
360;33;14356;2393;2,14,12,7,29,16,19,11,18,20,28,21,25,8,9,5,15,26,27,22,23,6,24,17,1,0,3,4,10,13
361;33;14356;2390;16,17,13,19,3,20,10,6,4,7,26,21,29,27,14,8,15,9,22,28,23,25,2,5,1,0,12,11,18,24
362;30;13051;2193;1,9,28,25,26,23,8,5,22,21,2,12,29,16,14,7,20,13,27,10,18,19,4,3,11,17,24,15,0,6
363;25;10876;1826;10,14,2,3,25,29,8,13,1,27,16,15,18,11,12,20,28,22,19,17,6,7,24,26,0,5,4,23,9,21
364;30;13051;2183;2,14,16,3,29,19,10,20,13,7,15,26,25,8,23,1,5,9,0,21,22,27,24,28,17,6,11,12,18,4
365;30;13051;2185;1,9,23,25,26,28,8,21,22,5,3,15,29,7,14,13,4,16,27,19,0,10,24,20,2,17,11,12,18,6
366;27;11746;1957;23,18,12,27,14,1,29,11,13,21,28,22,8,25,17,9,19,4,5,10,6,3,24,7,26,20,15,0,16,2
367;28;12181;2022;5,18,11,28,17,21,23,12,4,9,25,10,20,16,19,1,0,14,8,29,7,27,13,2,3,15,24,26,22,6
368;32;13921;2316;3,9,21,1,5,28,8,23,27,25,7,12,0,15,18,19,26,4,10,20,24,16,6,17,11,22,13,14,29,2
369;28;12181;2035;5,18,11,28,6,17,22,12,4,26,0,13,16,19,10,20,25,29,15,14,3,1,2,27,7,8,24,23,21,9
370;32;13921;2329;5,18,11,14,8,2,27,12,25,29,23,22,0,15,17,16,7,4,9,20,6,19,24,10,26,28,21,13,3,1
371;30;13051;2173;8,22,13,25,17,26,3,24,6,1,7,21,27,29,2,9,5,14,10,19,15,28,0,16,23,20,12,11,18,4
372;37;16096;2693;20,0,16,7,2,29,13,14,15,19,5,23,25,8,9,28,10,26,27,1,22,3,6,17,21,4,11,12,18,24
373;28;12181;2039;3,1,15,9,23,25,21,0,24,8,28,12,7,10,4,27,16,29,5,19,18,2,13,14,11,20,22,17,26,6
374;31;13486;2253;2,10,4,16,0,7,20,24,15,19,21,12,3,25,1,9,29,5,23,8,18,28,13,27,11,14,22,26,17,6
375;26;11311;1905;2,16,0,17,7,19,10,15,20,3,23,12,9,28,5,14,26,8,21,27,18,29,1,25,11,22,13,6,4,24
376;29;12616;2141;18,6,0,17,26,12,22,15,24,11,23,2,20,19,10,21,28,29,9,16,7,27,13,14,4,5,1,8,25,3
377;32;13921;2351;3,20,4,7,16,17,19,6,24,10,26,12,8,25,5,28,1,27,22,14,18,9,2,29,11,13,15,21,23,0
378;27;11746;1980;29,10,3,14,16,7,20,13,4,19,12,26,21,23,25,11,27,9,18,28,8,1,6,5,22,17,15,0,2,24
379;32;13921;2406;17,0,15,3,10,16,19,2,7,20,14,12,21,23,5,27,26,25,29,9,18,28,1,8,11,22,6,4,13,24
380;27;11746;1994;7,12,13,2,15,18,0,24,11,4,16,21,3,14,25,19,5,8,20,29,23,10,9,27,1,28,22,26,17,6
381;34;14791;2489;27,18,11,8,23,1,21,12,9,25,29,15,16,19,20,13,17,7,14,10,2,3,24,4,0,6,22,5,28,26
382;29;12616;2117;5,2,0,27,13,16,29,15,6,14,25,26,21,9,23,8,10,20,1,28,17,19,24,7,22,3,12,11,18,4
383;22;9571;1617;5,21,16,3,15,23,1,14,0,25,29,26,13,19,20,2,28,7,27,10,22,8,6,4,17,9,12,11,18,24
384;28;12181;2048;19,22,4,7,26,20,3,6,17,10,0,14,28,8,25,15,29,9,16,27,1,2,21,23,5,13,12,11,18,24
385;26;11311;1920;28,29,2,9,21,14,23,13,27,5,12,0,7,19,16,11,26,20,18,4,24,10,6,17,15,22,3,25,8,1
386;34;14791;2468;29,4,13,14,16,10,19,24,20,7,3,23,28,5,9,27,15,1,2,25,11,8,12,18,21,0,22,26,17,6
387;30;13051;2196;27,1,23,5,8,9,25,21,24,28,29,12,19,7,2,16,3,15,14,0,18,20,4,10,11,13,17,22,26,6
388;25;10876;1818;28,9,26,5,21,8,1,22,23,25,27,12,14,29,16,2,3,20,17,19,18,7,4,10,11,13,24,0,15,6
389;28;12181;2049;19,12,10,28,18,11,5,4,13,7,20,22,9,23,17,0,1,8,16,21,26,15,24,25,6,3,2,14,29,27
390;29;12616;2121;3,16,29,4,7,19,20,14,13,10,1,12,21,23,5,25,26,28,27,9,11,8,6,22,18,17,24,15,0,2
391;30;13051;2187;3,18,4,29,11,10,19,2,12,7,28,15,9,8,23,5,17,26,27,25,22,21,24,1,0,6,16,20,14,13
392;24;10441;1742;7,22,26,21,23,28,9,17,6,5,25,12,20,19,16,1,10,14,8,29,18,3,2,27,11,4,24,0,15,13
393;35;15226;2541;27,8,22,28,9,25,1,6,26,5,0,12,2,7,4,20,14,10,15,19,18,16,13,29,11,3,24,21,17,23
394;30;13051;2191;16,2,0,18,5,14,27,15,13,29,20,11,10,7,4,28,23,22,19,26,6,9,24,17,12,21,1,25,8,3
395;25;10876;1814;16,6,23,20,0,22,17,21,15,26,28,10,8,25,1,7,5,2,9,27,3,19,13,29,4,14,11,12,18,24
396;28;12181;2034;2,4,12,14,10,18,3,11,13,29,15,22,28,9,17,5,25,23,0,21,26,27,24,8,6,1,20,19,7,16
397;29;12616;2412;25,4,21,1,13,10,7,23,6,3,16,26,14,9,8,20,18,28,19,5,17,29,11,27,22,12,2,15,0,24
398;30;13051;2256;10,2,4,27,5,18,14,6,13,29,23,15,22,26,11,9,19,17,21,20,0,28,24,16,12,7,1,25,8,3
399;35;15226;2619;3,13,4,14,7,10,19,24,2,29,12,23,28,5,9,11,17,8,18,22,25,27,1,26,21,6,0,20,16,15
400;35;15226;2602;7,16,0,10,14,20,29,15,2,19,3,26,25,23,8,1,17,9,27,28,22,21,6,5,24,13,12,11,18,4
401;28;12181;2108;16,15,23,20,22,0,26,21,6,17,7,12,10,3,4,14,25,2,19,29,18,1,13,27,11,8,5,9,28,24
402;30;13051;2243;19,9,23,20,17,28,7,21,4,10,14,12,8,25,1,29,0,3,16,5,18,27,13,2,11,15,24,22,26,6
403;23;10006;1746;14,2,0,29,7,16,19,15,13,20,6,23,27,5,28,22,18,1,17,8,9,26,11,25,21,12,4,10,3,24
404;24;10441;1823;20,14,3,16,10,29,7,13,2,19,17,23,22,26,9,28,15,8,27,25,6,5,24,1,21,0,11,12,18,4
405;26;11311;1961;9,8,25,28,27,26,5,1,6,22,0,12,20,3,17,16,23,4,15,10,18,19,24,7,11,21,13,29,14,2
406;31;13486;2321;14,2,0,29,7,16,20,15,13,19,4,23,25,8,1,3,26,28,10,5,9,27,6,22,21,17,12,11,18,24
407;30;13051;2249;11,0,16,12,22,15,26,20,6,17,10,13,18,29,14,19,5,25,4,27,1,7,2,8,3,28,9,23,21,24
408;34;14791;2544;29,2,15,14,8,27,5,0,9,28,19,6,7,11,12,20,3,26,16,17,22,10,24,4,13,18,1,21,23,25
409;30;13051;2979;17,6,22,28,29,14,27,26,13,5,9,0,25,1,3,23,7,20,8,19,16,21,24,10,15,4,12,11,18,2
410;27;11746;3697;3,0,4,20,16,10,19,24,15,7,12,8,21,23,1,11,17,9,18,28,26,27,22,5,25,6,13,14,29,2
411;29;12616;4057;27,8,26,5,23,9,21,22,25,28,3,15,20,19,16,14,4,7,17,10,2,29,24,13,0,6,12,11,18,1
412;37;16096;5437;28,26,22,5,0,17,8,6,15,9,2,12,16,20,18,29,13,10,27,19,4,14,24,7,11,3,1,21,23,25
413;22;9571;3205;2,18,12,16,15,4,0,11,17,20,21,14,3,8,25,9,19,29,23,27,5,10,13,28,1,7,24,22,26,6
414;31;13486;4464;27,25,1,28,21,8,9,24,23,5,12,15,14,29,16,18,3,20,11,19,2,7,4,10,0,13,6,17,26,22
415;27;11746;2135;7,26,22,19,11,17,16,6,12,20,29,5,27,21,23,14,3,8,13,25,9,18,4,1,28,10,2,15,0,24
416;29;12616;2191;3,16,0,7,17,21,19,15,20,23,26,12,8,25,1,9,14,27,22,5,18,28,2,29,11,13,4,6,10,24
417;32;13921;2408;21,16,29,23,0,19,15,14,20,2,10,12,25,8,1,3,7,5,4,9,18,27,24,28,11,13,22,26,17,6
418;31;13486;2356;27,8,26,5,23,25,9,22,21,28,29,15,16,19,20,13,17,7,14,10,2,3,24,4,0,6,12,11,18,1
419;34;14791;2538;7,6,4,26,11,18,17,13,12,22,5,21,20,19,16,9,10,29,28,27,14,8,1,25,23,3,2,0,15,24
420;32;13921;2381;9,15,6,21,26,0,17,4,22,23,16,14,19,10,7,8,5,27,20,3,29,25,13,1,2,28,11,12,18,24
421;31;13486;2321;3,0,10,7,17,16,20,4,15,19,28,12,22,26,1,5,29,25,9,8,18,14,13,27,11,2,6,23,21,24
422;30;13051;2239;23,22,26,25,5,8,28,17,6,9,1,15,14,29,16,27,10,20,21,19,2,3,13,7,0,4,11,12,18,24
423;29;12616;2170;2,0,10,7,15,16,20,4,24,19,14,12,28,9,5,27,3,21,29,23,18,8,1,25,11,13,6,22,26,17
424;29;12616;2162;28,26,22,5,0,17,8,6,15,9,2,12,13,3,18,29,16,10,27,7,4,14,24,19,11,20,1,21,23,25
425;28;12181;2085;18,6,15,5,26,12,17,0,22,11,27,13,8,25,1,29,16,10,2,7,3,14,24,19,4,20,21,23,9,28
426;25;10876;1873;0,26,22,15,21,17,23,6,8,9,16,12,7,28,27,19,4,29,20,14,11,10,18,5,2,13,3,1,25,24
427;32;13921;2377;14,2,0,29,7,16,19,15,13,20,21,26,23,8,9,1,12,28,27,5,22,25,6,11,17,18,4,10,3,24
428;24;10441;1807;10,15,2,19,20,0,16,24,4,7,5,12,27,29,14,9,3,21,28,23,18,8,1,25,11,13,22,26,17,6
429;30;13051;2237;16,17,10,19,22,20,26,4,6,7,9,12,23,27,21,5,3,14,28,29,18,8,1,25,11,13,2,0,15,24
430;26;11311;1945;17,20,3,29,10,16,19,13,7,14,22,23,11,18,12,27,0,25,26,8,9,28,1,5,21,15,6,4,2,24
431;32;13921;2396;3,26,25,21,17,8,23,1,22,9,7,15,16,14,2,19,28,18,10,29,12,20,11,27,0,5,24,4,13,6
432;28;12181;2087;5,21,1,28,9,25,27,3,23,8,10,11,4,20,18,19,29,22,7,17,6,16,13,26,12,14,0,15,2,24
433;24;10441;1799;3,11,26,25,18,17,1,22,12,8,10,6,16,0,15,19,28,14,20,29,2,7,13,27,4,5,21,9,23,24
434;22;9571;1656;16,4,12,20,15,18,0,11,6,17,10,14,25,8,1,3,28,27,19,26,29,7,13,22,2,5,21,23,9,24
435;26;11311;1951;23,11,15,9,5,12,28,0,24,18,25,13,27,2,7,1,16,19,8,29,10,21,4,14,3,20,22,26,17,6
436;30;13051;2237;3,18,11,27,25,5,8,12,1,28,29,15,16,20,2,19,7,17,14,26,4,10,6,22,0,13,24,23,21,9
437;21;9136;1574;16,1,23,19,17,25,7,21,3,20,15,26,29,27,14,2,12,5,0,28,8,18,13,9,22,11,6,4,10,24
438;34;14791;2515;29,7,13,14,20,10,16,24,4,19,27,23,0,8,15,28,18,1,2,25,9,5,12,11,21,3,22,17,26,6
439;29;12616;2150;16,2,0,29,8,5,27,15,25,14,23,6,20,19,10,9,3,7,21,17,22,28,24,26,4,13,12,11,18,1
440;29;12616;2159;4,3,13,9,21,25,23,24,1,8,5,12,14,29,18,27,7,2,28,16,0,10,15,19,11,20,17,26,22,6
441;31;13486;2308;3,10,4,20,0,7,16,2,15,19,14,26,1,21,25,27,17,23,29,9,22,28,6,5,8,13,11,12,18,24
442;30;13051;2228;18,12,0,19,7,11,16,15,2,20,5,22,8,25,17,28,3,23,27,9,6,1,4,21,26,10,14,13,29,24
443;31;13486;2299;2,19,20,29,10,16,3,17,7,14,22,12,21,9,23,28,15,25,26,8,18,27,1,5,11,0,24,4,6,13
444;32;13921;2583;27,18,11,10,4,5,9,12,6,28,21,15,14,29,16,13,26,20,23,19,2,17,24,7,0,22,1,25,8,3
445;27;11746;2026;19,11,17,7,10,12,3,20,4,18,14,25,0,15,21,29,28,23,16,27,8,5,2,9,1,13,6,22,26,24
446;31;13486;2317;16,2,0,18,5,27,14,15,13,29,23,22,12,11,4,9,19,17,21,10,26,28,24,7,6,20,1,25,8,3
447;30;13051;2223;16,26,22,20,12,17,11,6,4,18,21,1,28,5,8,9,29,10,23,19,3,27,13,7,25,14,2,15,0,24
448;23;10006;1727;28,22,6,7,10,26,3,13,4,17,25,16,19,29,14,8,23,2,5,27,0,1,15,21,20,9,12,11,18,24
449;37;16096;2732;27,18,11,29,25,5,8,12,1,14,9,15,17,20,16,23,3,7,28,19,2,21,24,10,0,4,6,22,26,13
450;33;14356;2468;27,26,22,28,25,8,9,6,1,5,29,12,4,10,18,2,3,16,14,19,0,7,15,20,11,13,17,21,23,24
451;23;10006;1732;3,9,25,17,26,23,22,8,1,21,5,15,14,29,16,27,4,20,28,19,2,10,13,7,0,6,12,11,18,24
452;28;12181;2080;5,22,6,28,17,26,23,4,18,9,25,16,3,10,19,1,21,29,8,7,14,27,13,2,20,24,12,0,15,11
453;29;12616;2161;2,14,16,7,3,29,10,20,13,19,1,22,5,28,8,25,15,9,27,23,26,21,24,17,6,0,11,12,18,4
454;23;10006;1738;3,4,0,20,7,10,19,15,24,16,18,11,25,1,8,5,17,9,27,21,26,28,22,23,12,6,13,14,29,2
455;33;14356;2475;23,22,6,9,17,26,5,4,18,28,10,13,19,29,16,7,8,14,21,1,3,27,24,25,20,2,12,15,0,11
456;24;10441;1797;5,26,21,28,15,23,0,24,22,9,25,12,14,29,1,16,10,2,8,27,18,19,13,3,11,7,20,4,17,6
457;33;14356;2475;9,1,23,8,12,25,18,21,11,3,28,15,20,19,16,27,4,14,5,29,2,10,13,7,0,6,22,26,17,24
458;30;13051;2249;14,2,0,29,7,16,19,15,13,20,1,26,21,8,23,25,10,9,3,28,22,27,6,5,17,4,11,12,18,24
459;35;15226;2596;17,23,1,27,26,21,8,24,9,25,4,12,14,29,18,10,0,16,3,19,13,7,2,20,11,15,6,5,28,22
460;32;13921;2379;2,6,23,16,15,17,0,21,4,20,7,22,29,27,14,10,9,8,19,5,26,28,1,25,13,3,11,12,18,24
461;27;11746;2020;27,9,28,1,23,8,21,5,24,25,29,4,19,20,7,2,0,12,14,18,3,16,13,11,10,15,17,22,26,6
462;22;9571;1655;29,2,15,14,23,27,9,0,21,28,12,4,16,19,20,11,22,7,18,17,6,3,24,13,10,26,1,25,8,5
463;27;11746;2009;3,29,27,20,10,14,19,2,7,16,25,23,9,28,17,8,15,26,1,22,11,5,12,18,21,0,24,6,4,13
464;33;14356;2470;3,6,15,1,26,17,8,0,22,25,28,2,14,29,10,27,11,19,5,16,7,18,13,20,4,12,9,23,21,24
465;19;8266;1446;2,5,28,27,25,15,8,9,1,0,14,6,16,19,20,21,11,26,29,7,22,23,24,17,13,12,4,10,3,18
466;29;12616;2165;27,16,0,7,20,14,19,15,2,29,25,11,5,28,18,8,3,22,1,26,6,9,4,17,12,10,24,21,23,13
467;25;10876;1889;28,17,22,5,8,23,9,6,26,21,10,15,19,20,16,7,18,14,4,29,2,27,12,11,0,13,24,1,3,25
468;30;13051;2228;28,6,0,5,25,22,8,15,9,26,20,12,19,10,4,16,2,3,17,7,18,14,13,29,11,27,24,21,23,1
469;28;12181;2094;25,17,10,8,19,3,7,4,20,26,9,12,5,14,18,28,1,29,23,27,13,21,6,2,11,22,15,0,16,24
470;29;12616;2349;2,18,12,29,19,16,20,11,7,14,28,15,25,8,26,5,17,23,27,9,22,1,24,21,0,6,4,10,3,13
471;32;13921;2381;7,5,22,2,14,28,29,6,13,27,8,0,1,21,23,25,10,16,26,19,20,9,17,3,15,4,11,12,18,24
472;28;12181;2034;22,16,20,26,7,19,14,17,13,29,23,12,9,5,1,28,10,25,21,8,18,27,4,3,11,6,2,15,0,24
473;32;13921;2354;9,1,23,3,26,25,22,21,17,8,5,4,29,14,7,27,0,19,28,16,10,2,6,20,13,15,12,11,18,24
474;26;11311;1909;2,20,0,7,4,16,10,15,17,19,5,12,27,29,14,9,3,21,28,23,18,8,1,25,11,13,24,22,26,6
475;25;10876;2310;13,16,0,7,14,20,29,15,2,19,4,22,28,9,5,27,1,8,10,23,26,21,17,25,6,3,11,12,18,24
476;28;12181;2055;3,14,13,7,20,29,19,4,16,10,12,21,17,26,22,11,28,25,18,8,23,5,6,9,1,27,2,15,0,24
477;32;13921;2332;29,5,14,27,9,25,28,2,1,8,19,12,10,3,4,20,26,6,16,13,11,7,24,17,18,22,15,0,21,23
478;31;13486;2241;25,26,22,8,7,17,19,6,24,20,9,12,23,21,18,5,16,2,28,29,15,27,0,14,11,1,4,3,10,13
479;32;13921;2338;14,11,0,29,19,18,20,15,12,16,3,23,25,8,1,17,5,26,13,22,9,27,24,28,21,6,4,7,10,2
480;36;15661;2620;29,16,19,27,8,14,25,20,5,1,12,15,3,10,4,18,23,2,11,7,6,17,24,13,0,21,22,9,28,26
481;31;13486;2261;3,8,25,28,21,5,23,1,27,9,26,0,17,20,11,6,10,16,22,19,12,18,24,7,15,4,13,14,29,2
482;30;13051;2194;21,17,26,19,28,20,9,22,7,23,25,15,11,18,12,27,1,14,8,29,0,5,13,16,2,3,6,4,10,24
483;24;10441;1753;3,26,22,19,10,17,7,6,4,20,9,15,5,16,14,8,21,29,28,27,2,25,13,1,0,23,12,11,18,24
484;29;12616;2124;7,11,13,19,2,18,14,24,12,29,5,26,21,9,23,28,10,8,27,25,22,3,6,1,17,4,0,15,20,16
485;31;13486;2246;28,29,5,19,1,27,25,14,2,8,21,15,18,11,12,23,20,22,9,26,6,16,24,17,0,4,3,10,7,13
486;29;12616;2115;27,21,1,28,9,25,8,24,23,5,29,15,11,18,12,7,3,16,14,20,0,19,4,10,2,13,6,17,26,22
487;32;13921;2329;14,10,3,29,7,19,16,4,13,20,1,23,5,28,9,25,17,18,27,22,11,8,12,26,21,6,0,15,2,24
488;26;11311;1884;2,9,21,29,5,28,14,23,8,27,12,0,26,17,22,11,10,20,18,16,6,7,24,19,15,4,13,3,25,1
489;38;16531;2797;27,18,11,22,8,5,26,12,9,28,29,15,10,7,4,13,17,16,14,19,0,3,24,20,2,6,1,21,23,25
490;37;16096;2694;2,20,0,7,4,16,10,15,24,19,9,1,27,29,14,23,11,25,28,8,3,5,13,18,21,12,22,26,17,6
491;32;13921;2320;23,22,15,9,5,26,28,0,6,17,25,13,20,16,19,1,27,10,8,14,7,21,24,29,3,2,11,12,18,4
492;33;14356;2405;16,17,26,2,4,20,15,22,6,0,7,1,23,9,21,10,29,8,19,27,25,28,13,5,3,14,12,11,18,24
493;32;13921;2323;14,17,26,29,16,13,19,22,20,7,3,1,23,9,21,27,11,8,10,5,25,28,6,18,4,12,24,0,15,2
494;26;11311;1903;7,15,12,19,0,18,16,11,2,20,4,26,21,1,23,3,28,8,10,25,22,27,6,9,17,5,13,14,29,24
495;23;10006;1683;27,25,1,28,21,8,9,24,23,5,14,15,20,19,16,29,12,7,3,10,2,18,13,4,0,11,6,26,17,22
496;30;13051;2177;21,17,11,28,26,23,7,12,22,9,5,0,25,1,20,8,3,14,18,19,16,27,2,29,15,13,24,4,10,6
497;24;10441;1740;3,18,12,7,16,10,20,11,4,19,28,22,23,21,17,9,29,8,5,25,26,27,13,1,6,14,2,0,15,24
498;27;11746;1966;17,0,22,28,8,26,9,6,15,5,16,12,14,29,13,19,2,4,20,10,18,7,24,3,11,27,21,25,1,23
499;37;16096;2676;2,10,4,16,17,7,20,24,6,19,11,1,29,27,5,18,9,25,12,8,3,28,13,21,14,23,15,26,22,0
