0;56;68601;21161;1,35,16,25,26,36,42,4,9,40,47,44,30,12,49,10,23,48,46,5,13,38,43,14,8,41,17,18,39,34,24,27,6,45,21,0,20,28,29,37,31,32,15,11,33,2,7,22,19,3
1;51;62476;16712;9,12,42,28,19,44,25,17,39,37,11,15,30,29,21,20,33,3,22,40,4,47,36,8,18,26,16,13,14,7,34,24,27,1,41,43,31,23,5,35,2,6,38,49,32,0,45,46,10,48
2;55;67376;16388;14,18,28,44,41,27,43,37,5,29,1,8,4,11,13,47,9,40,36,30,24,20,10,26,17,48,3,33,31,22,2,46,23,19,25,34,16,21,12,49,0,39,35,7,6,32,38,42,15,45
3;54;66151;15469;45,23,49,5,44,43,28,38,1,6,41,27,25,35,46,14,18,8,13,29,40,12,4,15,21,19,42,9,16,17,24,11,39,37,33,34,7,48,47,10,0,3,20,31,36,2,22,32,30,26
4;60;73501;17111;44,27,38,37,39,23,6,35,41,11,25,28,45,49,1,18,8,4,34,12,24,21,15,17,16,9,19,40,29,42,46,43,36,47,10,31,13,14,48,20,26,0,7,3,22,2,32,30,5,33
5;49;60026;13841;12,42,21,1,9,17,41,29,11,15,24,16,22,37,25,31,40,3,26,33,30,19,23,48,5,20,39,10,46,34,38,27,28,44,35,0,13,36,4,43,14,49,6,32,2,7,45,8,47,18
6;52;63701;15340;9,25,22,21,15,26,40,36,10,20,31,23,12,3,47,17,43,29,24,19,49,28,1,35,46,44,27,6,45,42,16,7,0,32,2,8,41,33,48,30,39,18,4,13,38,34,14,11,37,5
7;64;78401;18053;37,36,21,29,4,28,25,9,12,40,6,16,47,15,42,14,18,8,7,11,17,41,44,34,24,1,35,39,38,43,49,27,19,45,23,30,32,5,26,33,3,48,10,20,31,22,46,0,13,2
8;81;99226;23144;20,31,19,11,37,29,22,10,5,23,25,33,3,46,48,43,44,41,38,2,34,18,47,30,39,36,14,4,8,13,26,17,40,24,12,16,27,28,35,7,0,15,9,42,49,32,21,45,1,6
9;57;69826;16101;1,48,14,33,37,18,28,24,27,13,8,5,30,11,44,21,40,9,15,35,34,6,43,38,39,41,45,49,0,32,7,2,17,4,22,26,42,29,46,23,47,31,20,10,25,36,3,16,12,19
10;50;61251;14019;37,36,29,48,10,46,25,45,5,23,19,28,47,27,6,22,3,30,26,44,43,41,11,49,35,1,39,38,17,24,34,33,31,20,13,32,42,21,9,18,4,0,8,14,40,7,2,16,15,12
11;66;80851;21022;44,6,12,15,11,16,28,38,1,9,42,27,35,41,45,13,37,21,40,14,32,4,18,0,7,8,43,2,39,34,49,24,29,17,5,19,36,25,3,20,31,48,30,23,33,10,46,47,22,26
12;55;67376;15558;29,14,24,2,0,27,11,38,37,25,45,8,13,17,18,36,30,26,47,39,34,40,9,16,42,4,21,12,15,7,32,44,41,1,6,43,10,5,19,31,20,35,28,3,33,22,49,46,23,48
13;53;64926;15038;40,21,14,1,16,43,12,33,9,4,44,8,15,18,13,49,0,2,42,29,34,41,11,38,39,37,5,30,48,17,24,7,27,32,28,31,35,45,25,23,46,3,26,20,10,19,22,47,6,36
14;60;73501;17024;33,3,5,29,23,46,25,30,20,10,19,31,22,48,12,15,9,21,37,40,16,8,13,47,36,26,4,14,18,43,2,42,49,35,6,32,17,28,41,38,39,45,27,7,1,34,0,24,11,44
15;55;67376;15436;8,37,49,12,4,16,18,40,14,35,42,13,5,43,29,45,6,28,27,15,34,1,9,39,38,21,44,11,41,24,17,25,36,47,26,33,7,23,46,22,2,48,30,20,3,31,10,0,19,32
16;48;58801;13499;24,37,14,27,1,13,38,18,44,41,5,11,29,8,17,23,28,25,19,40,16,9,15,42,12,21,39,4,32,7,34,43,6,45,49,33,46,35,36,20,10,2,22,31,3,48,0,30,47,26
17;54;66151;16180;44,41,15,23,46,21,11,42,28,29,19,27,5,9,1,30,10,48,2,35,34,7,45,38,39,6,32,49,0,24,17,43,37,25,12,8,31,47,26,40,33,14,16,18,22,4,13,3,36,20
18;66;80851;18725;27,41,12,47,36,2,28,42,9,4,25,44,43,16,1,18,8,14,40,6,7,38,49,0,32,35,39,45,17,24,34,11,15,37,26,31,13,21,19,10,48,3,30,20,23,33,22,5,29,46
19;63;77176;17751;44,41,4,8,21,14,15,16,9,40,18,1,28,12,27,29,11,24,17,35,34,6,42,38,39,43,7,49,45,0,32,2,3,22,30,48,47,13,25,23,19,33,20,10,5,46,31,36,37,26
20;55;67376;15563;20,33,26,41,1,47,28,22,11,44,36,37,30,3,31,48,10,5,29,12,17,14,8,24,16,13,43,40,18,4,2,49,6,35,27,32,38,9,15,19,34,42,45,46,23,7,0,39,21,25
21;64;78401;18533;8,5,12,38,37,39,25,16,18,40,34,14,23,4,13,29,11,19,46,48,47,33,2,26,36,30,20,10,31,3,22,21,9,15,42,45,17,28,44,6,35,0,7,27,1,49,32,24,41,43
22;61;74726;24398;31,37,14,4,2,32,18,26,30,8,7,33,15,13,20,42,9,12,16,25,36,5,21,10,47,40,29,23,48,19,46,0,22,3,28,43,38,11,45,1,17,35,6,44,41,24,49,34,27,39
23;54;66151;20671;23,35,3,6,43,14,26,22,10,31,7,25,49,20,36,2,33,32,0,46,17,12,19,42,29,47,9,16,15,21,40,4,8,18,28,45,48,13,5,41,39,1,44,24,11,34,27,38,37,30
24;57;69826;18784;16,35,32,21,15,37,12,2,45,6,7,42,49,0,25,39,3,38,34,47,19,31,36,46,23,26,33,20,10,48,30,4,43,27,14,5,22,28,40,41,17,8,18,44,1,24,13,29,9,11
25;53;64926;16098;22,38,9,8,14,40,3,34,4,12,18,11,2,39,41,47,26,16,36,1,43,35,44,45,27,28,7,6,49,0,32,42,21,15,37,19,31,13,30,5,33,17,29,46,23,48,24,10,25,20
26;62;75951;25164;36,26,31,30,46,5,23,37,10,20,48,47,25,33,19,12,9,4,16,15,0,8,13,32,2,29,18,21,14,7,40,34,11,39,43,24,42,22,28,1,27,17,41,44,6,45,38,49,3,35
27;59;72276;16755;27,45,37,41,1,11,28,21,9,40,44,6,39,15,12,48,30,5,34,38,49,10,23,46,35,25,47,19,36,42,16,24,29,17,43,0,20,13,22,18,31,32,14,4,8,2,7,33,26,3
28;45;55126;19170;44,29,26,9,15,40,41,36,1,25,21,6,11,47,28,48,30,5,38,19,42,20,10,49,35,23,3,46,31,43,22,27,24,45,17,32,13,37,12,4,14,0,39,2,18,7,34,8,33,16
29;57;69826;25296;26,18,46,36,5,25,30,19,10,48,47,8,40,23,13,0,28,2,32,14,7,37,21,22,11,29,33,15,20,3,31,34,38,39,9,42,6,41,1,43,49,4,12,17,35,24,16,45,44,27
30;50;61251;14048;20,23,1,5,41,44,33,9,31,3,28,10,25,27,22,8,14,13,18,11,24,21,15,17,29,37,36,19,40,47,26,48,30,46,35,42,7,6,12,45,32,39,38,49,16,0,34,2,43,4
31;59;72276;16868;19,48,4,40,25,16,23,47,14,18,12,46,43,36,10,35,28,6,49,33,22,34,26,3,20,30,7,31,2,0,32,8,5,13,42,44,45,29,15,1,17,39,9,41,11,24,38,27,21,37
32;57;69826;16031;20,18,13,5,30,44,48,26,3,22,28,33,10,8,31,19,23,46,29,47,43,6,35,7,14,36,45,49,32,0,2,27,41,1,40,38,4,11,37,21,42,17,9,39,15,34,24,16,25,12
33;47;57576;13167;1,45,35,11,5,46,6,43,28,41,48,27,9,49,44,21,29,15,40,42,16,8,14,4,12,13,39,18,30,38,34,33,19,37,23,2,17,25,36,3,7,20,10,0,22,32,31,24,47,26
34;44;53901;12408;26,44,10,21,15,9,47,30,25,36,23,27,8,48,1,14,29,43,7,13,49,41,5,17,35,37,39,11,38,24,34,40,16,12,42,31,6,46,28,4,0,3,20,33,18,2,22,32,19,45
35;57;69826;16218;28,32,8,37,29,2,14,17,5,13,18,0,7,11,6,21,15,9,40,49,45,41,44,43,27,35,39,1,38,24,34,4,3,22,12,31,42,25,19,10,47,33,48,20,36,26,30,16,23,46
36;48;58801;13522;31,30,5,19,46,25,3,10,20,22,23,33,12,48,26,21,15,29,40,13,4,16,47,18,8,36,0,14,2,7,32,43,28,6,35,38,37,42,44,1,24,27,49,39,41,34,45,17,9,11
37;61;74726;17141;13,5,21,31,37,9,20,40,8,33,15,23,14,18,19,32,17,29,7,48,42,10,25,26,30,46,12,47,36,16,4,2,22,3,28,45,24,11,41,35,49,1,44,6,38,0,27,34,43,39
38;55;67376;15746;27,19,49,44,38,43,45,35,6,1,41,28,25,5,23,39,37,11,34,22,47,20,3,36,26,46,33,30,31,10,48,24,0,2,8,7,42,13,9,12,16,14,18,4,40,17,32,15,29,21
39;62;75951;18024;33,23,45,12,22,28,30,6,20,26,3,48,25,31,10,8,18,14,13,36,7,46,19,32,16,47,49,42,35,0,2,43,27,4,1,38,29,5,37,11,24,41,9,39,15,34,44,17,40,21
40;69;84526;34236;28,8,29,5,37,45,41,17,1,11,27,44,13,24,6,47,36,26,4,43,0,33,14,2,32,18,20,7,31,3,22,48,10,30,23,49,40,15,21,38,39,35,19,42,25,34,46,16,9,12
41;60;73501;29149;37,14,9,19,29,16,11,40,15,21,17,13,28,12,8,36,44,47,43,26,22,33,18,3,20,30,4,31,2,34,39,42,35,46,49,32,10,1,24,25,27,7,6,38,23,45,0,48,41,5
42;61;74726;23267;47,22,13,21,40,8,25,30,29,14,18,26,36,5,3,27,28,6,45,19,7,10,20,32,46,23,31,48,33,0,2,16,12,4,15,34,1,37,11,49,38,17,9,39,35,24,42,44,43,41
43;72;88201;25653;3,5,25,33,36,26,31,19,20,10,47,48,22,23,46,29,37,11,17,44,24,35,6,43,41,28,45,1,27,49,38,30,0,2,40,32,14,42,8,12,39,15,9,7,4,34,21,16,13,18
44;47;57576;15885;35,6,36,20,46,33,23,47,25,10,31,49,5,48,43,11,37,41,29,13,38,30,26,34,39,14,7,45,32,0,2,19,22,3,18,40,24,28,1,15,42,12,8,21,9,16,4,17,27,44
45;57;69826;18401;48,36,29,37,25,15,5,40,46,23,21,10,30,19,47,12,42,16,4,20,2,18,33,3,31,26,13,22,8,14,7,17,28,11,44,27,32,9,6,39,45,1,41,38,35,34,24,0,43,49
46;63;77176;20253;41,38,27,37,12,15,11,45,1,28,9,44,35,6,39,17,16,42,24,13,4,2,43,18,8,49,0,14,32,7,34,21,29,40,19,31,36,5,23,33,30,3,46,20,48,26,22,47,25,10
47;53;64926;15324;26,28,20,30,22,33,3,23,25,31,48,47,1,10,36,12,9,16,4,27,32,45,6,0,7,19,46,2,35,49,42,38,44,43,14,34,40,41,29,11,17,8,18,39,37,24,13,21,5,15
48;57;69826;16136;5,19,36,33,37,26,10,13,48,25,30,46,23,47,14,3,31,20,22,18,17,9,15,40,29,8,4,21,12,16,42,7,2,32,27,49,43,28,44,35,39,45,6,38,1,34,0,24,11,41
49;53;64926;14933;23,47,3,28,6,27,20,26,10,22,45,25,19,31,36,48,33,46,30,2,7,9,12,32,0,4,40,15,21,42,16,49,1,35,44,24,37,18,5,13,39,14,8,17,41,34,43,38,29,11
50;54;66151;15540;1,39,23,48,5,10,44,46,27,28,25,41,24,19,38,29,37,11,17,6,34,36,47,49,43,45,16,35,32,0,42,12,15,9,30,3,14,21,13,33,4,22,20,31,40,2,26,18,7,8
51;55;67376;15522;31,26,46,30,25,5,20,19,10,23,48,36,37,33,47,3,11,15,22,21,17,18,8,40,29,13,0,14,2,7,32,24,42,16,6,49,4,28,9,1,39,27,35,38,41,34,45,43,12,44
52;54;66151;15458;8,2,39,12,9,30,13,7,18,4,34,32,5,14,0,16,11,42,17,6,49,1,44,43,35,28,27,41,45,24,38,40,46,48,21,47,22,15,29,10,31,23,25,36,20,26,19,3,37,33
53;59;72276;16838;5,49,30,25,19,38,46,27,48,10,23,35,33,45,6,36,13,37,47,41,24,28,1,26,43,11,20,44,31,3,22,2,32,0,29,15,39,14,18,9,40,42,17,21,12,16,7,34,8,4
54;62;75951;17362;23,48,22,47,25,26,33,3,10,20,36,19,30,31,46,41,44,5,43,1,38,49,35,45,27,28,7,6,32,0,2,42,12,16,4,40,39,14,37,18,24,21,9,29,8,17,15,34,13,11
55;47;57576;13180;44,38,35,23,10,46,11,27,41,48,5,39,30,1,28,47,19,36,26,33,22,43,6,3,20,45,49,31,0,2,34,24,29,17,9,40,13,25,18,12,32,21,15,16,4,7,42,14,37,8
56;61;74726;17290;41,9,24,48,5,17,37,43,11,28,30,44,15,6,1,23,21,25,19,12,16,45,27,42,46,4,39,35,49,38,34,0,7,32,2,3,10,29,8,18,40,20,33,31,14,26,22,47,13,36
57;60;73501;16774;23,30,27,1,38,49,28,45,19,6,35,25,7,46,48,39,11,37,34,47,0,33,10,2,32,36,20,26,31,3,22,43,41,5,12,40,24,44,14,18,15,16,4,9,8,21,42,17,13,29
58;47;57576;13200;5,49,9,37,28,15,11,40,41,1,21,6,35,44,29,36,47,39,34,13,24,18,4,2,17,43,7,8,14,0,32,42,12,16,25,38,22,19,31,46,26,27,23,48,10,30,45,3,33,20
59;57;69826;16164;47,36,5,1,24,27,6,23,43,41,45,49,26,25,35,7,3,22,32,39,34,33,20,2,0,38,10,31,30,48,46,19,44,28,9,16,14,11,13,21,40,12,15,4,29,17,42,18,37,8
60;59;72276;16582;40,9,43,33,20,31,8,46,18,22,3,12,29,14,4,15,37,21,11,39,24,42,16,34,17,35,7,49,32,0,2,47,19,36,25,30,44,6,28,5,45,10,23,48,13,38,26,27,41,1
61;59;72276;16617;22,33,10,19,46,25,5,26,20,48,23,31,37,30,3,32,0,2,7,4,13,15,9,8,14,12,29,18,21,40,17,47,16,36,42,24,43,28,6,44,39,45,1,38,41,34,27,49,11,35
62;47;57576;13358;11,6,38,19,5,25,13,34,37,29,23,28,8,39,41,18,4,14,43,21,45,44,9,27,40,15,7,1,32,24,17,42,12,16,46,36,33,30,10,26,31,0,35,47,3,2,49,22,48,20
63;44;53901;12730;14,30,3,39,34,22,8,20,33,18,2,13,38,31,26,4,49,12,43,35,42,19,23,36,16,25,5,47,10,46,48,40,21,29,28,32,41,37,9,27,24,0,6,45,1,17,7,44,15,11
64;56;68601;15782;13,18,25,5,48,23,30,47,37,26,10,8,33,36,14,3,22,20,31,9,4,15,21,16,12,40,7,42,2,0,32,19,29,46,27,34,43,11,6,1,17,39,45,35,41,24,38,49,28,44
65;51;62476;14631;1,21,4,8,11,14,28,43,44,41,18,15,6,12,9,0,2,7,32,49,24,47,36,17,29,40,35,19,46,42,16,27,37,45,22,31,38,25,13,10,30,20,3,26,48,34,33,39,23,5
66;60;73501;22609;26,28,14,20,33,2,37,8,30,18,31,3,27,13,22,12,40,9,4,1,17,41,44,24,35,11,43,49,38,39,34,0,45,6,5,46,16,29,21,23,19,7,48,10,25,42,32,47,15,36
67;54;66151;17332;19,37,10,3,31,46,26,36,25,23,20,13,33,47,14,2,11,22,24,18,17,9,15,40,29,8,12,21,4,16,42,30,5,48,35,34,44,43,41,6,0,39,49,7,45,32,38,27,28,1
68;46;56351;13529;22,33,1,6,28,27,20,9,3,41,45,31,40,44,2,8,13,18,14,29,24,15,11,0,17,37,39,21,7,32,34,43,12,4,23,36,26,5,25,10,35,47,19,46,48,42,16,49,38,30
69;62;75951;19115;33,3,19,21,15,40,37,10,48,46,9,31,22,23,20,29,18,11,17,4,34,26,12,38,39,25,36,30,47,16,42,2,49,35,28,27,14,5,13,6,0,1,41,45,43,24,44,32,8,7
70;53;64926;16916;12,40,5,9,21,37,25,13,14,23,15,4,16,8,18,46,29,19,42,30,47,33,10,26,36,48,20,2,31,3,22,7,0,32,6,38,17,11,27,41,24,49,45,39,1,34,43,35,28,44
71;44;53901;13869;37,12,19,5,48,23,33,7,25,30,10,15,9,32,21,0,31,2,24,26,16,8,13,47,36,4,29,14,18,40,17,42,20,46,27,38,43,3,11,28,39,49,45,6,1,34,35,44,22,41
72;67;82076;21020;28,19,49,44,41,24,35,45,6,1,43,5,38,27,23,47,13,25,36,0,26,33,48,2,30,46,22,10,20,31,3,32,42,7,11,17,4,37,8,15,16,39,29,21,9,40,34,12,14,18
73;48;58801;15400;18,4,15,6,28,41,11,21,8,44,1,12,22,9,40,31,20,3,33,19,35,17,16,49,46,29,24,42,2,0,32,7,43,14,13,38,48,37,23,25,45,26,36,39,27,34,47,30,5,10
74;51;62476;16867;13,18,11,38,25,24,36,17,37,47,26,8,30,29,14,10,23,5,48,7,34,15,21,40,39,32,4,9,12,16,42,45,1,27,44,49,46,41,22,43,31,6,28,0,3,2,35,33,19,20
75;56;68601;18503;46,25,34,15,21,39,37,22,19,40,9,47,23,42,26,35,18,38,49,20,2,30,48,31,33,3,12,10,36,4,16,7,0,32,6,1,43,8,13,11,17,27,28,44,41,24,45,29,14,5
76;69;84526;22165;25,38,19,10,23,48,49,47,35,46,5,12,41,36,16,33,31,20,22,11,24,9,15,17,29,37,42,21,40,39,34,30,13,26,44,4,27,1,28,7,0,14,8,18,32,2,43,45,3,6
77;72;88201;28507;5,30,29,15,21,37,46,47,23,19,25,48,40,36,10,16,9,12,42,20,3,14,13,31,22,26,8,33,18,2,4,17,11,24,44,38,7,28,45,35,49,41,1,39,6,34,43,32,27,0
78;49;60026;27840;6,49,10,26,5,30,45,23,36,38,48,0,35,25,47,39,41,43,34,19,40,12,9,21,29,46,16,15,42,7,32,17,4,24,13,2,11,27,37,33,22,18,14,31,20,3,8,44,1,28
79;53;64926;21181;42,16,1,35,21,37,29,44,40,11,15,12,49,9,4,0,2,7,32,18,14,38,41,13,8,5,24,43,39,34,17,27,6,28,19,20,36,45,23,33,30,3,46,31,48,26,22,47,25,10
80;67;82076;35766;20,3,46,25,23,29,36,48,10,47,19,31,22,5,33,16,42,12,43,40,4,13,26,2,18,30,7,8,14,0,32,21,15,37,11,44,49,9,35,41,17,45,28,1,38,24,27,34,6,39
81;50;61251;26370;21,9,17,23,19,11,18,37,8,14,29,15,7,13,40,48,5,10,46,30,34,12,4,38,39,25,36,26,47,16,42,32,0,2,6,24,33,35,41,44,3,27,28,1,43,22,45,20,49,31
82;66;80851;29017;15,42,20,23,19,33,21,22,29,46,31,9,37,3,11,38,25,39,34,6,45,44,41,43,27,28,35,1,49,24,17,5,10,48,36,13,2,40,16,8,32,26,47,14,18,7,30,0,12,4
83;55;67376;32027;37,28,30,4,12,13,31,5,33,20,26,3,15,48,22,0,6,2,32,9,45,41,44,17,27,11,39,1,38,24,34,8,40,18,14,47,7,21,25,19,35,42,43,36,46,49,16,10,29,23
84;49;60026;41866;25,32,27,44,41,28,11,35,37,6,1,0,7,45,49,18,8,29,4,15,16,40,9,42,12,21,39,38,17,24,34,46,23,19,5,33,14,36,13,22,3,10,30,20,26,31,48,2,47,43
85;56;68601;33665;28,45,31,11,37,20,1,2,44,22,33,27,6,3,0,48,5,30,26,15,13,4,12,8,21,9,32,40,18,14,7,43,24,41,17,34,10,29,19,35,36,39,49,42,46,16,38,47,23,25
86;60;73501;18048;7,23,8,15,37,40,5,18,13,29,21,19,25,14,46,4,12,16,42,30,47,33,48,36,26,20,32,10,31,2,0,17,3,22,11,34,27,9,6,41,38,49,35,39,44,24,43,45,28,1
87;54;66151;17816;28,44,12,48,5,46,11,27,9,15,30,1,24,4,41,8,18,14,13,6,7,42,35,0,32,43,39,45,49,34,38,2,3,22,33,10,17,37,29,25,47,20,23,26,19,36,31,16,21,40
88;58;71051;18676;5,23,40,12,4,21,29,18,13,8,16,19,25,14,46,11,28,37,17,26,22,48,30,20,3,47,36,33,10,31,2,42,9,15,27,0,24,35,1,6,39,32,45,49,43,34,7,38,44,41
89;61;74726;18936;21,23,12,11,17,4,37,16,40,15,9,25,29,42,19,38,35,39,34,22,3,48,30,31,20,46,36,33,10,26,47,2,8,18,14,0,49,13,28,6,43,32,27,45,1,24,7,44,5,41
90;58;71051;18855;5,25,2,40,8,4,12,3,13,14,18,30,29,22,26,15,9,21,37,33,42,23,20,36,16,31,48,47,10,19,46,43,49,35,41,24,7,11,6,1,27,39,38,17,44,45,34,32,28,0
91;54;66151;17301;21,37,5,6,28,27,29,46,25,19,45,15,11,23,7,35,13,47,36,26,0,20,22,2,32,10,33,3,31,30,48,34,38,39,41,24,40,14,8,49,16,44,1,17,9,42,43,4,18,12
92;50;61251;15461;36,19,30,31,33,26,37,48,23,25,20,47,6,10,46,0,32,45,2,29,24,41,11,49,17,5,43,35,38,39,34,22,28,3,1,21,7,27,8,12,16,9,44,15,4,42,40,14,13,18
93;49;60026;15578;21,16,6,25,37,36,46,29,40,19,47,15,12,28,9,7,0,32,43,44,17,41,11,24,42,1,39,35,49,38,34,45,23,27,5,13,3,10,20,18,2,30,48,8,33,4,26,14,22,31
94;45;55126;15323;10,35,44,21,15,40,25,28,23,19,9,46,49,1,42,16,12,36,47,26,45,31,20,22,27,6,7,3,2,0,32,24,29,17,11,38,4,37,8,30,43,48,41,39,13,34,5,14,33,18
95;56;68601;17539;6,49,45,37,11,38,41,44,1,28,39,35,13,27,43,0,17,24,32,14,18,15,9,4,8,7,21,12,40,16,42,34,3,22,5,48,2,29,23,46,26,31,20,10,19,30,33,36,25,47
96;49;60026;14206;48,12,27,9,44,24,28,45,5,41,1,38,30,6,4,10,23,25,26,19,2,36,46,0,32,43,35,47,49,16,42,34,7,39,40,14,20,15,33,37,29,8,21,13,11,17,18,22,31,3
97;63;77176;17967;20,31,12,37,21,4,33,47,23,19,15,10,48,25,36,14,13,5,29,43,7,6,35,0,32,46,45,2,49,42,16,27,26,30,3,34,11,18,28,9,24,40,22,39,1,17,38,44,8,41
98;57;69826;16081;23,38,15,37,17,40,29,39,19,21,9,25,10,12,46,1,28,27,24,36,7,35,16,32,45,47,42,6,49,0,34,4,11,2,18,5,22,41,43,33,26,13,14,48,31,30,8,3,44,20
99;51;62476;14288;41,28,10,19,46,25,38,36,5,48,23,1,24,47,27,11,37,29,17,45,32,13,8,7,0,44,35,6,14,49,43,26,16,42,30,2,39,15,9,33,4,31,20,22,12,34,3,18,21,40
100;88;107801;35970;9,39,19,5,25,40,37,46,15,21,23,11,38,29,41,32,43,7,0,6,34,35,44,27,45,28,42,1,49,24,17,22,20,3,31,18,47,10,12,26,4,8,33,14,30,2,13,16,48,36
101;56;68601;15600;12,39,5,28,30,48,27,44,1,38,33,4,34,41,9,32,6,45,7,37,40,14,18,21,15,11,13,29,8,17,24,43,35,49,2,26,16,0,23,10,36,31,22,20,46,47,3,42,25,19
102;54;66151;14969;12,42,39,3,22,34,15,38,9,11,17,16,4,35,28,18,8,14,2,27,7,41,1,32,45,44,49,6,43,0,24,40,29,21,37,19,13,31,20,10,48,36,25,46,23,26,47,30,33,5
103;64;78401;17760;28,45,21,7,14,13,4,37,40,18,8,27,6,15,9,48,33,12,30,5,34,11,44,39,38,1,29,41,43,24,17,32,2,0,35,16,22,19,25,10,26,42,46,36,31,47,49,3,23,20
104;53;64926;15149;10,25,30,29,31,13,33,26,20,48,5,23,37,46,19,39,17,38,34,36,40,7,32,15,21,47,4,9,12,16,42,14,8,18,3,45,24,11,41,28,1,0,22,6,44,27,2,49,43,35
105;53;64926;14710;13,36,32,6,29,43,8,2,18,14,7,47,28,0,5,27,40,4,45,26,22,33,23,20,3,19,48,31,10,30,46,35,25,49,12,17,1,21,11,38,39,42,15,24,9,34,16,44,37,41
106;56;68601;15641;8,18,44,35,49,38,43,24,13,5,1,4,14,41,12,46,28,19,27,16,34,15,11,39,42,37,29,9,21,40,17,25,36,47,6,0,3,23,20,30,48,32,26,45,10,2,7,31,22,33
107;57;69826;15777;48,7,47,25,29,21,46,36,23,19,40,30,5,10,32,35,28,6,49,26,0,14,8,3,22,13,18,20,33,31,2,37,11,15,4,17,45,43,41,9,39,42,12,24,38,34,16,27,44,1
108;53;64926;14650;39,25,44,28,6,29,35,38,11,41,43,34,49,1,37,0,2,7,32,15,45,12,9,42,27,21,40,4,16,17,24,8,14,18,23,30,22,19,36,10,20,5,46,48,33,26,13,3,47,31
109;58;71051;16007;41,49,45,37,29,27,5,44,6,11,28,35,38,1,43,47,16,4,36,17,2,8,13,0,24,39,7,18,14,32,34,42,19,46,23,40,48,25,33,20,26,21,9,22,31,3,15,30,12,10
110;61;74726;16833;29,13,43,46,35,6,19,0,47,36,49,17,37,2,8,27,23,25,45,9,42,18,15,16,40,21,14,12,4,32,7,34,11,39,41,24,10,5,48,30,3,1,28,38,26,22,44,20,33,31
111;50;61251;13807;21,9,19,31,20,10,12,47,16,25,23,15,42,36,40,39,30,38,34,26,32,28,3,0,7,22,1,6,44,45,27,46,49,35,43,24,13,41,37,5,18,4,48,29,33,17,2,8,11,14
112;51;62476;14101;46,45,47,5,19,14,23,36,48,10,43,6,30,25,35,21,40,9,15,38,34,32,7,2,39,49,12,0,4,42,16,13,18,8,26,24,31,29,33,28,22,1,41,44,11,17,27,3,37,20
113;54;66151;15043;6,7,26,28,3,30,33,45,2,31,22,32,43,20,0,8,18,14,13,48,49,10,23,46,35,25,47,19,36,42,16,27,4,12,40,34,5,1,41,37,24,21,9,39,11,17,15,29,44,38
114;49;60026;13545;22,33,49,28,14,5,6,26,3,43,13,20,30,35,31,27,1,45,38,48,0,10,23,32,2,25,19,7,46,36,47,29,41,24,11,40,18,37,8,15,39,16,42,21,9,34,17,4,44,12
115;58;71051;16067;45,23,49,37,11,44,6,35,27,1,41,5,25,28,38,15,12,9,42,46,26,31,10,3,22,39,33,20,48,30,34,24,13,43,8,2,16,19,47,17,32,18,4,0,29,7,14,40,36,21
116;54;66151;14939;22,11,26,12,4,30,9,0,3,31,20,28,42,2,6,48,33,46,5,35,34,44,43,38,39,49,27,41,1,24,45,25,23,10,19,32,13,15,21,29,14,47,16,17,40,7,36,18,37,8
117;54;66151;15045;33,3,15,27,1,41,28,9,37,11,44,31,20,21,22,29,14,24,17,40,26,4,18,30,13,12,39,8,2,34,38,43,48,5,45,0,16,23,10,46,7,35,6,42,19,32,49,47,25,36
118;55;67376;15325;37,40,44,28,6,43,29,41,11,27,45,21,25,1,15,14,8,18,7,4,24,35,12,42,17,9,39,16,49,34,38,0,2,32,22,33,13,23,19,10,26,20,3,48,46,30,31,47,5,36
119;52;63701;14444;15,29,39,11,37,26,25,34,9,17,13,21,19,42,12,10,23,33,31,8,7,36,47,32,14,40,4,18,16,0,2,24,38,30,48,49,3,20,44,41,45,35,5,6,1,43,46,27,22,28
120;64;78401;17699;28,44,12,48,30,16,5,27,11,15,4,1,24,9,41,23,25,46,19,6,32,42,35,0,7,43,39,45,49,38,34,17,21,29,37,40,10,22,20,33,26,8,14,18,31,2,13,47,3,36
121;54;66151;14974;25,19,39,15,21,29,35,5,38,37,11,23,28,13,46,27,1,6,45,33,22,10,30,3,20,48,47,31,36,26,34,17,41,24,49,32,42,44,40,14,4,0,8,43,18,7,2,16,9,12
122;48;58801;14974;28,45,20,23,18,46,14,22,31,33,10,6,8,3,27,32,2,0,7,30,26,44,1,5,13,48,35,41,43,24,49,38,39,34,19,16,17,25,37,9,12,42,47,40,21,4,36,15,11,29
123;51;62476;14147;10,36,5,25,23,29,6,30,20,46,19,47,35,48,26,16,12,4,42,31,49,8,13,2,43,33,7,18,14,0,32,45,21,40,28,24,38,37,9,41,39,1,44,17,11,34,27,22,15,3
124;56;68601;15570;29,8,36,11,37,9,12,40,16,21,15,13,17,47,4,43,44,30,24,14,26,20,33,3,22,18,32,31,7,2,0,10,23,25,5,42,39,28,1,27,35,46,48,45,6,49,19,34,41,38
125;49;60026;13578;39,48,28,35,1,6,38,43,11,41,49,5,37,44,34,45,36,10,27,33,22,8,14,3,20,18,30,31,13,26,2,0,32,7,4,21,47,25,46,16,24,9,12,40,42,17,15,29,23,19
126;50;61251;13838;35,19,40,29,21,12,6,16,25,9,15,46,44,42,23,17,37,11,24,1,45,36,10,26,27,28,31,47,20,22,3,49,2,0,33,7,13,41,5,4,39,30,48,38,18,34,32,14,43,8
127;47;57576;12992;44,43,45,37,11,29,28,7,1,6,27,49,33,35,41,3,20,31,22,14,48,38,8,30,5,18,17,13,39,34,24,32,2,0,46,40,26,23,25,12,16,15,19,9,4,42,21,47,10,36
128;60;73501;16600;10,25,30,18,4,22,33,26,48,31,3,23,37,20,46,32,7,2,0,36,42,9,12,16,47,19,29,15,21,40,17,14,13,8,5,43,45,11,6,41,24,39,35,49,44,38,34,27,28,1
129;64;78401;18392;23,6,33,12,28,22,30,31,25,26,3,19,45,20,47,13,14,5,29,2,7,36,10,0,32,48,16,46,35,49,42,43,27,4,1,34,21,18,37,11,17,44,41,39,9,24,38,40,8,15
130;60;73501;16726;27,44,25,43,6,35,28,16,38,45,49,1,4,12,41,14,13,8,18,42,40,29,11,21,15,37,39,9,17,24,34,7,0,32,5,48,2,47,26,30,31,46,23,10,20,33,19,3,36,22
131;60;73501;17182;27,40,35,3,28,11,45,49,1,6,22,9,12,41,44,16,21,15,42,30,34,8,13,39,38,26,14,4,18,7,43,24,29,17,5,0,36,37,23,33,31,46,48,19,20,2,32,47,25,10
132;62;75951;17137;5,34,14,33,37,4,48,32,13,8,18,11,30,7,39,15,12,9,21,28,43,1,44,49,35,41,38,6,27,45,0,2,17,24,29,36,22,25,23,10,42,47,46,26,31,16,19,3,40,20
133;61;74726;16958;1,44,40,16,12,42,37,45,9,15,21,28,11,27,8,49,41,6,43,14,32,33,18,0,7,4,20,2,31,3,22,17,29,24,35,30,5,19,23,10,26,39,46,48,36,38,34,47,13,25
134;60;73501;16593;40,15,14,32,7,5,12,37,4,18,13,21,29,8,9,35,28,6,49,45,17,44,1,24,43,27,11,41,38,39,34,16,2,0,22,26,42,25,30,10,47,31,33,20,48,36,3,46,23,19
135;58;71051;16158;12,49,29,1,41,37,44,40,9,15,11,42,6,21,16,27,5,28,45,43,32,18,8,0,7,13,4,14,2,24,17,35,47,36,38,3,33,25,23,20,30,22,39,31,10,34,26,48,19,46
136;57;69826;15909;21,46,12,28,1,24,40,16,15,9,17,19,29,42,35,5,41,48,38,23,32,36,47,0,7,25,49,10,6,45,27,44,11,37,33,31,30,43,8,4,39,3,20,2,18,34,22,26,14,13
137;56;68601;15534;11,1,21,20,31,22,33,40,37,15,3,44,28,9,29,16,6,12,42,14,32,4,18,0,7,8,27,2,45,24,17,13,30,26,5,38,43,41,23,10,49,39,48,46,36,35,34,47,19,25
138;48;58801;13249;23,6,1,37,11,39,29,38,28,44,41,19,25,27,45,36,40,47,34,12,7,15,21,0,32,9,46,16,42,49,35,17,5,24,43,4,22,48,30,33,31,8,14,18,26,2,13,3,10,20
139;55;67376;15323;37,8,31,25,23,46,3,26,22,20,10,13,11,33,18,0,24,2,32,36,42,15,7,16,47,14,29,19,21,40,17,48,30,5,12,34,49,28,44,1,45,39,9,38,41,27,4,43,35,6
140;69;84526;19666;1,8,27,20,3,31,28,37,41,22,33,44,13,11,18,14,29,38,43,30,34,12,4,24,39,26,15,17,9,40,21,2,48,5,45,7,19,25,10,35,16,32,6,49,46,42,0,47,23,36
141;58;71051;16080;23,37,36,3,31,35,33,19,20,26,22,25,13,47,10,18,8,14,43,48,34,41,5,39,30,46,29,38,11,24,17,44,28,1,6,16,2,49,21,9,32,42,27,12,15,0,45,7,40,4
142;50;61251;13807;28,27,7,8,13,2,5,0,29,14,18,45,37,32,6,47,25,36,26,1,17,49,35,24,44,11,39,41,43,38,34,4,40,9,16,46,22,12,21,23,20,19,30,48,33,10,42,3,15,31
143;55;67376;15229;13,36,40,6,7,0,29,2,14,8,32,5,28,18,47,27,4,45,43,23,22,48,46,20,3,19,33,10,31,30,26,21,37,25,11,24,44,15,9,35,39,42,16,49,41,34,17,38,12,1
144;57;69826;15821;40,15,13,20,31,5,14,37,29,18,33,21,43,8,9,49,35,6,7,28,17,41,22,24,27,3,11,1,44,34,39,26,23,19,25,0,4,46,10,45,16,2,47,32,36,42,38,12,48,30
145;50;61251;13955;11,39,17,23,25,5,37,32,15,21,29,34,9,7,28,16,4,12,42,44,24,43,41,27,1,35,6,38,49,45,0,19,48,46,10,31,14,36,40,22,18,20,30,3,26,2,33,8,47,13
146;48;58801;13329;21,19,11,14,17,13,9,39,15,29,8,23,46,37,25,16,4,12,42,40,34,33,10,36,47,18,20,26,31,3,22,30,5,48,44,24,2,28,6,1,45,43,41,7,27,32,38,0,35,49
147;54;66151;14983;11,43,28,8,21,13,9,27,44,15,37,29,14,1,41,4,12,18,40,35,34,0,45,38,39,6,7,49,32,17,24,5,23,25,19,22,42,46,48,31,36,3,47,20,33,10,26,16,30,2
148;47;57576;13014;44,24,8,37,5,29,28,17,11,18,13,1,27,14,41,48,33,4,30,43,2,49,6,0,32,35,39,45,38,7,34,21,9,15,12,16,46,25,19,3,36,42,22,26,31,47,40,10,23,20
149;65;79626;17975;41,44,23,37,21,5,15,19,11,29,25,1,9,28,27,4,43,12,16,42,34,6,35,38,39,46,7,49,45,0,32,48,30,10,33,22,24,13,8,36,40,31,20,26,47,2,3,17,14,18
150;49;60026;13535;29,37,44,5,43,27,25,17,38,41,1,11,13,24,16,26,36,47,30,4,18,15,9,14,8,12,39,40,21,7,34,42,35,49,6,45,10,23,20,3,2,19,28,32,31,0,46,48,22,33
151;50;61251;13860;20,22,10,11,15,25,26,5,30,37,23,31,3,48,33,46,28,19,24,40,0,17,29,32,2,21,13,18,8,14,7,47,16,36,12,34,44,6,42,35,27,49,4,39,45,38,43,1,9,41
152;52;63701;15000;9,27,32,29,40,7,8,0,4,18,14,45,28,2,6,3,5,13,22,1,17,35,44,38,24,11,49,41,43,39,34,42,12,16,30,36,31,15,37,23,26,19,48,10,25,47,46,20,21,33
153;49;60026;13589;25,15,41,28,11,24,37,38,27,1,44,9,21,35,39,19,23,29,46,12,34,6,43,42,16,4,7,49,45,0,32,17,47,36,10,31,14,40,18,48,26,3,20,33,30,2,22,13,5,8
154;57;69826;15829;19,36,12,37,9,15,40,16,23,25,21,47,18,4,10,28,6,48,30,26,49,20,22,42,35,33,31,46,3,0,2,17,11,29,8,7,27,5,41,24,39,43,13,32,44,34,14,45,1,38
155;59;72276;16305;25,6,26,28,9,27,15,47,23,21,40,10,7,19,36,31,20,3,2,48,0,12,4,32,45,30,35,46,16,42,49,38,44,1,5,34,33,22,13,29,17,39,41,11,37,24,43,18,8,14
156;50;61251;13847;0,36,45,1,28,24,49,29,35,6,27,7,10,17,32,3,20,22,26,9,40,47,25,21,15,23,46,12,19,16,42,38,41,44,11,2,14,37,33,48,18,34,43,30,5,4,39,8,31,13
157;59;72276;16349;36,26,12,9,15,23,21,4,16,37,25,40,47,10,13,46,29,19,42,20,22,14,18,31,3,8,32,33,7,2,0,30,5,48,43,34,27,11,6,44,17,39,41,49,1,24,38,45,28,35
158;55;67376;15264;31,33,17,28,11,44,20,9,3,22,29,16,37,42,12,47,19,26,36,21,13,4,40,14,8,15,2,18,7,32,0,24,27,1,45,38,30,6,23,35,46,49,41,39,5,34,43,48,25,10
159;59;72276;16457;10,19,3,28,30,22,12,31,48,33,26,23,25,20,46,4,18,14,43,36,49,45,6,42,35,47,7,16,2,0,32,38,13,5,37,21,8,27,41,40,17,15,11,39,9,34,29,24,1,44
160;53;64926;14673;41,37,15,35,46,39,19,40,28,1,9,11,29,21,44,10,23,5,48,31,22,14,13,3,20,43,8,33,18,17,24,34,49,42,6,32,36,27,26,4,16,0,45,7,12,38,2,47,30,25
161;61;74726;16892;1,11,45,32,7,2,28,49,27,6,0,29,37,35,44,21,15,9,40,14,17,13,8,24,43,18,39,41,5,38,34,30,33,48,20,10,4,22,31,47,16,19,23,36,25,42,46,12,3,26
162;52;63701;14541;12,15,30,37,25,38,36,39,16,47,26,9,21,42,40,24,35,29,17,43,2,14,13,18,4,49,7,8,32,0,34,11,41,44,1,27,46,33,31,22,48,28,6,3,20,5,45,10,19,23
163;52;63701;14490;37,21,1,39,38,28,9,24,11,41,44,15,25,27,17,16,12,40,42,29,5,20,3,48,33,22,23,31,10,46,19,34,26,30,35,32,4,36,13,43,2,49,6,7,14,0,45,18,47,8
164;44;53901;12271;19,48,8,15,37,40,29,14,5,18,21,46,30,13,33,16,12,4,42,20,2,26,25,36,31,23,7,10,47,0,32,45,6,27,35,39,22,9,28,1,24,38,49,41,44,34,43,17,3,11
165;70;85751;19386;23,47,11,9,1,27,12,39,38,5,41,25,16,37,36,35,49,46,42,48,34,20,33,26,30,10,22,31,3,24,17,4,43,44,13,7,19,28,6,40,2,18,8,32,45,0,14,29,15,21
166;60;73501;16636;44,8,47,46,19,40,1,35,27,28,9,18,13,36,14,38,5,41,24,12,43,45,6,42,16,4,7,49,2,0,32,26,48,30,21,31,17,25,10,20,39,37,15,3,22,34,33,11,23,29
167;59;72276;16398;29,23,22,28,6,13,25,3,47,36,45,19,5,26,46,1,37,27,35,48,17,31,20,24,30,10,7,33,2,0,32,14,8,18,40,16,49,11,44,15,39,12,21,42,9,34,4,38,41,43
168;49;60026;13540;9,44,21,23,6,37,28,11,27,45,25,1,12,15,41,48,10,5,30,19,16,38,49,42,46,29,17,35,39,34,24,40,36,47,26,2,43,4,8,33,32,3,20,31,18,0,22,7,13,14
169;64;78401;17706;9,12,29,19,46,36,15,17,21,35,47,42,39,40,16,33,48,37,30,43,2,8,13,0,4,49,7,18,14,32,34,25,10,23,38,24,26,6,41,28,3,1,45,44,11,22,27,31,5,20
170;57;69826;15783;11,38,15,25,37,16,29,42,17,21,12,39,34,9,41,19,5,23,46,28,24,6,35,45,27,44,49,1,0,32,7,43,40,4,47,13,48,22,20,36,31,8,18,26,33,2,14,10,3,30
171;56;68601;15500;22,31,9,28,1,11,6,12,29,44,41,3,20,40,33,39,32,7,34,0,24,18,8,17,2,49,43,4,14,16,42,21,37,15,19,25,30,35,46,36,26,45,23,47,10,38,27,48,13,5
172;42;51451;11718;37,8,9,23,35,46,49,40,4,25,19,13,11,12,18,27,28,6,45,15,42,29,14,7,16,21,2,32,0,17,24,47,10,36,48,26,1,5,43,3,39,20,33,30,22,34,31,38,41,44
173;43;52676;11958;40,41,16,25,38,36,1,21,9,12,47,44,5,15,43,30,28,27,26,11,24,8,13,17,29,37,4,14,18,39,34,42,35,49,6,7,33,22,20,45,2,46,23,32,10,0,19,48,3,31
174;57;69826;15850;20,3,21,46,23,15,10,29,12,25,37,31,22,19,33,5,32,48,30,2,26,8,18,47,36,4,14,40,13,16,7,17,9,42,43,27,0,11,6,44,38,49,35,1,41,45,24,34,28,39
175;41;50226;11515;48,41,7,47,25,36,11,0,38,23,10,5,43,32,49,13,14,26,30,44,27,19,29,45,1,6,46,28,35,24,17,22,3,20,31,34,16,37,21,9,40,39,33,18,15,4,2,42,8,12
176;52;63701;14410;27,15,43,25,29,4,28,49,45,6,12,9,21,35,1,19,46,23,40,44,34,41,11,38,39,37,5,8,13,24,17,42,14,16,30,36,7,18,3,31,0,26,48,10,33,2,47,32,22,20
177;57;69826;15802;33,0,3,23,10,22,25,26,36,31,20,2,37,47,13,46,29,19,42,8,32,21,15,7,14,9,12,18,40,4,16,30,5,48,28,38,17,6,11,44,39,45,1,24,41,34,27,49,43,35
178;56;68601;15521;11,15,5,19,46,38,33,34,30,48,41,37,42,39,9,47,25,26,43,13,16,18,8,4,12,21,29,14,40,17,24,44,28,1,22,2,36,27,10,45,32,31,20,7,6,0,3,49,23,35
179;64;78401;17731;10,31,5,29,19,25,22,12,48,46,23,20,3,30,33,39,42,38,34,4,43,26,13,14,18,2,36,8,40,47,16,21,15,37,11,24,7,9,6,35,32,44,41,49,1,0,17,45,28,27
180;48;58801;13332;39,40,37,8,44,14,41,4,11,1,18,12,29,27,9,5,28,6,13,15,34,24,17,42,16,21,2,45,7,32,0,38,49,43,35,31,19,25,47,10,30,3,33,20,36,26,22,48,23,46
181;52;63701;14511;20,3,16,25,23,12,46,36,10,48,5,31,22,30,33,32,37,7,17,47,26,21,29,14,13,19,2,8,40,18,4,42,9,15,27,0,24,28,44,35,43,45,1,6,41,49,38,34,11,39
182;52;63701;14349;47,26,5,25,23,19,12,48,36,16,46,20,3,10,30,39,38,22,34,33,43,8,13,18,4,31,32,14,7,2,0,29,21,40,15,24,49,9,41,28,45,11,37,44,1,27,17,42,6,35
183;73;89426;20243;20,31,21,23,19,9,25,17,33,37,15,3,10,29,22,48,5,46,30,2,26,18,4,8,13,12,40,14,36,47,16,42,11,7,28,45,35,44,41,1,39,0,6,27,24,34,32,38,43,49
184;56;68601;15454;1,19,11,37,25,29,9,24,44,15,21,28,23,41,27,48,10,5,30,6,32,42,35,0,7,46,39,45,49,34,38,17,16,12,43,4,33,47,26,40,3,8,13,18,22,2,14,31,36,20
185;48;58801;13399;18,27,30,29,5,10,14,26,8,13,48,37,4,2,33,39,45,38,34,41,17,28,1,24,43,11,20,44,31,3,22,36,6,47,19,0,40,23,9,16,7,49,46,42,12,32,35,21,25,15
186;45;55126;12585;18,13,46,21,29,25,5,33,23,19,40,8,30,48,14,35,28,6,49,36,7,20,10,0,32,47,31,26,3,22,2,16,43,42,38,24,45,37,11,1,27,39,41,44,9,17,34,4,15,12
187;60;73501;16611;5,30,32,41,1,27,28,7,6,45,44,48,49,0,43,36,35,10,47,20,26,14,13,3,22,33,8,31,18,2,4,24,37,11,38,34,46,25,19,9,40,39,29,15,12,21,17,42,23,16
188;62;75951;17267;29,23,18,11,15,14,21,5,40,37,8,19,25,13,46,12,17,4,16,30,47,20,33,26,36,48,22,10,3,31,2,7,0,32,43,49,42,9,6,44,24,39,41,35,1,38,34,45,28,27
189;45;55126;12551;15,37,49,5,41,1,8,42,9,13,44,21,11,35,40,10,23,48,46,25,36,38,30,16,47,12,17,26,39,34,24,4,45,27,28,2,43,29,18,20,32,3,6,31,33,0,22,7,19,14
190;58;71051;16060;0,49,38,44,28,27,6,12,40,45,1,35,29,9,46,5,41,48,43,10,7,19,23,36,32,25,15,47,21,16,42,4,30,26,14,34,2,11,20,37,24,8,18,39,33,17,13,31,22,3
191;61;74726;16865;11,44,31,10,23,46,25,27,28,3,20,1,24,22,41,47,19,26,36,2,32,35,6,0,7,43,39,45,49,34,38,30,5,48,33,18,15,37,17,12,42,8,13,4,40,16,14,21,29,9
192;49;60026;13611;25,10,9,30,8,4,18,40,14,15,12,23,48,21,7,39,33,37,34,47,46,0,32,29,19,36,16,2,42,17,24,26,5,13,35,38,11,20,22,1,27,43,41,6,44,45,49,28,31,3
193;40;49001;11091;1,21,12,8,18,11,40,30,9,44,41,15,29,4,28,17,14,13,24,23,27,6,46,45,5,19,7,48,32,0,2,38,34,39,25,3,43,37,49,10,47,20,33,31,36,26,22,16,35,42
194;52;63701;14423;16,40,48,29,19,5,25,30,12,23,46,36,37,10,47,15,9,21,42,14,4,20,33,18,8,13,22,2,31,3,26,17,43,24,35,32,38,28,41,27,34,0,6,45,1,7,49,39,11,44
195;55;67376;15247;28,1,19,37,5,25,43,42,11,29,23,27,44,46,41,15,12,9,21,6,7,38,49,32,0,35,17,45,39,34,24,47,36,16,14,3,40,10,30,20,18,22,13,31,33,2,26,4,48,8
196;54;66151;14949;3,30,44,48,5,28,29,43,22,41,1,20,26,11,31,21,15,9,40,37,34,18,14,13,39,33,2,8,4,17,24,35,19,46,10,0,27,23,25,36,7,42,6,16,47,32,49,45,12,38
197;69;84526;19089;22,1,10,5,23,33,19,31,3,46,48,44,41,20,28,17,11,29,24,35,26,45,6,47,36,27,32,43,49,0,2,30,25,38,21,7,42,37,15,18,39,8,40,14,4,34,13,16,9,12
198;54;66151;14965;44,5,31,33,3,10,28,43,1,22,20,11,29,6,41,8,14,18,13,46,17,38,30,24,35,48,0,49,39,34,2,45,23,27,19,36,7,37,9,12,40,47,25,16,4,42,26,21,32,15
199;58;71051;16079;48,30,19,37,25,29,5,47,10,23,46,16,12,36,40,39,11,38,34,14,4,20,26,18,8,13,31,33,3,22,2,21,42,15,27,0,17,9,1,35,43,32,45,6,44,49,7,24,28,41
200;51;62476;14145;25,28,33,30,48,26,10,31,22,20,46,23,6,3,19,44,9,1,24,11,17,21,15,45,27,37,2,29,7,32,0,40,4,12,18,42,38,5,35,8,49,47,36,14,13,43,16,34,41,39
201;53;64926;14655;26,5,31,19,46,33,25,3,23,10,37,48,13,20,30,49,6,35,42,28,45,41,11,1,27,22,39,44,38,24,34,43,36,47,8,2,17,12,15,16,32,18,4,7,40,0,14,29,9,21
202;58;71051;16002;25,19,4,28,6,27,49,16,35,12,45,23,0,42,46,7,38,32,43,33,22,30,48,20,3,2,36,31,10,26,47,40,1,9,44,29,14,18,41,8,24,15,37,11,13,17,21,34,5,39
203;60;73501;16625;31,19,2,28,6,45,43,25,3,22,0,23,33,26,20,8,13,18,14,4,49,10,30,46,35,12,47,48,36,42,16,38,5,27,1,17,7,37,21,11,39,44,41,29,9,34,24,32,15,40
204;57;69826;15857;47,32,3,19,23,22,25,31,36,10,46,0,7,20,26,15,37,21,40,12,30,14,33,48,5,16,18,13,8,4,2,42,35,49,43,24,29,6,9,41,39,27,38,1,44,34,45,17,28,11
205;53;64926;14658;20,23,33,5,48,13,22,26,31,3,30,10,46,37,25,35,43,4,49,12,36,15,9,16,47,19,29,42,21,40,17,14,8,18,2,45,38,28,6,44,24,32,0,27,1,34,7,39,11,41
206;53;64926;14663;17,14,26,20,22,31,13,36,37,33,3,8,29,47,18,11,28,19,44,9,42,15,21,16,12,40,7,4,2,0,32,10,23,25,46,38,24,27,6,35,49,30,5,39,45,34,48,43,1,41
207;50;61251;13832;9,21,38,23,25,36,19,34,35,46,47,15,29,39,40,45,27,6,43,8,7,4,12,32,14,49,42,18,16,0,2,17,11,37,13,26,44,10,24,20,3,48,5,33,31,22,30,28,41,1
208;49;60026;13603;26,9,25,33,22,11,3,10,31,20,37,15,12,23,21,30,18,48,4,40,2,19,29,0,32,46,36,17,47,16,42,7,49,35,6,43,5,14,13,1,24,27,28,44,41,34,45,38,8,39
209;65;79626;17993;3,19,47,38,41,26,22,36,31,20,25,23,2,10,46,29,11,24,17,44,32,35,1,0,7,28,27,6,49,45,43,5,30,48,15,16,39,33,13,40,18,9,21,12,8,4,42,34,37,14
210;57;69826;15855;25,16,44,35,0,28,32,1,7,49,6,12,4,41,38,18,2,8,40,21,24,37,11,17,42,9,39,15,27,45,34,43,14,29,5,48,33,13,3,30,36,46,23,10,20,47,19,26,22,31
211;51;62476;14116;13,18,47,28,23,46,5,36,48,30,19,8,43,10,14,1,41,44,27,45,32,20,33,0,7,6,3,22,31,2,26,35,25,49,29,17,38,37,4,15,34,16,21,40,12,24,42,39,11,9
212;55;67376;15254;31,37,23,30,46,5,3,25,20,22,48,33,2,10,19,11,28,15,42,29,17,8,18,36,16,21,13,40,14,47,26,7,0,32,6,38,44,12,9,41,24,49,35,39,45,34,43,27,4,1
213;67;82076;18664;9,45,5,18,8,14,40,29,15,21,13,6,28,37,27,12,30,4,2,0,7,11,41,38,32,1,39,44,17,24,34,43,35,49,23,16,22,25,33,10,26,46,19,36,20,47,42,3,48,31
214;53;64926;14699;28,23,49,44,5,43,25,35,1,38,41,27,19,6,45,4,9,12,42,30,2,10,48,26,0,46,22,33,20,31,3,24,7,32,11,34,16,36,15,8,29,13,37,14,18,17,39,40,47,21
215;52;63701;14443;37,26,20,9,15,10,11,31,33,22,21,36,30,3,47,5,41,48,24,16,17,8,13,43,29,12,40,14,18,4,2,25,19,23,46,34,32,28,1,27,45,39,42,35,6,49,38,0,44,7
216;63;77176;17396;23,30,47,26,33,12,20,36,10,31,16,48,19,25,46,41,1,5,24,6,7,49,35,32,45,42,39,38,2,0,34,43,27,4,37,8,44,28,22,11,40,18,13,29,21,17,14,9,3,15
217;56;68601;15495;28,19,43,41,5,44,27,49,6,45,1,46,23,35,0,37,11,25,24,30,26,20,33,36,47,48,22,10,3,31,2,38,39,34,18,4,17,13,8,40,42,7,14,12,9,16,32,15,29,21
218;66;80851;18251;11,1,8,20,33,13,22,14,28,3,31,44,27,18,41,29,37,24,17,35,34,45,6,38,39,43,2,49,0,32,7,30,48,5,10,36,15,26,12,25,42,19,23,47,40,16,46,21,4,9
219;55;67376;15257;44,15,27,6,28,49,38,37,1,39,35,9,12,11,41,23,19,25,34,21,24,18,4,17,29,5,13,40,8,14,43,45,16,42,47,3,7,46,48,20,0,22,36,31,33,2,26,32,30,10
220;58;71051;16056;44,9,47,10,23,29,28,36,27,6,19,1,11,45,41,3,20,22,26,25,34,35,46,38,39,12,16,49,42,24,17,5,30,48,43,2,40,37,33,14,7,8,4,0,18,32,13,21,31,15
221;49;60026;13997;25,19,32,9,21,37,40,0,12,42,15,23,4,16,46,39,18,38,34,47,2,10,48,26,30,36,22,33,20,31,3,17,11,29,28,24,14,5,13,41,49,45,1,44,6,43,27,7,8,35
222;54;66151;15040;23,40,22,28,33,11,31,15,20,3,37,10,19,21,9,48,35,46,2,26,34,36,47,38,39,25,4,30,12,16,42,27,44,1,41,43,49,18,13,14,0,17,29,7,5,32,24,45,8,6
223;55;67376;15245;33,3,5,29,11,41,37,47,10,48,44,20,22,36,31,15,23,19,21,26,32,8,13,0,7,30,4,14,18,2,43,49,28,6,35,24,40,46,12,38,42,27,1,17,39,34,45,16,25,9
224;54;66151;14959;33,22,5,18,8,7,2,48,37,13,14,3,15,30,31,12,9,4,16,26,40,23,25,47,36,20,46,10,21,19,29,32,17,0,27,43,42,28,1,35,39,45,6,49,41,34,24,38,11,44
225;49;60026;13559;11,38,42,40,25,16,37,49,15,21,12,39,35,9,41,47,19,29,36,28,34,17,1,45,27,44,7,6,24,0,32,43,2,4,46,33,14,23,18,10,3,48,5,20,22,31,30,26,8,13
226;51;62476;14139;22,31,10,41,11,25,37,47,48,5,23,20,3,36,33,0,6,7,32,43,2,13,14,4,18,26,39,8,30,34,38,16,49,12,35,24,40,28,9,29,27,46,19,17,1,45,42,21,44,15
227;53;64926;14803;15,40,38,23,10,5,33,47,37,25,48,21,9,36,26,46,20,19,42,30,16,18,8,4,12,13,39,14,32,7,34,17,11,29,22,44,35,31,3,28,45,43,41,1,6,27,24,49,2,0
228;56;68601;15494;44,39,14,22,3,26,6,18,28,30,13,1,38,8,34,16,41,11,42,9,21,27,12,2,15,40,7,4,45,0,32,43,35,49,31,10,24,25,5,33,19,36,20,48,23,46,47,17,37,29
229;63;77176;17415;29,15,46,12,25,5,6,27,28,19,23,21,37,45,9,32,16,7,0,44,42,11,41,49,35,1,24,38,39,34,17,40,8,13,4,47,2,30,33,22,31,14,18,26,20,3,43,36,48,10
230;44;53901;12318;13,25,31,0,32,2,14,33,8,18,3,23,7,20,10,45,6,28,27,19,26,11,37,47,36,15,22,21,29,40,17,16,12,4,46,38,1,9,48,35,24,39,42,49,41,43,34,44,30,5
231;45;55126;12625;45,0,46,48,30,23,28,29,27,13,5,2,6,19,8,44,1,35,49,9,42,18,15,16,40,21,14,12,4,32,7,26,25,47,36,31,43,37,11,22,39,20,10,3,38,34,33,24,41,17
232;54;66151;15026;22,28,12,19,23,25,20,40,15,21,10,3,1,9,31,35,44,46,49,6,2,47,26,0,45,27,42,36,16,32,7,4,37,33,18,38,43,48,41,30,17,8,14,39,24,34,13,29,5,11
233;79;96776;21893;9,21,17,48,5,24,37,35,29,11,41,15,40,49,12,13,8,30,26,25,34,19,10,38,39,23,46,47,36,16,42,44,27,1,28,32,4,22,3,14,2,43,6,7,31,0,45,18,20,33
234;50;61251;13810;27,41,46,10,23,48,25,36,28,19,5,1,44,47,24,4,9,12,2,38,43,45,6,7,14,35,16,49,0,32,42,13,30,26,8,17,18,3,20,37,39,21,15,11,22,34,29,40,31,33
235;63;77176;17471;29,9,33,28,3,20,19,17,11,22,31,12,42,37,16,27,1,44,45,15,32,8,13,0,7,21,40,14,18,2,4,26,36,47,25,34,24,23,5,46,49,48,10,39,35,38,30,43,6,41
236;54;66151;14918;17,8,33,20,22,31,29,34,37,11,3,14,13,39,18,27,28,30,45,4,0,40,9,42,2,12,15,16,21,32,7,26,36,47,10,24,6,19,1,41,35,38,23,43,5,49,25,46,44,48
237;57;69826;15783;11,21,34,5,41,38,43,42,39,44,1,37,29,9,15,35,6,49,0,40,13,4,16,14,8,12,17,18,32,7,24,27,25,45,23,48,2,28,3,19,26,10,47,46,20,30,36,31,22,33
238;46;56351;12740;32,14,19,27,45,47,6,23,0,28,36,8,7,46,18,44,1,35,43,5,30,22,10,26,48,13,3,33,20,31,2,4,37,25,29,24,49,11,21,40,39,16,12,42,9,34,17,38,15,41
239;49;60026;13546;1,44,5,6,25,13,11,45,41,37,23,28,24,27,38,46,19,47,35,39,34,33,10,26,30,36,31,48,20,22,3,15,9,21,12,4,49,29,43,14,32,18,8,2,7,0,40,42,17,16
240;56;68601;17504;15,41,18,23,5,14,40,13,21,29,19,11,9,8,37,48,46,10,30,44,33,27,1,31,20,28,26,3,22,24,17,43,25,47,4,38,7,36,45,49,0,42,12,39,35,34,16,32,6,2
241;61;74726;16848;33,3,26,5,27,30,28,10,19,23,25,20,22,48,31,38,41,1,24,45,2,35,46,0,32,6,47,49,36,42,16,43,4,12,18,7,44,40,37,21,17,8,13,29,15,34,14,39,9,11
242;58;71051;16130;11,5,45,3,28,35,27,49,44,1,22,41,37,6,29,21,15,9,40,13,7,18,4,32,14,43,17,8,2,0,24,33,20,31,23,10,42,26,25,36,39,48,19,30,47,34,46,16,12,38
243;56;68601;15508;13,7,11,12,4,15,18,34,8,37,9,14,5,39,17,42,16,32,0,6,49,1,41,43,35,28,24,44,27,45,38,40,29,21,30,36,2,25,19,20,26,10,33,31,3,47,48,22,23,46
244;51;62476;14954;11,17,5,28,27,45,9,38,44,1,6,29,37,41,24,21,12,15,40,43,34,14,8,4,39,13,32,18,7,2,0,49,22,35,3,30,16,25,19,10,36,20,31,48,46,26,33,47,23,42
245;46;56351;12823;26,31,21,36,47,15,16,29,30,12,9,3,20,40,22,23,19,25,10,11,34,13,37,2,39,17,14,33,8,18,4,7,0,32,43,35,48,28,41,27,24,49,6,45,1,38,42,46,44,5
246;49;60026;13536;41,37,43,14,13,18,5,49,44,1,8,11,29,35,38,19,23,25,46,17,42,15,21,4,16,24,39,12,9,40,34,27,6,28,0,26,22,45,32,48,31,47,2,30,33,10,36,20,7,3
247;55;67376;15223;28,9,22,37,40,8,4,0,11,3,18,17,12,2,6,16,21,15,42,35,34,1,41,38,39,44,27,49,43,24,45,33,20,31,30,10,7,25,13,5,19,47,26,48,23,46,36,32,14,29
248;56;68601;15477;29,6,15,20,3,21,5,42,19,23,22,35,49,46,28,12,37,25,16,45,17,41,11,24,27,9,39,1,44,38,34,30,10,48,31,2,4,33,13,43,7,47,26,0,14,32,36,18,40,8
249;50;61251;13826;26,31,12,39,34,9,30,11,47,36,15,3,20,16,22,5,25,10,48,29,17,33,37,14,13,21,40,8,18,4,2,43,41,44,28,45,7,38,19,6,0,27,1,42,35,49,24,32,23,46
250;40;49001;11119;40,21,25,26,47,10,37,16,11,17,36,15,29,12,9,13,8,31,33,23,42,3,22,46,19,20,1,35,28,27,44,24,41,38,6,0,4,5,30,7,39,43,45,32,14,34,49,2,48,18
251;59;72276;16359;49,19,13,44,28,37,6,45,41,1,11,35,43,27,46,12,9,42,16,25,34,48,5,38,39,23,47,10,36,30,26,24,29,17,33,2,15,8,18,22,7,3,20,0,14,32,31,21,4,40
252;56;68601;15494;1,6,34,11,28,15,41,12,44,39,38,27,35,9,45,17,37,13,24,4,0,14,18,32,2,8,16,7,43,49,42,40,29,21,19,26,30,25,23,20,10,36,22,3,46,31,47,48,5,33
253;57;69826;15829;33,14,22,28,11,43,37,2,31,20,44,8,36,3,18,39,35,46,34,47,29,9,12,21,19,4,16,15,40,42,17,24,41,1,10,48,7,13,6,26,38,5,23,30,25,45,27,32,49,0
254;53;64926;14866;3,33,21,44,1,8,22,15,28,40,18,31,2,9,20,6,35,36,0,10,4,46,19,30,12,23,27,48,45,16,42,26,5,13,25,7,49,37,41,17,39,29,47,32,24,34,14,38,11,43
255;47;57576;13119;14,26,28,41,1,11,8,3,18,29,44,13,43,22,5,32,7,6,0,30,45,46,23,2,27,19,20,48,10,31,33,24,37,17,9,40,49,4,47,16,39,21,12,42,38,34,15,35,25,36
256;55;67376;15903;33,21,3,23,10,22,37,13,31,25,20,15,9,26,12,46,48,19,42,40,32,4,18,0,7,8,36,14,47,2,16,30,39,34,29,24,45,5,6,44,49,17,11,41,1,43,38,35,28,27
257;56;68601;15554;12,47,35,19,23,6,10,43,42,46,25,36,26,49,16,17,40,29,24,5,7,8,30,32,14,48,4,13,18,0,2,45,27,38,9,34,31,41,28,44,22,15,21,37,33,11,39,3,1,20
258;69;84526;19074;28,23,45,44,41,38,5,49,6,27,1,19,25,35,46,8,18,13,14,30,43,20,33,36,47,48,3,10,31,26,22,24,0,2,12,34,7,4,11,15,40,39,16,9,21,17,42,32,37,29
259;63;77176;17503;28,23,13,41,44,8,1,49,6,5,43,27,19,35,45,47,32,36,24,0,26,33,10,2,30,46,20,48,31,3,22,18,7,14,40,34,38,25,11,15,42,12,9,39,21,16,4,17,37,29
260;59;72276;16398;23,46,41,30,48,24,28,38,27,44,5,10,19,1,25,14,8,13,26,43,47,6,49,16,36,35,45,42,0,32,7,34,2,39,12,21,18,11,20,22,29,15,4,40,3,17,9,33,37,31
261;59;72276;16262;4,44,36,33,3,26,22,10,12,20,31,1,9,16,24,37,27,11,17,41,42,46,48,49,43,5,30,35,39,34,38,47,23,25,19,18,45,15,6,8,32,29,21,14,13,7,40,0,28,2
262;56;68601;15517;35,23,14,8,18,5,49,7,42,43,13,19,25,16,46,15,21,12,4,20,2,26,48,31,33,30,47,10,36,0,32,29,45,6,41,34,3,37,9,1,17,39,11,44,27,24,38,22,40,28
263;54;66151;14912;47,28,46,19,23,16,25,5,36,10,42,30,26,48,6,3,31,20,22,49,34,41,44,38,39,35,27,43,1,24,45,12,9,4,15,0,33,11,13,18,14,2,21,32,8,7,40,17,37,29
264;54;66151;14900;29,6,5,21,15,25,19,42,46,23,37,45,28,9,27,32,40,0,7,44,17,35,11,24,43,1,39,41,49,38,34,16,4,12,48,33,14,36,13,3,26,20,10,31,22,2,30,18,47,8
265;46;56351;12759;11,38,15,37,25,12,23,42,46,19,21,39,34,9,41,16,5,29,17,28,24,6,35,45,27,44,49,1,0,32,7,43,2,4,8,26,48,40,36,31,20,13,18,3,33,22,14,30,47,10
266;50;61251;13801;5,1,31,25,27,37,23,20,48,10,33,41,44,30,38,45,43,6,49,28,34,11,22,39,35,3,29,46,19,17,24,26,36,47,13,32,2,18,9,21,42,14,8,40,15,16,7,0,4,12
267;53;64926;15079;28,9,7,15,21,8,29,0,11,14,18,17,40,32,6,16,4,12,42,35,34,41,44,39,49,43,27,38,1,24,45,13,5,37,46,26,2,25,23,20,31,30,33,22,10,3,48,36,19,47
268;61;74726;16953;13,18,19,41,39,11,43,32,5,23,29,14,8,46,7,36,35,49,47,10,2,20,30,31,0,48,22,33,3,26,34,44,6,28,1,4,17,37,21,9,16,27,38,12,15,42,45,24,25,40
269;57;69826;15737;2,0,3,26,20,37,48,11,30,31,33,28,5,22,6,23,25,10,46,41,43,27,1,49,35,44,39,24,45,38,34,17,8,13,18,4,36,29,21,40,42,7,14,12,9,16,32,47,19,15
270;62;75951;17128;19,37,26,5,48,13,46,47,23,10,30,29,11,36,25,49,41,35,24,17,42,9,15,16,4,21,40,12,39,34,38,8,14,18,33,32,1,20,3,43,27,2,31,0,6,45,7,44,22,28
271;46;56351;12806;33,5,29,22,3,19,23,21,31,20,46,48,10,15,30,47,25,36,26,16,32,13,40,0,7,12,8,14,18,2,4,42,37,9,11,49,17,28,45,1,39,44,41,35,27,34,43,24,6,38
272;48;58801;13379;29,46,15,23,25,37,12,34,11,9,21,19,16,39,42,3,5,40,22,28,17,44,41,24,35,6,38,49,1,27,45,0,7,32,8,2,20,13,30,33,36,18,14,43,31,47,4,26,48,10
273;49;60026;13542;14,13,24,40,9,17,43,28,41,1,27,8,4,44,18,35,12,49,38,30,34,33,11,26,39,37,31,20,3,22,2,45,0,6,5,32,16,15,47,23,46,21,48,19,10,7,29,42,25,36
274;55;67376;15203;44,27,12,48,5,30,28,43,9,11,15,1,24,4,41,23,10,25,46,35,34,45,6,38,39,42,7,49,32,0,2,16,37,17,33,22,19,13,14,36,40,20,31,26,18,47,3,29,8,21
275;88;107801;24276;41,11,45,28,6,30,33,38,1,27,48,37,29,5,44,15,40,9,21,2,32,13,8,7,0,18,39,14,17,24,34,43,35,49,4,16,22,31,20,10,26,46,12,36,25,47,42,19,3,23
276;57;69826;15913;15,41,31,43,14,20,5,3,21,33,29,37,13,28,11,39,30,26,34,1,24,8,44,17,27,22,18,9,40,4,2,12,42,16,47,46,38,36,10,35,0,23,25,7,49,32,19,45,48,6
277;59;72276;16346;37,25,48,3,22,31,11,26,10,20,33,23,4,30,46,38,35,39,34,9,17,21,15,42,29,12,47,19,40,16,36,2,8,18,28,45,49,13,14,6,32,1,44,24,7,0,27,43,5,41
278;55;67376;15214;29,28,12,22,3,25,40,16,21,15,23,19,44,9,46,26,36,47,38,27,32,49,35,0,7,1,42,6,45,24,17,20,31,10,2,43,30,41,37,8,39,18,33,14,13,34,4,48,11,5
279;64;78401;17818;40,15,8,19,46,17,36,14,47,35,29,21,25,18,9,10,48,23,30,4,38,42,16,34,39,12,7,49,2,0,32,13,11,37,6,45,33,41,26,1,3,44,28,27,22,24,43,31,5,20
280;52;63701;14406;6,25,26,33,20,2,41,30,5,0,31,23,45,48,10,1,28,27,24,47,16,43,46,42,36,19,39,35,49,34,38,22,12,3,4,14,44,37,9,8,29,7,13,18,40,17,32,21,11,15
281;46;56351;12846;5,37,20,47,43,10,41,31,48,22,36,11,29,3,33,12,25,38,16,39,34,14,30,2,4,26,13,18,8,17,24,46,23,19,35,32,40,21,44,28,27,0,6,7,1,45,49,42,15,9
282;51;62476;14147;22,18,13,5,48,23,31,30,3,20,10,33,2,26,8,1,41,44,27,25,38,15,37,4,12,11,40,9,21,39,34,46,29,19,14,42,45,28,7,35,24,16,36,43,49,17,47,0,6,32
283;55;67376;15220;1,12,23,44,41,43,28,47,6,19,5,27,9,25,45,29,11,24,17,16,34,48,10,38,39,36,35,30,46,42,49,0,7,32,20,31,40,15,37,33,18,3,22,2,14,4,26,8,21,13
284;70;85751;19335;11,34,31,37,33,26,48,3,2,30,20,39,5,22,0,8,18,13,14,28,45,41,35,44,27,6,49,1,43,38,24,17,36,10,4,16,7,25,47,15,19,12,9,21,29,42,40,32,23,46
285;56;68601;15529;22,31,34,11,29,39,37,40,12,15,9,3,33,21,20,18,8,4,2,23,30,47,26,48,10,25,16,36,19,46,42,17,35,38,44,27,14,5,28,43,0,1,41,49,6,45,24,32,13,7
286;58;71051;16057;29,21,47,25,23,36,6,16,19,46,35,15,9,42,12,48,5,10,30,49,32,4,43,7,0,40,8,2,18,14,13,17,37,26,11,39,45,33,20,1,27,38,41,44,22,34,24,28,31,3
287;56;68601;15490;9,49,27,5,23,19,25,45,1,44,28,38,35,6,41,16,12,46,42,15,7,11,37,32,0,21,39,29,17,24,34,43,47,40,14,22,4,13,30,20,31,18,8,3,33,2,26,36,48,10
288;60;73501;16571;13,25,31,14,18,3,8,20,37,40,22,30,21,33,26,12,9,15,4,5,42,48,10,16,17,23,29,36,46,47,19,2,28,11,35,0,24,43,41,45,39,32,6,49,27,34,7,38,44,1
289;68;83301;18783;20,3,5,37,23,34,12,30,10,25,38,33,22,48,31,32,49,7,0,2,16,8,18,47,36,4,13,40,14,26,43,39,41,11,9,17,35,19,28,1,45,21,15,24,44,27,29,42,6,46
290;65;79626;18180;18,19,11,27,1,37,14,5,8,44,41,28,43,13,23,47,49,35,36,39,34,33,10,30,26,46,20,48,31,3,22,24,25,38,4,40,2,29,45,15,0,9,12,21,7,32,17,42,6,16
291;55;67376;15304;37,23,41,44,28,24,45,39,27,11,1,25,13,38,5,21,9,15,40,47,22,48,10,20,3,36,30,31,33,26,34,2,18,8,14,0,17,6,29,35,42,32,43,4,46,49,7,16,19,12
292;57;69826;15764;26,5,31,21,15,28,11,20,37,22,3,13,29,33,25,24,1,41,17,19,49,48,10,35,42,23,30,46,38,39,34,40,12,9,36,2,27,6,8,18,7,4,47,0,14,32,16,45,44,43
293;55;67376;15243;40,30,25,9,21,42,19,16,46,23,15,4,18,12,48,14,13,8,7,36,32,20,33,26,47,10,31,22,3,0,2,45,37,27,6,38,17,5,28,41,24,43,35,39,1,34,49,44,29,11
294;70;85751;19887;37,47,24,11,29,32,13,17,8,14,7,26,36,18,25,49,5,41,43,40,38,9,15,4,30,21,16,12,39,34,42,44,1,35,6,0,33,23,48,46,3,45,28,19,22,2,27,31,10,20
295;56;68601;15598;38,27,6,25,24,43,41,28,1,44,49,45,39,35,5,29,37,11,17,46,34,10,23,48,30,19,31,33,20,22,3,26,36,47,13,32,21,42,12,18,4,14,8,0,16,2,7,40,9,15
296;53;64926;14736;3,33,0,28,43,45,22,2,30,4,6,31,26,12,20,8,18,14,13,48,49,10,23,46,35,25,47,19,36,42,16,32,27,7,40,29,38,1,41,37,24,21,9,11,44,17,15,34,5,39
297;47;57576;13001;31,30,45,44,41,27,22,43,3,28,1,20,33,6,26,29,37,11,17,48,38,19,23,47,25,5,46,10,36,35,49,24,0,2,12,7,15,13,9,18,39,4,16,14,8,34,32,21,42,40
298;61;74726;16980;37,5,16,11,12,40,15,47,42,21,29,13,28,36,25,39,9,38,34,23,26,10,46,3,22,19,48,20,30,31,33,14,8,18,4,32,27,35,41,49,17,2,43,0,6,24,7,45,44,1
299;61;74726;16965;25,23,12,17,37,4,29,42,21,15,9,19,5,40,46,8,18,13,14,30,16,33,10,36,47,48,20,26,31,3,22,34,11,39,38,27,2,28,44,6,32,1,41,45,49,0,24,7,35,43
300;50;61251;13878;40,47,1,37,11,44,6,21,9,28,41,12,36,15,16,48,5,10,30,19,42,27,25,35,46,23,39,49,45,38,34,24,29,17,43,32,20,13,22,4,2,14,8,18,33,0,7,31,26,3
301;59;72276;17294;9,42,48,18,5,33,4,46,40,27,37,12,29,45,16,49,6,35,17,47,0,25,10,19,2,36,15,23,21,32,7,14,13,8,30,3,24,28,44,43,39,31,20,22,11,34,26,38,1,41
302;55;67376;15277;3,47,11,28,10,25,36,37,31,20,23,22,19,33,26,5,46,48,30,29,40,14,8,21,15,13,0,18,2,7,32,27,6,45,4,43,34,9,1,35,24,42,12,49,38,17,16,39,44,41
303;52;63701;14433;15,29,45,37,4,27,9,6,12,23,10,21,40,25,19,18,13,8,14,7,0,36,47,49,32,46,17,35,16,42,24,28,44,1,11,26,2,41,5,33,30,3,20,31,48,34,22,39,43,38
304;54;66151;14979;41,27,29,48,5,33,28,17,11,37,13,1,45,24,44,0,6,32,2,30,34,12,18,39,38,8,15,4,9,40,21,19,25,23,46,47,7,35,42,22,31,36,20,26,3,43,10,14,49,16
305;54;66151;14945;44,46,3,10,23,22,33,1,28,31,20,48,19,27,5,29,37,11,17,35,34,6,43,38,39,41,24,49,45,0,2,30,25,26,9,42,13,47,18,4,7,15,40,12,32,16,21,14,36,8
306;66;80851;18181;25,36,33,29,31,4,19,11,23,20,12,16,47,37,10,17,13,26,24,41,42,46,48,49,43,5,30,35,38,39,34,15,9,21,40,32,27,3,6,8,14,0,22,18,44,7,2,45,28,1
307;59;72276;16351;44,13,40,25,4,16,1,21,18,9,12,8,5,15,37,48,33,30,26,11,17,14,43,24,29,41,32,38,39,34,7,49,2,0,27,46,31,6,22,23,10,35,45,19,47,36,42,20,28,3
308;82;100451;22678;28,29,9,21,15,7,27,44,45,0,32,19,37,1,6,23,47,25,5,41,34,17,43,38,39,11,46,24,35,49,42,40,12,16,14,2,36,22,20,33,30,18,8,13,31,26,4,48,3,10
309;49;60026;13581;48,35,20,4,12,3,23,31,10,25,18,46,19,33,2,27,28,30,38,6,0,14,47,32,45,36,16,7,43,49,42,22,40,26,9,24,34,5,8,21,11,41,1,29,15,17,44,39,13,37
310;47;57576;12970;41,48,36,1,44,47,11,35,29,19,28,5,23,6,46,39,37,25,34,10,22,0,43,3,20,49,2,33,31,17,24,26,38,30,13,4,21,27,42,12,32,18,8,16,40,7,14,15,45,9
311;62;75951;17156;19,41,21,10,48,16,5,9,23,25,12,46,24,15,38,39,30,43,34,28,42,27,1,49,35,44,7,6,45,0,32,40,47,36,29,14,22,37,26,4,31,8,17,18,33,2,13,3,11,20
312;58;71051;16461;21,10,16,46,9,42,23,11,25,15,12,36,19,37,47,13,30,8,14,26,3,18,40,31,20,29,4,33,22,2,17,34,38,39,35,24,7,48,28,1,45,43,41,6,44,0,49,32,5,27
313;77;94326;21367;11,29,27,38,39,45,5,43,41,1,28,24,37,44,17,47,36,25,26,15,42,40,21,16,12,9,13,4,8,18,14,49,35,6,19,0,30,23,3,48,31,32,46,2,33,34,7,10,22,20
314;60;73501;16661;18,13,6,12,9,43,4,0,14,7,40,8,30,32,2,21,37,15,17,28,24,20,33,27,45,44,31,1,22,3,26,16,49,42,48,35,11,25,5,19,39,47,10,46,23,34,36,38,41,29
315;54;66151;14971;28,26,39,48,5,9,1,34,37,11,41,30,27,44,13,0,6,45,32,4,7,20,33,14,43,8,3,18,31,2,22,40,21,15,10,16,49,12,25,46,17,47,23,19,29,42,36,24,38,35
316;52;63701;14530;16,23,7,5,13,8,12,0,4,18,14,19,25,32,46,27,28,6,45,36,30,22,26,10,48,47,3,33,20,31,2,43,35,49,44,24,37,42,21,9,17,41,1,39,40,34,38,11,15,29
317;55;67376;15263;25,23,15,17,37,4,29,42,40,21,9,19,5,12,46,8,14,18,13,30,16,10,33,36,47,48,31,26,20,22,3,2,32,7,35,34,24,11,44,43,45,49,6,39,41,38,0,27,28,1
318;57;69826;15778;22,3,11,5,48,24,9,37,1,44,41,20,28,33,31,35,42,46,49,25,2,27,23,0,6,10,15,45,21,32,7,17,19,29,40,43,30,38,12,18,4,16,36,14,8,34,47,26,39,13
319;62;75951;17092;31,6,30,23,10,19,33,11,20,48,46,3,5,22,28,8,18,13,14,45,43,41,1,49,35,27,38,44,39,34,24,26,37,25,36,21,7,29,2,12,4,16,47,15,9,40,42,32,17,0
320;56;68601;15543;30,2,22,36,10,3,48,11,33,20,31,8,46,37,18,25,23,19,47,17,34,9,40,4,39,29,15,12,21,16,42,26,14,13,5,24,7,28,49,38,45,44,41,1,6,27,43,32,35,0
321;44;53901;12246;15,29,27,41,28,44,9,38,12,23,1,21,40,25,19,39,37,11,34,35,17,49,6,24,16,46,45,42,0,32,7,43,36,47,14,26,4,5,10,22,31,13,18,3,20,2,8,33,48,30
322;63;77176;17511;28,32,37,14,18,13,9,17,2,4,8,0,7,11,6,16,15,12,42,35,43,41,1,45,49,44,39,27,24,38,34,40,21,29,22,26,46,5,30,10,36,31,33,20,48,47,3,19,25,23
323;46;56351;12773;25,36,3,16,12,38,23,26,20,22,39,47,37,31,10,32,29,11,0,14,2,33,5,8,13,7,30,18,48,4,34,40,15,21,9,49,45,19,28,44,1,43,42,35,41,24,17,27,46,6
324;62;75951;17149;18,8,19,10,23,46,32,36,14,7,25,4,13,47,12,48,33,5,30,37,42,21,40,16,11,9,39,15,29,17,34,38,49,35,43,24,26,41,31,44,27,2,6,1,28,45,0,22,20,3
325;64;78401;17707;28,21,38,37,39,25,11,27,44,41,23,9,19,1,15,16,40,12,34,29,7,35,6,0,32,46,42,45,49,17,24,5,10,48,30,2,47,36,3,13,18,31,20,26,8,4,33,43,22,14
326;65;79626;18026;33,15,3,1,27,44,11,2,20,22,28,37,9,31,21,23,19,25,10,12,16,4,26,47,36,30,8,40,18,14,13,7,0,32,6,49,17,29,5,38,39,42,45,35,41,34,43,24,48,46
327;67;82076;18603;35,16,28,4,12,27,49,19,25,6,45,42,0,23,46,7,39,32,34,30,47,20,33,26,36,48,22,10,3,31,2,43,1,38,41,24,15,9,18,14,29,13,5,8,11,17,44,21,40,37
328;55;67376;15298;3,27,24,12,4,15,22,43,44,11,9,28,31,41,1,23,20,25,10,2,32,49,35,0,7,6,39,45,42,38,34,16,40,21,18,17,30,19,5,37,36,29,8,13,33,47,14,26,46,48
329;72;88201;19884;19,27,38,37,25,8,23,44,5,13,11,28,46,41,1,36,48,10,47,35,45,43,14,0,6,29,17,49,7,32,24,34,18,39,21,42,33,30,22,12,2,9,15,4,3,16,40,31,26,20
330;57;69826;15766;37,29,14,4,12,40,15,16,21,8,18,25,3,13,5,17,11,22,2,19,30,31,20,48,46,23,36,33,10,26,47,42,43,9,44,34,7,28,6,1,45,39,41,49,27,24,38,32,35,0
331;68;83301;18766;1,44,36,19,23,47,28,43,27,10,25,41,9,6,5,29,11,24,17,45,34,46,48,38,39,12,49,30,35,42,16,4,40,26,13,7,22,21,37,0,31,14,8,32,33,2,18,3,15,20
332;50;61251;13848;31,46,43,8,13,18,30,36,33,26,14,20,19,47,35,22,28,3,29,25,49,48,5,45,6,23,7,10,32,0,2,4,37,27,38,16,40,1,41,9,24,39,12,42,15,17,34,21,44,11
333;46;56351;12744;8,12,1,3,22,27,14,41,13,5,28,18,16,44,4,49,25,35,42,40,38,11,37,21,15,9,39,29,17,24,34,43,6,45,7,2,26,33,20,10,19,32,30,48,23,46,0,47,31,36
334;44;53901;12293;3,33,25,11,37,49,15,6,28,21,35,20,22,29,31,8,18,14,13,5,27,19,23,45,48,10,7,46,32,0,2,44,41,1,43,38,42,9,12,36,39,17,26,47,30,34,24,16,40,4
335;57;69826;15761;37,44,12,28,6,45,1,40,15,9,27,11,41,21,29,42,35,49,16,13,4,24,17,18,8,43,32,14,7,2,0,38,34,39,25,19,33,5,3,23,10,47,30,46,48,36,26,31,22,20
336;52;63701;14431;41,12,37,6,28,45,1,21,44,11,27,9,5,15,29,0,2,7,32,4,24,14,8,40,17,13,47,18,36,16,43,19,23,25,46,3,39,42,35,48,33,22,10,20,30,31,26,34,49,38
337;51;62476;14141;31,37,2,11,26,36,20,17,3,22,47,33,13,29,8,28,30,19,44,15,42,40,9,16,12,21,18,4,14,7,32,0,39,34,43,38,27,25,10,5,45,35,6,41,48,24,49,1,23,46
338;53;64926;14678;35,47,39,1,11,44,37,42,21,15,41,29,36,9,49,3,28,26,22,12,24,8,18,17,16,40,13,4,14,43,34,38,5,25,7,0,20,6,19,46,10,45,27,48,23,2,32,31,30,33
339;60;73501;16632;27,44,17,40,37,29,22,24,9,15,21,1,28,11,41,20,33,3,31,42,34,6,35,38,39,43,7,49,45,0,32,14,8,18,4,26,46,2,25,36,48,16,12,47,5,30,13,10,19,23
340;49;60026;13515;42,6,47,23,10,19,46,9,16,36,25,35,20,12,49,27,26,31,45,28,24,11,22,44,1,3,39,41,43,38,34,40,21,15,37,4,7,30,5,8,0,29,33,18,13,2,17,32,48,14
341;63;77176;17444;15,40,3,17,13,22,37,20,33,5,29,21,9,31,12,4,8,18,2,25,30,46,19,26,48,23,42,10,47,36,16,7,32,14,28,43,0,11,49,44,38,27,6,1,41,24,45,34,35,39
342;65;79626;18063;19,18,5,15,21,37,29,48,46,23,25,8,40,30,13,12,42,16,4,7,47,33,2,26,36,14,22,10,20,31,3,32,17,0,28,24,43,9,35,44,39,27,6,1,41,34,45,38,11,49
343;61;74726;16858;6,27,43,41,44,35,1,16,12,9,49,45,28,42,4,25,23,10,38,40,47,20,33,26,36,18,3,22,31,2,0,32,14,7,8,24,19,5,30,37,39,21,13,17,11,34,15,29,48,46
344;55;67376;15235;37,21,20,8,40,14,11,10,33,31,18,29,15,23,19,12,9,4,16,25,34,6,36,38,39,47,7,45,32,0,2,22,28,3,27,49,42,13,30,41,17,43,1,35,5,24,44,46,26,48
345;57;69826;15744;13,28,23,30,38,25,41,46,5,48,10,1,44,19,27,3,31,20,22,36,26,6,49,43,47,35,45,14,7,32,0,24,17,29,11,40,2,8,18,12,39,15,37,9,4,34,21,42,33,16
346;49;60026;13626;37,15,10,41,5,20,11,46,19,23,33,21,9,48,29,27,44,1,45,30,7,38,12,34,32,25,42,39,16,24,17,40,36,47,26,18,28,22,3,43,0,8,13,4,49,2,14,6,31,35
347;44;53901;12204;7,0,44,6,41,28,9,18,14,43,1,32,40,8,2,39,35,49,34,3,24,33,20,17,29,31,37,22,11,21,15,4,45,27,13,16,36,19,23,30,25,12,5,26,48,38,42,47,46,10
348;70;85751;19307;27,25,6,44,41,49,5,35,45,1,43,23,38,28,19,39,37,11,34,33,22,30,48,20,3,46,36,31,10,26,47,24,13,42,14,2,15,29,9,8,16,32,7,18,40,4,0,12,17,21
349;57;69826;15790;1,38,45,21,15,29,28,35,11,27,37,44,9,6,41,18,12,40,4,8,34,43,49,7,39,13,17,14,0,32,24,42,46,19,23,36,22,5,48,26,31,47,25,10,20,2,16,3,30,33
350;51;62476;14050;30,33,34,13,5,39,26,19,47,25,38,20,43,23,31,18,4,14,8,36,7,46,48,32,2,10,35,45,6,0,49,42,12,16,28,24,29,3,37,9,11,1,41,44,15,17,27,40,22,21
351;65;79626;17943;28,32,9,37,19,21,46,17,11,29,15,0,7,42,6,13,5,8,14,45,43,44,1,49,35,27,39,41,38,24,34,40,25,23,16,26,48,12,4,20,31,36,10,22,3,2,47,30,18,33
352;43;52676;11866;22,24,49,11,44,43,31,35,3,28,6,1,26,41,20,16,9,12,42,25,34,10,23,38,39,46,5,30,48,45,27,36,19,47,2,14,15,33,4,8,29,7,0,13,18,17,32,21,37,40
353;66;80851;18252;33,2,14,28,30,26,20,18,31,3,13,22,44,8,29,27,41,1,24,11,34,21,15,17,39,37,12,9,40,4,16,43,36,47,10,0,38,25,48,35,45,32,6,49,46,42,7,19,5,23
354;54;66151;14898;40,42,20,22,3,31,9,29,15,37,33,12,17,21,16,1,28,27,24,23,19,5,10,47,46,25,13,36,48,26,30,34,11,39,38,0,45,41,6,18,7,4,35,49,8,32,2,14,44,43
355;48;58801;13238;37,25,38,6,35,49,46,44,11,41,39,19,23,28,29,10,5,47,36,12,24,15,9,16,17,1,27,40,21,42,45,34,4,43,7,2,13,48,26,3,18,0,22,31,20,33,32,8,30,14
356;57;69826;15731;15,25,26,14,29,13,9,30,21,40,5,23,12,48,10,33,18,37,4,46,7,36,47,38,32,19,16,35,42,39,34,17,49,8,43,2,27,20,41,3,44,45,6,31,28,24,0,1,11,22
357;51;62476;14100;19,47,49,41,5,30,11,35,23,10,48,36,37,46,25,27,1,24,45,38,34,15,9,42,39,12,21,16,40,17,29,26,22,20,33,14,44,6,3,2,0,8,18,7,31,32,13,43,28,4
358;59;72276;16823;49,46,27,41,5,44,38,45,6,23,1,35,39,28,0,37,25,11,13,2,34,10,48,26,30,36,22,33,20,31,3,43,47,19,12,40,32,4,18,15,24,16,9,21,29,17,42,7,8,14
359;65;79626;17946;23,36,30,22,3,41,26,46,31,20,5,25,47,48,10,44,28,1,27,2,32,35,6,0,7,43,39,45,49,38,34,24,19,33,13,42,11,4,9,40,29,18,8,16,21,17,14,37,12,15
360;54;66151;14952;25,36,30,22,20,3,46,5,23,10,31,37,15,48,33,4,2,12,16,47,7,8,13,14,32,26,19,18,21,40,29,17,28,11,44,38,0,9,27,35,49,41,1,39,43,34,24,45,42,6
361;74;90651;21039;40,14,38,12,4,2,1,34,9,32,0,18,43,39,7,35,28,6,49,41,24,37,11,13,5,44,15,8,21,17,29,27,22,45,3,30,47,26,23,10,16,20,31,48,46,42,33,36,25,19
362;46;56351;12776;0,22,29,28,6,8,7,5,32,14,18,2,25,13,3,49,45,35,43,46,33,30,19,31,20,23,26,48,10,36,47,40,37,21,15,42,27,11,44,9,39,4,12,17,24,34,16,38,41,1
363;56;68601;15455;33,8,44,27,28,41,31,11,20,3,1,37,2,22,18,29,14,24,17,4,40,16,12,15,21,30,38,9,42,39,34,26,5,13,48,0,19,25,10,35,7,6,43,49,46,32,45,47,23,36
364;54;66151;14911;38,1,4,5,13,18,43,16,49,8,14,44,35,12,41,45,28,6,27,9,40,11,37,21,15,42,39,29,24,17,34,7,0,32,2,31,19,25,46,10,30,3,33,20,48,26,22,47,23,36
365;46;56351;12827;37,15,14,20,31,28,33,43,18,13,3,21,5,8,29,12,30,4,2,9,34,41,22,38,39,40,1,11,44,17,24,27,7,26,19,32,16,23,10,35,49,47,6,36,46,0,45,42,25,48
366;55;67376;15254;30,47,3,23,25,37,10,33,48,20,22,36,5,31,26,27,28,6,45,16,32,13,43,0,7,12,18,14,8,2,4,40,24,17,11,34,46,29,21,1,35,39,41,44,9,49,38,42,19,15
367;55;67376;15195;3,33,0,28,6,27,37,32,22,2,45,31,13,7,20,35,49,19,46,5,47,10,25,26,36,23,39,48,30,34,38,11,1,41,44,17,42,14,8,15,16,29,43,21,9,40,24,12,18,4
368;51;62476;14097;37,9,3,30,11,22,19,31,17,29,20,15,42,33,21,23,46,10,25,40,2,14,13,4,18,12,26,8,16,36,47,43,44,28,41,34,7,5,35,27,0,39,1,38,6,45,24,32,48,49
369;56;68601;15504;11,13,9,2,18,4,37,17,29,21,40,8,5,15,14,46,19,49,35,43,32,44,28,0,7,41,1,6,27,45,24,42,12,16,25,34,33,23,3,36,48,39,47,26,10,30,38,31,22,20
370;55;67376;15200;40,29,27,19,28,23,4,15,9,12,25,18,14,21,1,46,35,16,42,8,17,41,5,38,24,44,11,13,37,39,34,43,6,45,49,32,47,30,33,31,2,22,3,26,20,0,7,36,48,10
371;62;75951;17385;40,1,18,5,13,14,21,33,15,29,8,9,27,37,28,30,48,26,38,41,24,20,11,17,43,44,22,31,3,39,34,2,12,4,45,0,10,19,25,35,7,42,6,49,46,32,16,36,23,47
372;53;64926;14632;46,42,11,10,25,37,23,34,19,29,17,48,30,39,5,31,33,20,3,6,45,41,44,38,27,28,43,1,35,49,24,15,9,21,12,16,22,26,8,4,32,47,40,2,18,0,36,7,13,14
373;65;79626;17989;15,29,10,9,4,30,5,25,46,48,12,19,37,23,21,0,33,17,2,8,7,26,40,14,32,18,36,13,47,16,42,34,38,39,35,44,31,11,6,41,43,27,49,1,28,24,45,3,20,22
374;50;61251;13780;23,37,44,31,3,6,33,1,10,20,28,11,25,22,41,19,46,36,47,48,13,38,45,26,5,27,17,30,39,34,24,43,49,35,8,7,40,29,12,18,16,32,2,14,4,42,0,21,9,15
375;52;63701;14408;11,3,47,28,19,25,29,10,37,46,23,20,22,36,31,43,44,41,38,2,34,18,8,26,39,14,33,13,5,30,48,40,15,21,9,42,24,35,27,7,49,12,4,32,45,0,16,17,1,6
376;57;69826;15791;12,39,19,20,10,46,9,29,15,25,23,40,38,21,37,22,41,11,26,5,34,18,14,30,48,33,4,13,8,24,17,16,36,47,31,0,44,3,28,35,7,2,43,49,6,32,42,45,1,27
377;59;72276;16321;44,1,18,14,43,42,6,40,12,8,16,41,28,4,9,3,25,22,7,45,34,21,15,39,38,27,29,37,11,17,24,49,13,35,5,0,31,19,33,26,36,48,46,32,47,2,30,10,23,20
378;61;74726;16835;11,25,43,45,27,44,6,35,41,28,1,23,37,49,5,32,2,0,7,38,34,31,3,30,39,22,10,33,20,48,46,24,13,26,15,16,14,19,47,21,4,12,9,40,29,17,42,18,36,8
379;64;78401;17693;28,49,15,25,23,37,5,42,46,19,21,6,43,29,35,16,40,12,4,11,34,1,44,38,39,9,45,41,27,24,17,7,0,32,47,8,36,22,20,33,30,14,26,18,31,2,13,48,3,10
380;48;58801;13279;23,46,26,37,33,21,20,47,10,31,15,48,19,36,25,3,28,6,22,7,0,12,38,2,32,30,16,4,27,45,42,49,43,35,5,17,18,9,1,44,39,11,41,24,13,34,29,8,40,14
381;51;62476;14196;44,11,13,6,28,19,45,8,1,5,23,41,25,27,37,32,35,49,0,12,34,15,9,39,38,4,29,40,21,17,24,18,7,14,22,31,47,43,30,10,16,20,3,2,48,42,33,36,46,26
382;61;74726;16849;37,21,14,20,3,31,28,18,5,13,33,15,27,8,29,19,23,30,26,40,17,41,1,24,22,9,44,11,38,39,34,43,12,4,7,16,48,6,45,49,47,0,32,42,35,36,2,46,25,10
383;67;82076;18587;48,37,3,29,10,47,5,26,22,20,36,30,11,31,33,49,6,41,43,17,24,14,8,0,2,13,39,18,7,32,34,38,23,25,19,42,45,28,1,40,12,21,35,15,9,16,46,4,44,27
384;56;68601;15613;9,37,2,3,20,30,22,4,26,33,31,15,11,12,13,23,46,25,10,19,42,14,18,16,36,8,29,47,21,40,17,7,0,32,44,49,34,28,5,1,27,35,6,24,41,45,43,38,48,39
385;51;62476;14146;1,41,19,23,35,42,27,21,9,28,46,5,38,15,44,45,6,49,43,11,24,8,13,17,29,37,18,14,39,34,40,4,16,12,30,32,22,25,26,36,31,0,48,10,33,7,2,3,47,20
386;62;75951;17143;25,35,8,31,20,18,10,37,48,30,33,46,23,13,5,0,6,2,32,29,7,38,41,43,14,11,39,49,17,24,34,26,47,36,22,40,45,19,28,12,42,15,3,9,4,16,21,27,44,1
387;65;79626;18246;11,38,45,37,29,17,28,24,6,1,27,41,5,35,44,31,33,22,3,43,34,8,13,2,39,49,7,18,14,0,32,4,40,9,21,42,20,30,26,25,47,16,15,19,23,46,12,36,48,10
388;56;68601;15697;18,19,14,6,29,43,0,5,8,32,7,23,28,13,46,27,40,45,4,2,30,10,36,26,48,47,22,33,20,31,3,35,25,49,12,34,1,37,15,11,17,38,16,39,41,24,42,44,21,9
389;50;61251;13914;25,9,20,30,48,22,33,26,23,31,3,15,37,10,21,18,5,11,2,4,42,46,40,16,36,12,29,47,19,17,24,34,38,39,13,32,27,41,1,44,49,14,8,43,35,0,7,45,28,6
390;51;62476;14192;36,47,3,46,19,29,23,33,10,20,22,5,40,31,48,12,21,25,16,30,43,8,13,14,4,26,32,18,7,2,0,45,28,6,27,24,42,37,9,11,39,41,1,17,38,34,44,49,15,35
391;55;67376;15276;44,20,30,24,41,48,1,45,28,27,5,22,26,6,3,29,37,11,17,33,0,8,13,32,2,31,4,18,14,7,43,49,46,35,38,42,36,10,25,15,40,39,12,9,21,16,34,47,23,19
392;48;58801;13863;29,23,15,37,7,32,14,40,8,18,9,13,5,21,19,31,3,20,33,48,4,25,10,12,30,46,47,26,36,16,42,17,0,2,11,49,27,22,6,44,39,43,41,35,1,34,24,38,28,45
393;49;60026;13605;25,11,20,47,36,28,46,22,23,10,19,37,35,33,13,29,49,6,17,45,34,41,1,38,39,26,48,27,5,24,30,3,44,31,8,2,0,21,9,12,42,14,18,4,40,16,43,32,15,7
394;74;90651;20563;23,48,6,9,1,44,41,43,19,27,28,5,30,45,10,26,13,4,24,12,47,35,46,16,36,25,39,42,49,38,34,40,21,15,29,0,22,37,8,18,31,32,17,14,33,2,7,3,11,20
395;57;69826;15800;11,42,29,23,25,46,37,32,15,21,19,9,39,7,17,16,40,12,34,28,38,6,44,45,27,41,49,1,35,24,0,5,8,13,18,30,22,14,47,10,31,48,4,33,36,26,2,3,43,20
396;58;71051;16064;1,49,29,6,28,27,5,21,41,11,37,44,35,15,9,23,25,19,46,42,24,13,43,17,16,12,8,40,14,18,4,45,39,38,7,2,22,36,10,33,26,0,48,30,31,34,32,3,47,20
397;53;64926;14731;33,3,25,26,30,47,48,19,46,10,36,20,22,23,31,8,13,18,14,40,2,15,21,0,4,9,16,12,7,32,42,45,37,27,5,24,43,28,29,11,17,41,1,39,44,34,38,49,6,35
398;57;69826;15775;25,5,35,41,11,49,37,34,38,39,43,23,13,46,19,18,29,8,14,48,2,36,10,31,33,30,47,20,22,3,26,0,28,6,44,32,40,4,16,9,24,27,1,42,15,7,45,17,12,21
399;61;74726;16858;25,17,46,26,30,5,36,19,47,10,48,29,37,23,38,31,18,20,33,4,16,15,21,42,12,40,32,9,39,34,7,13,8,14,35,44,2,11,3,6,45,49,41,1,28,27,43,0,22,24
400;55;67376;15228;25,32,19,16,45,28,6,46,49,35,42,0,7,23,2,4,43,12,38,47,34,33,10,26,30,36,31,48,20,22,3,27,44,1,14,40,39,41,13,9,29,8,18,21,15,17,24,11,5,37
401;63;77176;17939;21,12,33,10,37,22,13,40,8,3,20,15,9,18,4,19,23,25,29,2,32,43,26,7,0,31,36,14,47,16,42,30,46,48,49,38,45,5,28,41,17,39,35,44,1,24,34,27,6,11
402;44;53901;12214;1,19,11,37,25,16,21,44,9,15,12,28,23,41,27,17,5,29,24,46,34,45,6,38,39,42,0,35,49,32,7,43,40,4,14,2,22,47,10,33,48,13,18,26,31,30,8,3,36,20
403;45;55126;12555;5,10,4,23,25,41,47,18,13,14,43,48,36,8,30,35,28,19,46,11,26,33,29,3,22,37,2,20,31,17,24,44,27,1,21,39,49,40,45,12,32,15,9,7,16,34,38,42,6,0
404;57;69826;15872;15,42,8,5,13,18,37,29,21,40,14,12,16,4,9,47,26,25,36,35,43,11,44,38,49,1,24,41,39,34,17,22,28,3,19,31,27,30,23,48,32,20,46,2,10,0,33,45,6,7
405;48;58801;13364;29,23,37,9,1,44,21,39,28,15,41,19,5,11,46,8,40,27,13,10,22,30,33,3,20,48,17,31,26,34,24,38,35,25,47,0,14,12,4,42,7,6,36,45,16,32,49,43,18,2
406;52;63701;14465;14,23,49,1,41,6,18,35,8,28,44,5,19,43,13,17,2,29,24,30,47,33,48,26,36,46,22,10,20,31,3,34,11,39,37,21,0,27,4,9,16,40,25,15,12,42,38,32,45,7
407;62;75951;17175;9,16,44,5,38,1,43,34,37,11,41,12,42,39,15,47,36,25,26,21,24,18,40,17,29,4,13,32,8,14,7,27,28,45,30,31,35,6,23,48,0,20,22,33,10,2,3,49,19,46
408;51;62476;14127;40,14,4,48,33,12,27,37,21,15,30,18,28,9,29,47,19,43,26,13,17,44,1,24,5,8,39,41,11,38,34,16,45,42,6,22,46,25,10,31,7,2,49,3,20,32,0,35,23,36
409;74;90651;20361;3,28,48,25,23,46,31,5,26,20,10,22,11,30,6,2,37,33,0,44,45,35,41,24,27,43,39,1,49,38,34,4,9,12,36,40,17,15,21,8,7,16,47,18,13,14,42,32,19,29
410;57;69826;15835;47,45,31,22,37,3,25,33,36,23,20,27,6,10,26,16,40,12,43,30,4,13,5,8,18,48,32,14,7,2,0,46,28,19,1,42,21,29,41,17,39,49,44,24,38,34,35,15,11,9
411;72;88201;19902;19,5,47,49,35,45,28,10,23,6,25,46,13,36,48,18,8,14,43,33,22,7,26,3,20,30,32,31,2,0,34,38,1,27,16,21,39,44,37,9,17,15,12,40,4,24,42,29,41,11
412;50;61251;13827;17,42,26,4,22,30,9,20,40,12,3,29,11,31,16,45,28,27,2,15,46,48,33,19,21,37,10,23,25,47,36,34,38,39,5,13,0,1,35,18,14,44,41,8,49,43,24,32,6,7
413;60;73501;16646;5,46,45,37,1,39,35,25,28,6,38,19,13,27,23,14,8,18,7,22,47,33,31,36,26,3,48,20,10,30,34,2,32,0,41,24,4,44,9,29,16,43,11,17,21,42,49,12,40,15
414;59;72276;16273;48,36,18,26,30,22,33,4,31,20,3,10,47,12,46,39,25,38,34,35,42,6,43,49,16,14,7,45,32,0,2,19,23,28,27,15,44,13,5,40,24,11,37,21,9,17,29,1,8,41
415;65;79626;18046;44,27,34,21,11,25,15,35,41,39,37,1,28,38,9,18,8,40,2,45,4,0,49,16,12,6,7,42,32,17,24,43,14,29,5,48,22,13,47,33,20,46,23,10,31,30,19,3,36,26
416;60;73501;16658;41,44,38,19,23,35,49,30,5,10,46,6,43,48,28,8,18,13,14,24,45,20,33,26,27,1,31,22,3,0,2,34,11,39,37,16,32,25,36,15,40,12,4,9,21,17,42,7,47,29
417;61;74726;16850;36,16,44,23,20,3,10,41,26,22,31,47,12,1,25,18,30,33,4,40,34,21,15,39,38,9,29,37,11,17,24,27,19,28,46,32,8,5,43,6,2,45,35,7,49,0,42,14,48,13
418;51;62476;14051;11,5,3,10,26,22,30,31,37,48,20,41,38,33,44,25,23,36,47,43,34,14,8,4,39,13,7,18,2,0,32,49,46,35,29,21,27,6,1,9,16,24,40,15,12,42,17,45,28,19
419;52;63701;14383;9,21,35,11,6,3,41,49,1,28,22,15,24,44,42,19,5,29,17,26,47,8,13,16,36,12,4,40,18,14,43,27,37,45,20,0,46,25,10,7,39,2,31,32,38,34,33,30,23,48
420;64;78401;17638;6,43,48,22,3,31,28,36,5,30,20,41,44,10,49,32,14,13,7,26,24,19,23,38,25,1,35,47,46,27,45,2,33,0,4,40,29,18,37,15,39,16,12,9,21,34,42,17,8,11
421;62;75951;17206;22,31,18,15,11,40,37,29,2,8,21,3,25,14,33,39,38,17,34,23,46,5,10,47,19,20,13,36,48,26,30,4,16,12,42,0,24,9,1,6,43,32,27,45,35,49,7,44,28,41
422;54;66151;14871;45,32,35,19,23,48,6,36,25,10,46,0,7,47,49,31,33,20,2,30,34,9,15,38,39,21,4,40,12,16,42,43,41,5,27,17,22,37,11,8,14,44,1,13,28,26,24,3,29,18
423;53;64926;14658;14,13,3,37,33,20,18,17,11,29,31,8,5,22,2,23,10,46,19,44,43,1,28,49,35,41,27,6,45,0,24,7,48,32,21,4,36,30,25,34,42,9,15,12,39,16,40,47,26,38
424;57;69826;15778;23,14,4,21,25,12,29,30,46,5,16,13,19,48,8,39,43,38,34,40,26,20,33,36,47,18,22,10,3,31,2,37,11,15,42,32,35,9,28,6,27,24,17,0,1,45,7,49,41,44
425;74;90651;20445;38,44,46,23,25,16,6,19,28,49,12,41,39,35,1,7,0,32,34,9,45,37,11,42,27,40,29,15,21,17,24,5,8,13,48,3,43,4,18,33,2,22,30,20,10,31,26,47,14,36
426;57;69826;15817;28,44,15,12,25,21,10,11,19,23,37,1,6,9,27,36,47,16,43,45,42,48,5,35,49,41,30,46,39,34,38,7,0,32,24,14,22,29,26,4,31,8,17,18,33,2,13,3,40,20
427;62;75951;17188;37,45,11,18,8,29,44,17,1,41,14,27,25,24,38,0,35,49,2,12,42,15,21,40,16,4,39,9,32,7,34,43,28,6,19,13,46,47,33,20,30,3,23,5,31,26,22,48,36,10
428;52;63701;14552;41,38,37,5,19,25,28,45,11,6,23,44,39,27,1,49,46,35,0,29,24,15,9,17,40,12,7,21,32,16,42,34,36,47,10,31,8,43,18,22,26,20,48,3,30,2,33,13,4,14
429;55;67376;15247;8,37,1,5,22,28,13,27,14,41,3,11,29,44,18,31,20,33,43,21,24,9,40,34,17,15,4,39,12,16,42,38,26,30,47,7,2,25,19,35,49,6,36,32,46,0,45,10,23,48
430;59;72276;16309;37,21,13,3,28,26,27,18,44,1,22,11,41,8,15,29,5,14,43,30,34,4,9,38,39,40,42,12,16,17,24,33,31,20,25,2,7,23,48,6,49,36,10,45,35,0,47,32,19,46
431;54;66151;15007;41,29,38,45,28,30,5,34,1,27,48,44,13,39,11,2,0,42,16,37,24,18,8,21,17,33,12,15,9,40,4,49,6,35,46,26,32,19,23,10,47,3,20,31,36,43,22,7,25,14
432;50;61251;13973;3,31,17,9,15,29,25,30,22,37,21,20,10,12,33,46,48,23,19,2,16,40,4,47,36,7,8,26,18,14,13,34,11,39,38,45,42,28,41,1,35,0,24,27,6,49,32,43,5,44
433;76;93101;21106;20,22,36,30,26,25,33,23,31,48,47,3,1,10,28,17,29,38,24,46,42,6,27,49,35,19,7,45,32,0,2,5,37,13,15,4,43,11,44,18,39,9,21,12,8,34,40,16,41,14
434;70;85751;19314;15,40,24,1,44,38,37,17,21,11,41,9,35,29,39,36,25,47,26,12,42,18,8,49,16,13,7,4,14,43,34,32,27,5,23,2,30,6,22,33,10,0,19,46,20,48,45,31,28,3
435;52;63701;14837;5,17,44,27,45,22,11,35,41,1,28,24,29,6,38,48,37,33,30,39,34,18,8,0,2,13,14,49,43,32,7,3,20,31,10,16,4,23,19,25,15,47,26,40,21,42,36,12,46,9
436;54;66151;14998;22,9,28,41,11,6,31,45,3,1,44,20,40,27,23,8,37,33,18,19,17,15,42,24,29,46,2,21,7,32,0,38,25,10,5,26,14,35,43,16,39,47,48,30,12,34,36,4,49,13
437;57;69826;16642;4,18,19,10,25,46,37,21,9,12,23,8,39,15,13,31,33,20,3,26,42,47,36,16,17,40,32,29,14,7,34,30,5,48,35,45,22,2,28,6,1,0,49,27,41,24,38,43,11,44
438;56;68601;15475;45,35,38,39,41,37,23,44,27,25,11,6,49,1,28,36,5,47,34,19,40,9,12,21,29,46,42,15,16,17,24,0,7,32,43,3,48,4,8,18,33,22,14,20,26,31,2,10,13,30
439;53;64926;14625;22,43,30,5,29,48,36,33,3,20,10,47,40,31,26,11,41,37,39,24,34,8,13,2,4,17,14,18,0,32,7,46,23,19,6,35,38,25,15,1,16,27,28,49,44,42,45,12,21,9
440;50;61251;13802;9,16,45,11,37,6,1,21,44,27,28,12,42,15,40,49,35,41,43,29,24,14,8,4,17,13,32,18,7,2,0,19,36,47,33,48,38,25,23,20,22,30,31,10,3,34,26,39,5,46
441;49;60026;13554;28,42,25,29,6,11,45,23,13,27,37,19,35,5,46,18,8,14,2,33,22,10,30,31,3,48,47,20,36,26,16,40,15,21,9,24,7,1,41,38,49,4,12,39,43,34,17,0,44,32
442;44;53901;12186;25,49,46,44,28,36,1,19,27,35,47,6,38,23,45,39,41,43,34,9,4,15,21,16,12,40,2,42,7,32,0,29,37,11,14,24,31,5,48,18,22,13,8,30,33,26,17,3,10,20
443;57;69826;15763;18,13,29,21,15,40,4,17,2,37,9,8,5,11,14,23,25,19,49,41,24,6,28,27,1,43,7,44,45,0,32,38,12,39,16,31,47,42,46,30,26,3,33,20,48,34,22,36,35,10
444;60;73501;16511;40,27,10,28,6,30,15,46,21,23,48,9,1,19,45,43,5,41,24,47,4,35,36,16,12,25,39,49,38,42,34,44,11,37,20,31,13,29,26,0,7,3,22,2,18,32,33,14,17,8
445;45;55126;12422;40,16,19,11,37,39,9,46,21,15,29,12,42,23,25,49,4,35,17,47,26,20,3,10,36,22,33,31,48,30,34,38,41,5,28,27,18,6,13,0,7,1,44,45,2,32,24,14,43,8
446;61;74726;16884;9,17,7,8,4,18,12,0,42,16,14,28,11,32,6,21,37,15,29,27,43,44,1,49,35,45,24,41,38,39,34,2,22,40,3,26,5,25,23,36,46,33,20,47,10,19,31,48,13,30
447;55;67376;15255;33,25,30,12,4,22,46,5,20,31,3,23,37,48,10,42,9,15,17,21,16,26,29,47,36,19,8,40,18,14,13,2,11,43,41,38,24,28,1,35,32,49,6,39,45,34,0,7,44,27
448;62;75951;17150;23,26,5,1,9,44,36,40,10,48,41,47,25,46,19,38,30,39,34,37,21,20,31,29,15,33,3,11,22,17,24,27,35,28,13,7,42,18,4,6,0,14,8,49,45,32,43,2,12,16
449;55;67376;15259;15,40,5,37,11,38,39,48,25,23,41,9,12,10,21,0,45,6,32,19,47,35,46,16,36,29,49,42,17,24,34,43,30,4,33,26,7,27,28,22,8,31,20,3,18,13,2,14,1,44
450;61;74726;16993;12,37,35,29,40,42,21,49,28,25,16,15,4,6,9,14,18,8,7,43,17,27,41,24,44,11,39,1,45,38,34,46,23,19,5,26,33,22,20,36,0,48,13,47,10,32,30,2,3,31
451;62;75951;17182;4,16,37,9,15,17,12,14,8,21,29,40,19,13,18,48,5,46,30,23,22,47,33,3,20,25,36,10,26,31,2,7,11,42,27,0,24,28,1,35,39,45,6,49,43,34,32,38,44,41
452;55;67376;15228;35,23,24,6,28,45,44,43,41,1,27,5,25,49,46,47,11,19,36,26,22,33,48,20,3,10,39,31,30,34,38,0,32,2,13,18,29,37,15,12,42,14,8,4,9,16,7,17,21,40
453;50;61251;13795;21,37,16,38,25,36,29,12,9,26,47,11,17,40,15,48,5,33,24,13,7,4,39,18,14,30,2,8,0,32,34,19,10,23,46,3,45,44,1,35,49,31,42,22,28,43,20,27,41,6
454;63;77176;17494;3,31,19,1,26,25,22,10,6,28,27,20,33,23,2,5,44,41,43,30,34,35,46,38,39,48,45,49,42,0,32,4,9,12,36,21,11,18,8,7,29,40,47,15,14,17,16,24,13,37
455;81;99226;22472;49,46,27,6,28,45,44,38,41,1,23,35,19,25,24,47,36,40,43,11,34,9,12,17,39,37,15,29,21,16,42,5,10,48,30,31,7,4,8,26,0,20,22,33,18,2,3,32,13,14
456;54;66151;14871;26,36,46,3,31,22,33,19,10,48,20,47,37,23,25,32,0,2,7,4,16,21,15,42,12,30,39,9,40,38,34,27,28,45,1,24,14,6,11,41,29,49,44,43,5,17,35,13,18,8
457;61;74726;16859;39,40,49,37,15,43,11,28,41,35,21,38,12,6,9,16,29,42,34,27,17,8,44,24,45,1,18,32,0,2,4,7,13,14,30,31,19,5,23,33,36,3,26,20,48,10,22,47,25,46
458;47;57576;13016;20,3,5,12,25,27,6,30,10,23,45,33,22,48,31,21,40,37,15,49,0,8,13,32,2,26,4,18,14,7,43,47,16,36,1,34,42,28,19,44,35,24,41,39,11,17,38,46,9,29
459;49;60026;13529;33,47,27,28,6,44,20,40,3,45,1,31,36,22,26,42,16,35,49,13,43,2,18,7,14,4,0,8,32,17,24,9,15,21,37,38,19,41,11,23,39,25,12,10,48,34,30,46,29,5
460;50;61251;13853;12,37,6,18,14,13,16,49,42,28,8,4,15,35,9,32,21,40,7,11,34,1,44,38,39,43,45,41,27,24,17,0,5,2,30,19,26,29,22,20,36,46,33,23,31,10,48,47,25,3
461;70;85751;19669;21,28,7,13,8,18,12,43,29,4,14,15,6,40,37,16,35,49,42,11,17,44,41,24,38,9,45,1,27,39,34,32,2,0,22,20,19,5,23,30,36,31,33,26,48,10,3,47,25,46
462;47;57576;13008;10,31,15,25,11,34,19,29,23,37,39,20,46,21,33,49,41,38,43,5,0,4,30,32,2,48,18,13,8,14,7,40,9,12,16,27,35,47,26,22,28,24,42,1,3,45,17,44,36,6
463;56;68601;15560;23,46,8,11,37,17,19,18,5,13,29,7,39,14,32,47,25,36,40,48,34,20,33,26,30,10,3,22,31,2,0,24,6,28,41,38,21,4,9,44,42,27,1,43,35,49,45,16,12,15
464;58;71051;16063;25,19,42,28,37,9,40,16,4,21,15,23,18,12,46,13,5,8,14,36,30,22,26,10,48,47,3,33,20,31,2,27,1,45,6,34,29,44,41,49,7,39,35,0,43,32,38,17,11,24
465;59;72276;16321;46,19,43,8,13,18,11,33,5,41,14,23,29,48,10,7,17,24,32,6,0,28,1,2,45,44,20,27,31,3,22,49,30,35,26,4,21,37,47,9,16,39,38,12,40,42,34,15,25,36
466;46;56351;12725;17,22,36,9,12,25,15,47,37,21,16,20,29,40,3,39,30,11,34,33,0,4,26,32,2,31,13,18,8,14,7,10,19,23,28,24,42,46,5,44,43,45,6,1,41,38,27,49,48,35
467;48;58801;13276;15,4,44,22,3,27,19,37,9,28,1,21,12,11,29,32,6,45,7,36,42,14,26,40,16,47,13,18,8,17,24,43,5,41,49,34,0,25,35,10,31,30,38,48,20,33,39,2,23,46
468;50;61251;13791;13,14,27,12,4,15,5,9,29,37,21,18,43,40,8,20,30,33,31,28,22,11,41,17,3,1,39,44,38,24,34,7,26,32,6,49,48,25,47,16,46,2,45,35,36,42,0,10,23,19
469;52;63701;14470;21,40,33,5,14,31,13,29,8,18,20,15,26,37,9,30,12,4,38,28,17,41,22,24,27,3,11,1,44,39,34,43,23,19,47,32,2,25,10,6,42,35,46,49,45,0,7,16,48,36
470;62;75951;17174;21,26,11,18,4,28,12,34,15,9,39,40,25,37,30,16,36,47,42,19,17,33,48,46,29,23,3,10,31,20,22,27,1,24,8,7,2,5,41,45,0,14,13,43,6,32,44,49,38,35
471;51;62476;14925;25,5,49,27,45,16,28,2,35,6,42,22,13,0,3,7,14,43,32,19,30,36,47,48,46,23,20,26,10,33,31,34,39,38,37,21,18,41,44,9,40,17,11,15,12,24,29,4,1,8
472;49;60026;14313;9,44,15,28,35,42,6,29,40,12,16,41,1,21,49,27,37,11,45,4,0,14,18,32,2,43,13,7,8,24,17,5,46,19,23,31,39,25,36,10,30,20,22,33,48,26,3,34,47,38
473;58;71051;16247;20,22,42,19,28,46,6,30,33,49,35,3,0,12,31,32,17,29,7,40,2,14,13,4,18,26,16,8,36,47,43,48,23,10,25,27,24,5,41,37,39,15,21,38,11,34,45,44,9,1
474;62;75951;19020;40,30,11,9,1,41,27,21,28,37,44,22,26,15,3,8,14,13,18,31,17,23,10,29,24,20,19,33,5,48,46,38,25,39,35,49,47,12,43,42,7,45,6,0,2,32,34,16,4,36
475;61;74726;16867;44,41,19,25,23,21,11,17,28,9,15,1,27,29,24,5,48,37,43,6,7,42,35,0,32,46,39,45,49,34,38,40,16,12,30,26,13,10,47,33,4,3,20,31,18,2,22,8,36,14
476;49;60026;13592;6,43,30,10,48,47,1,7,45,27,36,28,44,32,0,41,49,5,24,26,22,8,14,3,20,13,18,31,33,2,4,40,12,16,25,34,35,23,37,15,46,39,9,21,19,42,38,17,11,29
477;51;62476;14213;41,49,27,37,11,32,44,38,1,28,0,6,43,45,35,16,14,7,42,25,46,36,48,19,23,5,29,10,47,24,17,34,30,39,9,40,31,13,33,18,22,21,12,4,8,2,15,3,26,20
478;54;66151;15009;48,10,26,39,34,14,38,9,5,30,13,25,35,12,23,33,37,20,31,29,32,40,21,7,46,15,36,19,47,42,16,4,8,18,3,17,2,11,41,1,45,28,22,24,6,27,44,0,43,49
479;49;60026;13638;16,0,18,37,15,13,29,33,40,21,8,19,46,14,2,35,6,42,49,25,47,7,32,26,36,23,20,10,31,3,22,17,28,11,48,34,43,12,9,41,44,24,5,39,1,38,30,45,4,27
480;51;62476;14257;40,47,13,12,4,14,16,5,21,18,8,36,25,29,2,42,9,15,7,23,46,26,30,10,48,19,3,33,31,20,22,17,11,37,24,34,27,44,1,43,32,39,41,49,35,0,38,45,28,6
481;57;69826;15919;5,23,14,15,21,7,29,40,13,8,37,19,25,18,46,17,0,32,24,30,47,20,33,26,36,48,22,10,3,31,2,34,39,11,4,49,44,9,41,43,45,42,12,35,6,38,16,27,28,1
482;65;79626;18529;4,2,16,37,9,42,29,25,40,21,15,22,18,12,3,13,5,8,14,30,33,36,47,48,31,26,23,20,10,46,19,34,11,39,44,45,7,28,6,41,17,27,1,43,49,24,38,32,35,0
483;66;80851;18329;44,27,4,8,14,40,29,43,11,9,18,1,28,2,41,48,13,5,30,45,32,49,35,0,7,6,17,38,39,34,24,42,12,16,15,19,33,37,3,25,10,47,21,46,23,26,36,31,22,20
484;46;56351;12742;23,0,8,6,28,40,7,18,5,13,29,19,32,14,46,1,44,45,27,47,26,48,10,3,22,36,33,30,20,31,2,43,49,35,25,42,4,41,37,21,17,39,38,16,15,24,34,12,11,9
485;56;68601;15495;45,37,49,47,36,43,28,44,1,35,6,27,25,41,11,46,23,19,29,12,16,21,15,42,40,38,39,9,17,24,34,7,0,32,4,13,22,5,48,30,31,8,18,26,33,2,14,3,10,20
486;61;74726;16899;26,3,19,25,40,21,36,46,10,47,29,20,22,23,31,49,6,35,43,5,13,33,48,14,8,30,2,18,7,32,0,17,15,37,12,38,44,4,11,45,24,42,9,39,27,34,16,1,28,41
487;56;68601;15442;30,6,13,37,18,14,33,26,20,31,8,5,48,3,28,27,36,10,45,11,34,44,1,38,39,22,43,41,35,49,24,2,17,0,29,7,4,23,47,15,16,19,46,21,40,42,32,12,25,9
488;53;64926;14642;3,33,24,44,28,27,11,13,22,41,1,31,37,26,20,47,49,36,43,19,34,10,23,39,35,25,5,46,48,30,38,45,17,6,9,16,2,29,14,21,7,12,15,40,18,4,42,32,8,0
489;49;60026;13548;23,46,0,5,48,45,10,7,47,36,6,19,29,32,25,24,1,41,17,40,38,9,15,42,16,21,35,12,49,39,34,30,4,27,37,31,44,28,8,26,22,33,18,20,13,3,2,43,11,14
490;65;79626;17966;44,27,14,4,18,13,5,43,11,29,8,1,28,2,41,40,9,22,3,35,34,0,45,38,39,6,7,49,32,24,17,37,21,15,25,42,31,12,30,10,36,46,23,16,48,47,19,20,26,33
491;56;68601;15492;28,23,41,37,11,17,21,44,15,9,24,19,25,1,27,36,47,12,16,42,34,45,6,38,39,46,7,35,49,0,32,29,5,40,22,31,43,48,30,8,14,33,20,18,13,2,3,4,10,26
492;64;78401;17675;23,47,37,30,46,5,25,33,10,20,48,26,36,31,19,12,42,16,4,15,40,8,13,2,21,29,7,18,14,0,32,22,11,3,44,38,17,28,6,35,24,49,41,39,1,34,43,45,9,27
493;57;69826;15689;30,47,32,23,10,19,25,34,5,48,46,36,26,39,28,3,31,20,22,44,24,27,1,43,38,35,45,41,6,49,0,7,2,42,13,16,29,33,37,12,17,18,8,4,9,40,14,21,11,15
494;51;62476;14656;5,10,9,27,45,12,6,21,41,1,15,23,48,38,25,11,37,28,44,36,49,19,47,42,35,40,29,46,16,17,24,43,34,39,4,0,22,30,13,18,33,32,14,2,8,31,7,3,26,20
495;58;71051;16157;20,22,47,23,5,36,46,26,19,48,10,31,3,30,33,11,28,37,15,21,13,17,29,14,8,40,2,18,7,32,0,24,16,25,12,45,44,6,41,38,39,4,9,27,1,34,42,49,43,35
496;76;93101;29197;44,6,21,46,28,29,1,12,9,15,19,27,35,40,45,26,13,47,36,42,0,18,8,32,2,16,4,49,14,7,43,17,41,24,11,34,30,25,5,33,31,39,37,22,20,3,38,10,23,48
497;65;79626;18010;47,12,3,29,40,17,10,33,36,20,22,16,43,31,26,19,25,23,46,5,32,13,30,0,7,48,18,14,8,2,4,24,11,37,41,34,21,28,9,27,35,39,1,38,45,49,44,42,6,15
498;59;72276;16303;43,6,17,29,5,37,18,2,14,8,13,35,28,11,49,21,15,9,40,44,7,27,1,32,0,41,39,45,38,24,34,4,3,22,31,48,19,12,23,10,16,30,20,46,36,42,33,47,25,26
499;58;71051;16082;23,48,42,12,16,49,28,7,25,6,35,19,30,45,46,39,4,38,34,10,47,22,20,26,36,33,32,31,3,2,0,27,21,15,1,24,18,9,11,5,8,44,41,17,29,13,43,14,37,40
