0;15;241;910;1,3,4,5,8,6,9,0,2,7
1;35;640;1683;2,8,7,4,9,1,6,3,0,5
2;21;317;700;2,8,1,7,4,9,6,3,0,5
3;27;424;1109;3,0,6,4,9,8,5,2,7,1
4;36;604;1669;8,0,7,5,9,4,3,2,6,1
5;15;240;824;9,0,4,5,8,6,3,2,1,7
6;27;388;877;0,8,4,5,1,9,3,6,2,7
7;13;235;565;0,1,3,7,6,8,2,9,4,5
8;17;247;536;0,9,5,4,7,8,3,6,2,1
9;41;719;1601;8,0,7,5,9,1,3,2,6,4
10;28;383;801;8,0,7,5,9,1,3,2,6,4
11;18;288;701;2,8,1,5,4,7,6,3,0,9
12;10;174;412;7,6,3,4,0,2,8,9,1,5
13;13;230;534;2,9,7,3,5,8,0,1,6,4
14;16;296;665;6,3,4,5,1,9,8,0,2,7
15;34;547;1198;3,6,7,5,9,4,8,2,0,1
16;21;311;666;0,8,5,7,9,4,3,6,2,1
17;17;300;699;3,2,1,5,4,9,0,6,8,7
18;21;409;969;8,0,7,5,9,4,3,2,6,1
19;29;431;1126;6,8,1,5,3,0,2,9,4,7
20;19;300;667;9,2,4,6,8,7,1,0,3,5
21;30;540;1329;1,3,6,4,0,2,9,8,7,5
22;13;189;507;8,0,7,5,9,4,3,2,6,1
23;14;292;1071;0,9,7,4,6,8,2,3,5,1
24;31;485;1188;6,0,8,4,9,7,5,2,1,3
25;32;520;1190;3,9,2,4,1,7,0,8,5,6
26;23;363;859;3,9,5,1,2,6,8,4,0,7
27;22;303;753;0,8,4,7,1,9,2,5,3,6
28;19;306;795;0,3,1,5,8,6,2,9,4,7
29;10;216;583;8,0,7,5,9,4,3,2,6,1
30;20;352;1000;3,9,2,4,1,7,0,8,5,6
31;19;393;1086;6,0,1,7,4,9,2,3,8,5
32;21;276;725;1,0,7,4,5,8,9,2,6,3
33;22;320;825;1,0,7,5,8,3,9,2,6,4
34;23;364;1010;9,8,4,7,2,0,1,5,3,6
35;50;802;2052;5,1,3,7,2,0,8,9,4,6
36;28;429;1142;6,9,4,5,3,0,8,1,2,7
37;27;483;1287;2,8,1,7,4,9,6,3,0,5
38;16;350;911;5,9,6,4,7,8,1,0,3,2
39;15;286;740;1,3,6,4,0,2,9,8,7,5
40;24;373;894;2,9,7,3,5,8,0,1,6,4
41;29;433;1468;2,3,7,4,9,1,0,8,6,5
42;15;287;889;7,1,4,5,3,0,8,6,2,9
43;19;306;789;1,0,7,5,8,3,9,2,6,4
44;30;444;1005;5,1,3,7,2,0,8,9,4,6
45;21;313;729;5,4,3,7,2,0,8,9,1,6
46;24;380;952;8,0,7,5,9,4,3,2,6,1
47;16;290;714;5,0,8,4,9,6,3,2,1,7
48;22;365;844;7,1,4,5,3,0,8,6,2,9
49;7;165;434;5,9,0,7,6,2,1,3,8,4
50;4;104;323;1,8,5,7,0,3,9,6,2,4
51;20;316;1287;0,8,4,5,1,9,3,6,2,7
52;19;296;871;9,0,5,7,8,3,4,2,1,6
53;18;287;781;1,6,7,5,3,8,2,4,9,0
54;19;310;771;8,9,7,5,0,2,3,1,6,4
55;19;314;737;6,3,4,5,1,9,8,0,2,7
56;36;589;1411;9,8,4,7,2,0,1,5,3,6
57;21;349;1067;1,9,5,4,3,0,7,6,2,8
58;15;244;583;1,8,5,7,0,3,9,6,2,4
59;18;303;697;6,3,4,5,1,9,8,0,2,7
60;16;256;1091;2,8,6,4,9,5,7,3,0,1
61;17;346;938;6,9,4,5,3,0,8,1,2,7
62;19;312;1004;8,0,7,5,9,4,3,2,6,1
63;27;471;1206;8,0,6,4,9,1,5,2,7,3
64;10;221;602;9,6,0,5,8,3,4,2,1,7
65;14;238;594;1,0,7,4,5,8,9,2,6,3
66;23;377;919;8,9,7,5,0,2,3,1,6,4
67;19;316;723;0,9,4,5,8,6,3,1,2,7
68;34;649;1980;1,0,7,4,5,8,9,2,6,3
69;17;250;751;2,8,6,4,9,1,7,3,0,5
70;17;295;1214;3,6,7,5,9,4,8,2,0,1
71;20;360;891;2,8,3,7,4,9,0,6,1,5
72;10;221;612;7,0,1,4,6,9,2,3,8,5
73;17;249;571;0,9,5,4,7,1,3,6,2,8
74;18;308;750;2,9,7,3,5,8,0,1,6,4
75;21;351;866;3,9,2,4,1,7,0,8,5,6
76;17;255;586;2,3,7,4,9,1,0,8,6,5
77;13;190;790;2,3,7,4,9,1,0,8,6,5
78;23;352;1278;8,0,7,5,9,4,3,2,6,1
79;29;439;1505;0,9,4,5,8,6,3,1,2,7
80;25;461;1160;0,9,4,5,8,6,3,1,2,7
81;24;403;1275;1,0,7,4,5,8,9,2,6,3
82;30;473;1185;8,0,7,5,9,1,3,2,6,4
83;26;370;852;3,2,1,5,4,9,0,6,8,7
84;19;309;723;4,2,5,7,8,3,0,1,9,6
85;17;249;592;9,8,4,7,2,0,1,5,3,6
86;18;307;770;2,3,7,4,9,1,0,8,6,5
87;29;479;1466;0,9,5,4,7,8,3,6,2,1
88;21;347;856;9,8,4,7,0,2,3,6,1,5
89;23;373;941;2,9,7,3,5,8,0,1,6,4
90;21;355;877;0,8,4,5,1,9,3,6,2,7
91;13;282;658;1,3,6,4,0,2,9,8,7,5
92;10;219;552;9,2,4,6,8,5,1,0,3,7
93;23;413;1508;2,8,7,4,9,1,6,3,0,5
94;19;300;990;5,8,4,7,2,0,3,9,1,6
95;14;247;758;9,2,3,7,6,8,1,0,4,5
96;13;190;448;1,3,4,5,8,6,9,0,2,7
97;21;309;760;0,9,4,5,8,6,3,1,2,7
98;16;250;528;1,3,4,5,8,6,9,0,2,7
99;16;252;633;8,0,6,4,9,1,5,2,7,3
100;25;415;1030;2,8,7,4,9,1,6,3,0,5
101;25;379;994;3,8,1,7,4,9,5,2,0,6
102;14;333;783;2,8,7,4,9,1,6,3,0,5
103;17;259;524;9,0,1,7,6,2,4,3,8,5
104;27;428;1261;1,0,7,4,5,8,9,2,6,3
105;24;417;1260;7,9,2,4,5,0,1,3,8,6
106;13;287;791;0,9,4,5,8,6,3,1,2,7
107;22;310;1072;2,3,7,4,9,1,0,8,6,5
108;8;171;445;1,7,5,4,8,6,9,0,2,3
109;24;364;1031;9,2,4,6,8,5,1,0,3,7
110;29;535;1256;6,9,4,5,3,0,8,1,2,7
111;21;404;1008;8,0,7,4,1,9,6,3,5,2
112;27;382;816;5,8,4,7,2,0,3,9,1,6
113;23;322;754;0,8,4,5,1,9,3,6,2,7
114;16;251;540;3,6,7,5,9,4,8,2,0,1
115;17;339;893;0,8,4,7,1,9,2,5,3,6
116;15;243;621;3,6,7,5,9,4,8,2,0,1
117;13;236;584;6,9,5,4,8,3,1,0,2,7
118;14;186;479;8,0,6,5,9,4,3,2,7,1
119;23;368;888;9,8,4,7,2,0,1,5,3,6
120;20;314;706;2,9,7,3,5,8,0,1,6,4
121;24;318;702;0,8,1,7,4,9,2,5,3,6
122;20;399;1836;3,6,7,5,9,4,8,2,0,1
123;22;315;891;1,0,7,5,8,3,9,2,6,4
124;15;336;1075;1,8,5,7,0,3,9,6,2,4
125;21;310;1114;2,8,1,7,4,9,6,3,0,5
126;23;464;1170;1,7,5,4,8,6,9,0,2,3
127;14;191;477;0,5,2,4,8,7,3,1,9,6
128;20;315;786;9,0,7,4,6,8,1,3,5,2
129;20;348;843;6,3,4,5,1,9,8,0,2,7
130;20;311;687;6,3,4,5,1,9,8,0,2,7
131;25;376;809;8,9,7,5,0,2,3,1,6,4
132;26;474;1063;0,9,6,4,7,8,2,5,3,1
133;20;265;552;1,3,6,4,0,2,9,8,7,5
134;24;368;835;1,0,7,4,5,8,9,2,6,3
135;13;186;439;9,6,5,4,7,8,1,3,0,2
136;20;314;695;6,9,4,5,3,0,8,1,2,7
137;25;382;815;2,9,7,3,5,8,0,1,6,4
138;13;187;423;6,1,4,5,3,0,8,7,2,9
139;23;414;933;6,9,4,5,3,0,8,1,2,7
140;15;237;993;9,8,4,7,2,0,1,5,3,6
141;14;287;1126;0,6,7,4,9,1,2,5,3,8
142;20;304;899;6,1,5,7,3,8,2,9,4,0
143;18;297;817;8,0,7,5,9,4,3,2,6,1
144;18;260;1072;4,0,7,1,6,2,9,3,5,8
145;12;228;586;5,3,4,7,2,0,8,9,1,6
146;19;307;678;5,9,3,4,7,8,0,1,6,2
147;24;360;803;9,8,3,7,2,0,1,5,4,6
148;23;377;916;1,3,4,5,8,6,9,0,2,7
149;22;353;880;8,9,7,5,0,2,3,1,6,4
150;26;426;941;2,9,7,3,5,8,0,1,6,4
151;20;340;803;5,2,4,7,1,9,8,0,3,6
152;22;365;806;8,0,7,5,9,4,3,2,6,1
153;15;250;559;5,1,3,7,2,0,8,9,4,6
154;25;375;900;5,4,3,7,2,0,8,9,1,6
155;26;436;941;2,9,7,3,5,8,0,1,6,4
156;12;142;297;2,8,1,4,5,3,6,7,0,9
157;32;494;1064;8,0,7,5,9,4,3,2,6,1
158;34;592;1651;1,0,7,4,5,8,9,2,6,3
159;21;350;1509;2,8,7,4,9,1,6,3,0,5
160;45;731;1803;8,0,7,5,9,4,3,2,6,1
161;21;316;1039;9,8,4,7,2,0,1,5,3,6
162;27;375;940;2,3,7,4,9,1,0,8,6,5
163;29;478;1115;1,0,7,4,5,8,9,2,6,3
164;31;493;1066;5,1,3,7,2,0,8,9,4,6
165;19;255;552;4,0,7,1,6,2,9,3,5,8
166;27;435;936;0,1,2,5,8,6,3,9,4,7
167;9;216;548;1,0,7,5,8,3,9,2,6,4
168;12;228;642;6,9,5,4,7,1,8,0,2,3
169;13;234;560;4,6,7,5,3,8,0,1,9,2
170;15;238;554;0,6,4,1,9,7,2,8,3,5
171;25;422;937;0,8,4,5,1,9,3,6,2,7
172;20;310;680;8,9,5,4,2,0,3,1,7,6
173;40;672;1575;8,0,7,5,9,1,3,2,6,4
174;23;420;1282;3,9,7,5,6,2,8,1,0,4
175;19;361;1230;2,8,1,7,4,9,6,3,0,5
176;23;364;926;2,8,7,4,9,1,6,3,0,5
177;18;305;743;4,0,7,1,6,2,9,3,5,8
178;20;305;1114;9,8,4,5,2,0,3,6,1,7
179;14;290;825;2,8,7,4,9,1,6,3,0,5
180;11;228;547;8,9,7,5,0,2,3,1,6,4
181;12;229;559;8,0,6,4,9,1,5,2,7,3
182;32;486;1063;0,8,4,7,1,9,2,5,3,6
183;19;302;678;2,3,7,4,9,1,0,8,6,5
184;16;336;954;8,9,7,5,0,2,3,1,6,4
185;22;409;988;1,3,6,4,0,2,9,8,7,5
186;18;301;680;1,3,4,5,8,6,9,0,2,7
187;21;311;679;0,1,3,6,8,5,2,9,4,7
188;20;305;678;6,3,5,4,7,8,9,0,2,1
189;29;429;936;0,8,4,5,1,9,3,6,2,7
190;18;301;781;8,0,7,4,1,9,6,3,5,2
191;14;243;559;0,9,4,5,8,6,3,1,2,7
192;17;300;679;5,1,3,7,2,0,8,9,4,6
193;29;485;1408;2,8,7,4,9,1,6,3,0,5
194;29;477;1650;2,8,7,4,9,1,6,3,0,5
195;19;311;803;2,9,7,3,5,8,0,1,6,4
196;7;161;522;7,0,1,4,5,6,9,2,8,3
197;26;424;1598;1,9,2,4,3,0,7,6,5,8
198;26;429;1059;8,2,4,5,1,9,6,0,3,7
199;21;322;754;2,9,7,3,5,8,0,1,6,4
200;25;420;1010;6,1,2,5,3,0,8,9,4,7
201;21;360;880;8,0,7,5,9,4,3,2,6,1
202;11;233;598;8,0,7,5,9,4,3,2,6,1
203;16;293;674;7,0,1,4,6,9,2,3,8,5
204;23;367;793;2,3,7,4,9,1,0,8,6,5
205;22;356;819;7,9,2,4,5,0,1,3,8,6
206;20;312;713;2,3,7,4,9,1,0,8,6,5
207;21;408;1023;6,9,4,5,3,0,8,1,2,7
208;20;316;1219;8,0,6,4,9,1,5,2,7,3
209;28;435;1666;1,0,7,4,5,8,9,2,6,3
210;23;425;1393;9,2,4,6,8,5,1,0,3,7
211;23;357;1108;7,9,2,4,5,0,1,3,8,6
212;22;369;802;6,3,4,5,1,9,8,0,2,7
213;42;663;1507;8,0,6,4,9,1,5,2,7,3
214;22;319;728;0,8,4,7,1,9,2,5,3,6
215;24;373;823;8,9,4,7,2,0,6,5,3,1
216;17;304;680;0,8,4,5,1,9,3,6,2,7
217;26;471;1061;3,8,1,7,4,9,5,2,0,6
218;6;161;419;5,3,6,7,1,9,8,0,4,2
219;26;421;934;0,8,4,5,1,9,3,6,2,7
220;18;357;886;1,0,7,4,5,8,9,2,6,3
221;11;224;654;9,2,4,6,8,5,1,0,3,7
222;43;679;1463;2,9,7,3,5,8,0,1,6,4
223;26;428;1391;2,9,7,3,5,8,0,1,6,4
224;22;364;1484;9,2,4,6,8,5,1,0,3,7
225;19;294;841;5,9,4,1,2,0,6,8,3,7
226;24;367;1347;1,0,7,4,5,8,9,2,6,3
227;12;226;558;3,6,7,4,1,9,0,8,5,2
228;25;410;934;1,0,7,4,5,8,9,2,6,3
229;15;199;423;5,2,1,4,8,9,6,0,3,7
230;24;375;804;2,9,7,3,5,8,0,1,6,4
231;21;362;970;0,9,6,4,7,8,2,5,3,1
232;22;316;695;0,8,4,5,1,9,3,6,2,7
233;18;298;680;1,0,7,4,5,8,9,2,6,3
234;27;440;936;1,0,7,4,5,8,9,2,6,3
235;15;280;675;9,2,4,6,8,5,1,0,3,7
236;19;298;708;1,6,7,4,5,8,9,2,0,3
237;21;412;1056;2,8,7,4,9,1,6,3,0,5
238;26;382;799;0,9,4,5,8,6,3,1,2,7
239;20;393;930;7,8,4,1,5,6,9,0,2,3
240;17;291;676;2,5,7,4,9,8,6,3,0,1
241;9;169;541;2,9,7,3,5,8,0,1,6,4
242;27;423;1614;6,9,4,5,3,0,8,1,2,7
243;19;350;868;7,0,1,4,6,9,2,3,8,5
244;40;618;1729;8,9,5,4,2,0,3,1,7,6
245;18;252;568;0,8,4,7,1,9,2,5,3,6
246;19;392;946;0,3,7,6,9,1,2,8,5,4
247;12;236;554;8,9,7,5,0,2,3,1,6,4
248;25;425;975;0,8,4,7,1,9,2,5,3,6
249;28;471;1158;8,0,7,5,9,4,3,2,6,1
250;23;397;1004;3,9,7,5,6,2,8,1,0,4
251;4;104;295;2,9,3,4,8,5,0,1,6,7
252;39;617;1480;0,9,4,5,8,6,3,1,2,7
253;21;312;682;6,9,4,5,3,0,8,1,2,7
254;28;427;936;0,9,4,5,8,6,3,1,2,7
255;22;306;679;3,6,7,5,9,4,8,2,0,1
256;13;186;470;0,9,4,5,8,6,3,1,2,7
257;13;193;443;3,2,7,6,9,1,8,0,5,4
258;37;560;2175;0,9,5,4,7,8,3,6,2,1
259;25;369;1119;6,3,4,5,1,9,8,0,2,7
260;17;302;826;2,9,7,3,5,8,0,1,6,4
261;21;311;1079;2,9,7,3,5,8,0,1,6,4
262;22;362;904;1,8,2,5,3,0,6,4,9,7
263;5;104;302;3,5,1,4,7,9,0,6,8,2
264;8;164;419;6,8,4,1,3,9,5,7,2,0
265;14;241;583;8,2,4,1,9,7,6,0,3,5
266;49;800;1705;5,1,3,7,2,0,8,9,4,6
267;23;372;808;6,9,5,4,0,3,8,1,2,7
268;14;282;790;4,3,5,1,2,0,9,8,7,6
269;22;414;993;4,0,7,1,6,2,9,3,5,8
270;19;348;808;4,0,7,1,6,2,9,3,5,8
271;19;401;933;5,9,6,4,7,8,1,0,3,2
272;17;342;805;0,9,5,4,7,8,3,6,2,1
273;19;307;779;6,9,5,4,8,3,1,0,2,7
274;19;352;814;9,2,4,6,8,5,1,0,3,7
275;32;543;1915;2,9,7,3,5,8,0,1,6,4
276;14;235;601;1,0,7,4,5,8,9,2,6,3
277;18;255;692;8,9,3,4,2,0,5,1,7,6
278;16;305;852;8,2,4,5,1,9,6,0,3,7
279;33;498;1404;1,3,6,4,0,2,9,8,7,5
280;16;248;592;0,9,5,7,8,3,4,1,2,6
281;19;251;689;1,0,7,4,5,8,9,2,6,3
282;21;353;808;2,8,7,4,9,1,6,3,0,5
283;17;308;679;3,6,7,5,9,4,8,2,0,1
284;18;351;805;0,9,4,5,8,6,3,1,2,7
285;24;387;874;2,9,7,3,5,8,0,1,6,4
286;27;467;1105;0,8,4,7,1,9,2,5,3,6
287;23;398;933;8,9,6,3,0,2,5,1,7,4
288;17;400;932;6,9,5,4,0,3,8,1,2,7
289;18;309;679;8,9,7,5,0,2,3,1,6,4
290;9;170;421;3,6,7,4,1,9,0,8,5,2
291;16;294;756;6,9,4,5,3,0,8,1,2,7
292;25;420;1014;0,8,4,5,1,9,3,6,2,7
293;18;300;1111;2,9,7,3,5,8,0,1,6,4
294;20;366;1340;9,2,4,6,8,5,1,0,3,7
295;12;235;716;8,2,4,5,1,9,6,0,3,7
296;24;414;1193;3,2,1,5,4,9,0,6,8,7
297;31;544;1569;0,9,4,5,8,6,3,1,2,7
298;15;297;687;3,9,2,4,1,7,0,8,5,6
299;22;305;671;0,9,6,4,7,8,2,5,3,1
300;26;421;936;6,9,4,5,3,0,8,1,2,7
301;35;600;1418;1,8,4,7,3,0,9,6,2,5
302;4;104;298;7,0,8,4,5,3,9,2,1,6
303;25;377;811;2,8,3,7,4,9,0,6,1,5
304;20;352;806;6,9,4,5,3,0,8,1,2,7
305;21;312;681;9,8,4,7,2,0,1,5,3,6
306;18;298;679;2,8,3,7,4,9,0,6,1,5
307;36;547;1343;3,6,7,5,9,4,8,2,0,1
308;22;311;674;6,0,1,7,4,9,2,3,8,5
309;22;364;807;2,9,7,3,5,8,0,1,6,4
310;22;312;1097;5,1,3,7,2,0,8,9,4,6
311;15;289;1198;3,7,5,4,1,9,8,2,0,6
312;14;191;500;6,3,4,5,1,9,8,0,2,7
313;21;315;742;2,9,7,3,5,8,0,1,6,4
314;15;294;775;6,9,5,4,7,1,8,0,2,3
315;22;359;1207;1,0,7,4,5,8,9,2,6,3
316;27;374;839;1,0,7,4,5,8,9,2,6,3
317;19;301;687;0,8,4,7,1,9,2,5,3,6
318;19;295;679;5,6,3,7,4,9,8,2,1,0
319;19;307;712;2,8,7,4,9,1,6,3,0,5
320;18;256;604;5,1,3,7,2,0,8,9,4,6
321;21;405;1067;6,9,4,5,3,0,8,1,2,7
322;20;308;700;2,8,1,7,4,9,6,3,0,5
323;19;352;806;6,9,4,5,3,0,8,1,2,7
324;11;229;546;0,9,6,4,7,8,2,5,3,1
325;14;238;604;0,8,4,5,1,9,3,6,2,7
326;20;352;814;6,9,5,4,7,1,8,0,2,3
327;13;234;553;3,0,1,4,6,9,5,7,8,2
328;13;190;455;2,9,7,3,5,8,0,1,6,4
329;14;247;556;1,3,6,4,0,2,9,8,7,5
330;15;277;1068;3,9,2,4,1,7,0,8,5,6
331;11;228;567;0,9,5,4,7,8,3,6,2,1
332;21;299;1166;0,9,4,5,8,6,3,1,2,7
333;47;777;1971;5,1,3,7,2,0,8,9,4,6
334;23;380;1073;2,9,7,3,5,8,0,1,6,4
335;8;173;446;1,0,2,4,8,7,6,3,9,5
336;19;362;961;8,9,5,4,2,0,3,1,7,6
337;25;372;984;1,6,5,4,3,0,9,2,7,8
338;33;631;1589;6,3,4,5,1,9,8,0,2,7
339;27;423;937;8,0,7,5,9,1,3,2,6,4
340;18;288;780;6,3,4,5,1,9,8,0,2,7
341;29;430;955;6,3,4,5,1,9,8,0,2,7
342;17;244;561;9,8,4,7,2,6,1,3,5,0
343;33;540;1220;8,0,7,5,9,4,3,2,6,1
344;18;249;551;7,3,4,5,1,9,8,0,2,6
345;20;301;679;4,0,7,1,6,2,9,3,5,8
346;19;365;925;2,9,7,3,5,8,0,1,6,4
347;17;300;950;8,0,7,4,1,9,6,3,5,2
348;29;532;1700;3,9,2,4,1,7,0,8,5,6
349;26;435;1442;2,9,7,3,5,8,0,1,6,4
350;26;516;1526;4,0,7,1,6,2,9,3,5,8
351;33;501;1076;2,3,7,4,9,1,0,8,6,5
352;32;444;976;8,0,7,5,9,4,3,2,6,1
353;18;297;679;8,9,5,1,2,6,3,4,7,0
354;32;537;1213;1,0,7,4,5,8,9,2,6,3
355;13;191;445;8,9,7,5,0,2,3,1,6,4
356;19;309;775;2,9,7,3,5,8,0,1,6,4
357;39;568;1274;1,0,7,4,5,8,9,2,6,3
358;6;159;474;1,6,5,4,0,3,9,8,7,2
359;17;252;552;6,3,4,5,1,9,8,0,2,7
360;25;426;935;5,0,1,4,7,9,6,3,8,2
361;12;227;549;5,1,3,7,2,0,8,9,4,6
362;15;242;606;3,7,5,4,1,9,8,2,0,6
363;20;305;1108;3,2,7,4,9,8,0,6,5,1
364;43;679;2051;1,0,7,4,5,8,9,2,6,3
365;28;472;1160;2,9,7,3,5,8,0,1,6,4
366;23;361;1339;5,1,3,7,2,0,8,9,4,6
367;14;188;433;0,6,4,1,9,5,2,8,3,7
368;29;446;938;2,3,7,4,9,1,0,8,6,5
369;20;352;841;3,9,2,4,1,7,0,8,5,6
370;22;315;681;1,3,6,4,0,2,9,8,7,5
371;18;301;679;8,0,6,4,9,1,5,2,7,3
372;20;369;869;0,8,4,7,1,9,2,5,3,6
373;24;404;1050;1,0,7,5,8,3,9,2,6,4
374;23;407;1000;1,0,7,4,5,8,9,2,6,3
375;27;474;1102;6,9,2,5,3,0,1,4,8,7
376;17;257;606;9,8,4,7,2,0,1,5,3,6
377;25;517;1242;1,7,5,4,8,6,9,0,2,3
378;13;275;734;0,9,4,5,8,6,3,1,2,7
379;18;303;1026;9,8,4,7,2,0,1,5,3,6
380;13;228;610;5,0,8,4,9,6,3,2,1,7
381;46;695;1810;5,4,3,7,2,0,8,9,1,6
382;7;168;485;2,0,3,4,9,8,7,5,6,1
383;30;526;1653;0,8,4,7,1,9,2,5,3,6
384;19;303;687;3,6,7,5,9,4,8,2,0,1
385;20;408;951;6,3,4,5,1,9,8,0,2,7
386;21;359;806;8,9,7,5,0,2,3,1,6,4
387;16;336;803;4,0,7,1,6,2,9,3,5,8
388;33;501;1147;0,9,4,5,8,6,3,1,2,7
389;24;458;1196;3,0,5,4,1,9,8,2,7,6
390;18;306;686;2,3,7,4,9,1,0,8,6,5
391;15;252;552;8,0,6,4,9,1,5,2,7,3
392;23;367;808;6,9,5,4,7,1,8,0,2,3
393;27;477;1100;4,0,7,1,6,2,9,3,5,8
394;28;467;1061;6,3,4,5,1,9,8,0,2,7
395;15;245;602;5,1,3,7,2,0,8,9,4,6
396;27;479;1552;4,0,7,1,6,2,9,3,5,8
397;31;487;1250;0,8,4,7,1,9,2,5,3,6
398;38;641;1874;9,8,4,7,2,0,1,5,3,6
399;25;430;1150;5,0,8,4,9,6,3,2,1,7
400;17;337;811;0,8,4,7,1,9,2,5,3,6
401;27;515;1188;6,9,5,4,7,1,8,0,2,3
402;29;488;1091;1,0,7,4,5,8,9,2,6,3
403;22;365;840;1,0,7,5,8,3,9,2,6,4
404;19;404;1037;0,9,6,4,7,8,2,5,3,1
405;31;442;953;6,3,4,5,1,9,8,0,2,7
406;28;477;1064;0,9,4,5,8,6,3,1,2,7
407;31;491;1076;1,0,7,4,5,8,9,2,6,3
408;16;241;550;8,9,7,5,0,2,3,1,6,4
409;35;548;1620;8,0,7,5,9,4,3,2,6,1
410;9;226;614;6,9,1,7,0,4,2,5,8,3
411;10;170;981;0,1,3,6,8,5,2,9,4,7
412;33;592;1536;1,0,7,4,5,8,9,2,6,3
413;13;189;781;2,1,7,5,8,3,6,9,0,4
414;24;371;957;0,1,3,6,8,5,2,9,4,7
415;22;367;964;9,8,4,7,2,0,1,5,3,6
416;31;436;993;8,0,7,5,9,1,3,2,6,4
417;14;230;603;6,0,1,4,9,7,2,3,8,5
418;21;406;960;3,9,2,4,1,7,0,8,5,6
419;15;244;550;1,0,7,4,5,8,9,2,6,3
420;24;416;996;0,8,4,7,1,9,2,5,3,6
421;18;254;562;0,6,4,1,7,9,2,5,3,8
422;11;229;556;1,3,6,4,0,2,9,8,7,5
423;17;346;844;3,0,6,4,9,8,5,2,7,1
424;25;327;706;8,2,4,5,1,9,6,0,3,7
425;20;305;681;0,8,4,7,1,9,2,5,3,6
426;15;283;705;6,0,1,7,4,9,2,3,8,5
427;14;238;543;6,8,1,5,3,0,2,9,4,7
428;18;351;1276;0,9,5,4,7,8,3,6,2,1
429;26;382;1349;2,9,7,3,5,8,0,1,6,4
430;12;176;482;1,5,7,4,0,2,9,8,6,3
431;20;307;834;9,8,4,7,2,0,1,5,3,6
432;19;395;1365;1,8,4,7,3,0,9,6,2,5
433;15;286;760;1,6,4,5,3,0,9,2,7,8
434;24;418;1149;9,8,4,7,2,0,1,5,3,6
435;15;282;686;0,3,7,6,9,1,2,8,5,4
436;26;428;970;1,0,7,4,5,8,9,2,6,3
437;19;360;807;1,7,5,4,8,6,9,0,2,3
438;28;466;1063;2,3,7,4,9,1,0,8,6,5
439;24;335;723;4,0,7,1,6,2,9,3,5,8
440;17;297;698;9,8,4,7,2,0,1,5,3,6
441;29;433;977;4,0,7,1,6,2,9,3,5,8
442;18;345;836;5,0,8,4,9,6,3,2,1,7
443;14;239;552;1,3,4,5,8,6,9,0,2,7
444;19;405;934;0,9,6,4,7,8,2,5,3,1
445;20;341;1019;6,9,4,5,3,0,8,1,2,7
446;18;262;827;8,9,5,1,2,6,3,4,7,0
447;30;487;1648;0,9,5,4,7,8,3,6,2,1
448;12;180;498;0,9,2,5,8,7,3,1,4,6
449;19;361;939;6,9,4,5,3,0,8,1,2,7
450;18;297;1137;0,9,4,5,8,6,3,1,2,7
451;17;252;578;6,9,4,5,3,0,8,1,2,7
452;23;369;829;2,8,1,7,4,9,6,3,0,5
453;32;586;1363;1,0,7,4,5,8,9,2,6,3
454;18;346;1046;0,8,4,7,1,9,2,5,3,6
455;23;379;895;1,3,6,4,0,2,9,8,7,5
456;28;519;1234;2,8,1,7,4,9,6,3,0,5
457;31;477;1161;9,2,4,6,8,5,1,0,3,7
458;13;197;423;8,2,4,5,1,9,6,0,3,7
459;21;314;710;2,9,8,4,1,7,6,3,0,5
460;28;395;1168;3,9,5,4,6,8,0,1,7,2
461;19;355;1145;2,8,7,4,9,1,6,3,0,5
462;9;165;851;8,9,6,5,0,4,3,1,7,2
463;5;104;300;6,0,1,7,4,9,2,3,8,5
464;21;319;751;2,3,7,4,9,1,0,8,6,5
465;17;299;943;4,0,7,1,6,2,9,3,5,8
466;14;251;946;1,9,2,4,3,0,7,6,5,8
467;24;467;1038;0,8,5,7,9,1,3,6,2,4
468;30;508;1102;5,1,3,7,2,0,8,9,4,6
469;21;300;650;6,9,4,5,3,0,8,1,2,7
470;29;541;1314;2,9,7,3,5,8,0,1,6,4
471;14;189;402;9,0,7,1,6,2,4,3,5,8
472;24;420;949;9,8,4,7,2,0,1,5,3,6
473;17;294;648;1,0,7,4,5,8,9,2,6,3
474;12;179;393;5,4,8,0,2,7,3,9,1,6
475;12;277;647;0,6,7,4,9,1,2,5,3,8
476;19;303;733;8,0,7,5,9,4,3,2,6,1
477;19;310;694;8,2,4,5,1,9,6,0,3,7
478;22;368;779;9,2,4,6,8,5,1,0,3,7
479;16;254;861;2,9,1,4,8,7,6,3,0,5
480;26;484;1692;6,3,4,5,1,9,8,0,2,7
481;24;369;1075;3,6,7,5,9,4,8,2,0,1
482;24;426;977;1,0,7,4,5,8,9,2,6,3
483;27;529;1271;8,9,6,3,0,2,5,1,7,4
484;17;342;888;4,0,7,1,6,2,9,3,5,8
485;12;282;654;7,0,1,4,6,9,2,3,8,5
486;22;367;864;6,3,4,5,1,9,8,0,2,7
487;16;250;526;3,9,5,4,1,6,8,0,2,7
488;8;167;417;4,0,7,1,6,2,9,3,5,8
489;20;357;777;0,8,4,7,1,9,2,5,3,6
490;33;548;1319;5,1,3,7,2,0,8,9,4,6
491;18;350;782;0,9,4,5,8,6,3,1,2,7
492;22;309;689;8,9,7,5,0,2,3,1,6,4
493;6;160;394;0,9,8,4,1,7,3,6,2,5
494;29;524;1162;6,9,4,5,3,0,8,1,2,7
495;19;303;1280;9,2,5,7,8,3,1,0,4,6
496;16;295;954;6,3,4,5,1,9,8,0,2,7
497;30;537;1773;0,8,4,5,1,9,3,6,2,7
498;25;370;857;2,9,7,3,5,8,0,1,6,4
499;18;306;672;0,9,4,5,8,6,3,1,2,7
