0;61;5357;3102;14,9,20,8,12,17,10,23,6,16,24,15,4,3,2,1,22,19,7,13,5,11,0,21,18
1;77;5712;3418;3,6,12,24,5,17,23,14,9,4,8,15,16,19,2,1,21,22,7,11,20,10,13,0,18
2;43;3490;2185;23,10,13,17,15,24,0,14,2,9,11,20,4,16,5,1,22,19,7,8,18,3,6,12,21
3;90;8175;5448;23,10,18,13,0,5,3,4,11,24,14,21,9,16,22,1,20,19,7,2,15,17,8,6,12
4;93;8192;4873;11,4,3,23,20,8,2,13,10,16,17,12,14,0,6,1,22,19,7,9,15,24,21,18,5
5;74;6594;3994;14,21,20,18,15,9,10,3,2,17,22,24,4,16,5,1,13,19,7,6,12,8,23,11,0
6;73;6596;4418;5,9,22,20,7,13,21,18,1,10,24,0,23,19,11,12,8,6,15,14,4,3,16,2,17
7;69;5386;3427;23,5,22,13,0,17,21,9,11,20,4,2,10,24,15,1,18,19,7,3,16,14,6,8,12
8;56;4732;2968;0,14,9,11,20,8,4,3,10,12,16,24,23,13,6,1,22,19,7,2,15,17,21,18,5
9;26;2214;1335;12,4,23,3,19,14,11,8,5,9,16,10,24,6,20,1,21,22,7,13,17,0,18,15,2
10;40;2864;1655;12,4,0,3,20,24,13,8,10,14,9,11,16,6,23,1,22,19,7,2,15,17,21,18,5
11;71;6298;3877;14,17,13,18,20,23,15,4,10,22,2,0,21,16,11,5,24,9,7,6,12,8,3,19,1
12;44;3475;2337;14,17,15,20,7,13,18,4,1,10,2,0,23,16,11,6,19,8,12,3,22,21,24,9,5
13;53;4115;2701;17,16,13,8,12,23,3,4,6,20,14,0,10,2,11,7,21,22,1,9,15,24,18,5,19
14;79;6322;3860;17,13,3,0,20,8,14,4,10,11,16,12,23,2,6,7,21,22,1,9,15,24,18,5,19
15;80;6936;4183;11,4,3,23,20,8,14,13,10,2,16,6,17,0,12,5,24,9,7,21,22,15,18,19,1
16;87;7556;4563;0,13,15,18,22,4,7,23,21,5,24,2,9,11,17,12,8,6,1,14,10,16,3,19,20
17;38;2857;2253;18,21,23,19,7,13,16,14,1,20,22,11,10,3,0,15,17,2,5,9,12,24,4,8,6
18;60;5665;3671;16,14,22,24,5,8,21,23,9,19,18,12,3,4,6,1,10,20,7,2,15,17,13,11,0
19;54;4722;2802;8,3,20,17,15,9,10,12,2,4,14,24,16,6,5,22,18,21,7,11,19,23,13,0,1
20;72;6595;3945;0,10,4,18,22,24,16,3,21,23,14,9,11,13,5,1,20,19,7,2,15,17,8,6,12
21;53;4738;2852;23,3,18,13,0,19,5,9,11,20,14,7,10,24,1,12,8,6,22,4,21,16,17,2,15
22;66;5377;3800;13,23,6,24,5,2,12,11,9,4,16,8,17,0,15,7,21,22,1,3,10,14,18,19,20
23;71;6592;3913;23,13,10,4,2,5,0,14,17,24,11,20,9,16,15,1,22,19,7,8,12,3,21,18,6
24;72;6001;3688;21,3,16,0,20,12,18,13,10,11,14,8,23,22,6,15,17,2,7,24,1,19,4,9,5
25;74;6612;4112;18,14,10,0,22,8,20,3,21,11,16,12,23,13,6,1,5,19,7,17,15,2,4,9,24
26;62;5070;3497;16,8,13,17,15,23,12,14,2,20,6,0,10,4,11,1,22,19,7,21,18,3,24,9,5
27;49;3502;2217;4,11,22,17,15,5,21,23,2,24,0,10,9,13,20,12,8,6,7,14,18,16,3,19,1
28;67;5678;3445;16,23,20,8,12,4,10,14,6,24,15,17,9,3,2,1,22,19,7,13,5,11,0,21,18
29;67;5680;3375;14,24,5,17,15,8,23,3,2,16,9,6,4,18,12,1,20,19,7,13,22,21,10,11,0
30;68;6283;3931;3,14,17,21,7,19,4,13,22,1,16,2,18,0,15,10,23,11,20,6,12,8,24,9,5
31;46;3487;2358;24,9,15,23,20,13,5,16,10,11,4,2,0,14,17,1,18,19,7,6,12,8,3,21,22
32;59;4438;2910;8,3,19,17,15,24,18,12,2,4,14,5,16,6,9,1,10,20,7,13,21,23,11,0,22
33;59;4739;2865;9,3,20,8,12,17,10,5,6,16,14,15,4,24,2,7,21,22,1,11,19,23,13,0,18
34;43;3479;2017;13,23,12,17,15,9,5,11,2,24,16,6,4,0,8,1,22,19,7,3,10,14,21,18,20
35;65;5969;3716;24,9,18,15,7,5,19,0,1,2,4,21,17,13,22,12,8,6,20,14,11,3,16,23,10
36;69;6296;3829;17,13,3,11,20,8,14,4,10,23,16,12,0,2,6,1,22,19,7,9,15,24,21,18,5
37;130;12242;7725;5,23,20,19,7,0,10,24,1,18,11,22,13,9,21,6,15,8,12,4,14,3,17,2,16
38;49;3798;2262;16,14,22,24,5,8,21,23,9,19,18,12,3,4,6,1,10,20,7,13,0,11,17,2,15
39;59;5049;2956;23,14,18,20,7,0,13,16,1,10,3,21,11,19,22,12,8,6,15,9,5,24,4,17,2
40;59;4439;2805;23,3,21,13,7,10,18,16,1,0,14,22,11,19,20,5,9,24,15,17,12,4,2,8,6
41;36;2845;2042;21,18,16,5,20,4,10,3,15,24,14,17,9,22,2,12,8,6,7,11,19,23,0,13,1
42;47;4107;2744;8,3,5,17,15,18,9,12,2,4,14,21,16,6,22,7,10,20,1,23,19,24,13,11,0
43;35;3147;1837;19,9,23,18,22,10,13,14,21,20,24,11,5,3,0,2,4,17,15,16,7,1,8,6,12
44;71;6609;3971;11,3,20,4,24,8,10,13,9,16,14,12,23,0,6,1,22,19,7,2,15,17,21,18,5
45;55;4430;2599;24,2,14,9,19,21,16,13,5,3,17,18,4,15,22,1,10,20,7,11,23,0,8,6,12
46;54;4428;2739;17,3,0,12,20,16,13,4,10,6,14,11,8,2,23,7,21,22,1,9,15,24,18,5,19
47;58;5034;3718;5,14,21,23,20,6,18,9,10,8,3,22,16,24,12,1,15,19,7,11,0,4,2,17,13
48;40;3153;1976;5,23,0,19,20,18,13,24,10,3,11,21,14,9,22,1,6,12,7,4,15,16,8,17,2
49;67;5378;3196;19,13,5,18,22,23,9,14,21,0,24,20,11,3,10,1,2,15,7,4,12,16,17,8,6
50;53;4118;2414;2,9,1,15,20,13,5,4,10,11,24,7,23,17,0,12,8,6,22,14,19,16,3,21,18
51;80;6331;3748;3,16,12,19,15,9,6,18,2,17,8,24,4,14,5,1,10,20,7,23,22,21,13,11,0
52;97;8203;5345;23,4,5,11,20,17,9,16,10,0,24,2,13,14,15,22,18,21,7,8,19,3,6,12,1
53;46;3487;2023;10,11,3,14,16,8,13,0,4,17,23,6,2,20,12,1,22,19,7,9,15,24,21,18,5
54;75;6303;3796;22,13,11,19,7,12,23,3,1,6,0,10,8,21,20,15,17,2,5,16,18,14,4,9,24
55;86;7578;4427;3,23,0,18,7,12,11,16,1,6,13,22,8,14,21,19,24,9,5,17,10,4,2,15,20
56;69;6295;4424;24,14,18,23,20,0,19,9,10,11,3,21,13,5,22,12,8,6,7,4,1,16,17,2,15
57;67;5985;3878;8,16,5,11,0,4,15,12,13,17,23,9,2,6,24,7,21,22,1,3,10,14,18,19,20
58;77;6016;3824;3,14,9,8,12,16,24,18,6,2,5,4,15,19,17,1,21,22,7,10,20,23,13,11,0
59;73;6311;3851;4,23,11,17,15,5,0,14,2,24,13,10,9,16,20,12,8,6,7,18,19,3,21,22,1
60;85;6643;4698;15,14,6,24,5,2,12,23,9,4,3,8,17,19,16,1,10,20,7,11,18,13,0,21,22
61;57;4426;2839;15,14,8,19,7,18,16,2,1,22,3,6,21,5,12,10,4,17,20,13,0,23,9,24,11
62;66;5401;3405;11,0,19,24,5,18,3,13,9,20,14,21,10,23,22,12,8,6,7,4,1,16,17,2,15
63;62;5358;3151;4,14,19,5,20,23,3,16,10,24,13,0,9,17,11,1,21,22,7,6,12,8,2,15,18
64;69;6299;4106;18,3,4,21,22,8,16,19,15,12,14,17,6,1,2,20,11,10,7,24,5,9,23,13,0
65;64;5986;4051;23,14,12,11,0,2,3,20,13,17,16,8,4,10,6,1,22,19,7,9,15,24,21,18,5
66;86;7255;4549;6,16,24,18,22,19,23,8,21,3,4,9,14,12,5,1,10,20,7,13,0,11,17,2,15
67;40;3161;1899;3,14,17,8,12,18,4,9,6,22,16,2,21,5,15,7,10,20,1,23,19,24,13,11,0
68;68;5680;3490;0,3,21,8,12,17,23,11,6,16,14,22,4,13,2,1,20,19,7,9,15,24,10,18,5
69;67;5062;3296;8,14,24,12,15,4,19,18,2,17,3,9,16,6,5,1,10,20,7,23,22,21,13,11,0
70;80;6633;4360;14,17,13,18,22,23,15,4,21,20,2,0,10,16,11,12,8,6,7,9,5,24,3,19,1
71;60;5031;3035;11,3,18,8,12,23,16,13,6,20,14,21,10,0,22,1,5,19,7,24,2,15,9,4,17
72;69;6005;3718;3,2,24,6,19,4,15,14,12,8,17,9,16,18,5,1,21,22,7,10,20,23,13,11,0
73;78;7240;4312;17,3,11,8,12,23,0,4,6,16,13,10,14,2,20,7,21,22,1,9,15,24,18,5,19
74;66;5666;4006;14,6,19,17,15,5,12,3,2,4,8,24,16,18,9,1,21,22,7,10,20,23,13,11,0
75;49;4101;2527;14,24,20,8,12,4,10,23,6,15,9,17,16,3,2,1,22,19,7,13,5,11,0,21,18
76;90;7887;4762;3,24,15,8,12,4,5,18,6,16,9,2,14,19,17,1,10,20,7,23,22,21,13,11,0
77;66;5679;3520;3,14,2,24,5,12,15,23,9,6,16,17,8,18,4,1,20,19,7,13,22,21,10,11,0
78;92;8474;5774;20,11,1,24,5,17,19,23,9,4,0,2,13,10,15,22,18,21,7,14,3,16,8,6,12
79;69;5986;3581;0,2,16,11,20,14,4,15,10,18,17,21,23,13,22,1,5,19,7,9,3,24,8,6,12
80;77;6321;3942;17,16,12,13,0,8,3,4,11,10,14,6,23,2,20,7,21,22,1,9,15,24,18,5,19
81;76;6316;3853;13,14,4,0,20,24,17,3,10,11,16,9,23,19,5,1,21,22,7,18,15,2,8,6,12
82;57;4451;3144;17,24,5,8,12,14,23,15,6,16,9,19,4,2,3,1,21,22,7,11,10,13,0,18,20
83;59;5053;3037;3,6,16,24,5,17,14,18,9,4,8,15,12,19,2,1,21,22,7,10,20,23,13,11,0
84;43;3476;2142;3,16,24,8,12,9,19,14,6,2,4,5,17,18,15,1,21,22,7,10,20,23,13,11,0
85;56;4729;2951;5,8,0,19,7,18,13,24,1,12,3,21,6,9,22,15,17,2,20,14,23,11,4,16,10
86;80;6646;4138;3,14,17,18,22,8,4,1,21,12,16,2,6,19,15,0,13,11,7,24,5,9,23,10,20
87;75;6906;5150;5,3,23,18,22,11,19,9,21,0,14,10,13,24,20,12,8,6,7,4,1,16,17,2,15
88;75;6922;4243;13,24,5,12,6,17,23,11,8,16,9,15,4,0,2,1,22,19,7,3,10,14,21,18,20
89;56;5039;3181;21,23,17,22,20,13,4,14,10,11,16,2,0,18,15,5,9,24,7,19,1,3,8,6,12
90;70;5673;3402;5,9,16,18,22,12,4,23,21,3,24,8,14,19,6,1,10,20,7,2,15,17,13,11,0
91;71;5993;4084;4,13,1,17,15,21,11,24,2,5,0,7,18,9,22,12,8,6,19,14,23,16,3,10,20
92;82;6944;4280;15,14,12,24,5,2,3,18,9,4,16,8,17,19,6,1,10,20,7,23,22,21,13,11,0
93;94;7605;4678;16,8,13,23,20,2,12,3,10,17,6,0,4,14,11,1,22,19,7,9,15,24,21,18,5
94;44;3484;2137;16,14,22,8,12,0,21,18,6,11,3,20,23,13,10,5,24,9,19,17,7,4,2,15,1
95;57;4733;2934;15,14,17,24,5,8,2,18,9,4,3,12,16,19,6,1,10,20,7,13,21,23,11,0,22
96;69;5992;4039;20,6,12,24,5,17,3,14,9,4,8,2,16,10,15,1,22,19,7,11,18,23,13,0,21
97;78;7228;4482;14,8,12,23,0,18,3,13,11,10,6,21,20,16,22,2,4,17,15,1,7,19,24,9,5
98;82;7253;4304;15,2,3,24,5,8,14,23,9,16,17,6,4,19,12,1,10,20,7,11,18,13,0,21,22
99;48;3790;2411;8,3,1,17,15,18,19,12,2,4,14,21,16,6,22,5,9,24,7,0,20,13,23,11,10
100;28;2221;1516;16,3,15,8,12,2,18,13,6,17,14,21,4,0,22,1,20,19,7,24,5,9,23,11,10
101;57;5327;3704;24,16,5,13,0,18,3,4,11,23,14,21,10,9,22,1,15,19,7,17,12,20,2,8,6
102;76;6611;3955;16,14,19,8,12,18,5,2,6,22,3,1,21,15,7,10,23,11,20,4,9,17,0,13,24
103;66;5367;3335;14,24,5,8,12,17,20,10,6,16,9,15,4,3,2,1,22,19,7,11,18,23,13,0,21
104;69;5703;3434;17,20,3,24,5,8,14,15,9,4,10,6,16,2,12,1,22,19,7,11,18,23,13,0,21
105;71;6600;4588;17,16,18,8,12,3,19,1,6,15,14,21,2,4,22,10,23,11,20,9,7,5,24,13,0
106;65;5383;3210;2,17,0,19,7,18,13,16,1,3,4,22,14,15,21,5,9,24,20,6,12,8,23,11,10
107;56;5044;3149;4,23,1,17,15,10,18,14,2,0,13,7,11,16,20,12,8,6,22,3,19,21,24,9,5
108;74;6021;3589;8,14,19,17,15,18,1,12,2,4,3,21,16,6,22,20,11,10,7,24,5,9,23,13,0
109;54;4742;3075;8,3,19,2,15,4,18,12,5,17,14,24,16,6,9,1,21,22,7,10,20,23,13,11,0
110;65;5967;4030;2,17,13,5,20,23,16,14,10,24,4,0,9,15,11,7,21,22,1,18,19,3,8,6,12
111;68;5395;3371;16,14,1,2,15,18,19,4,12,6,3,21,8,17,22,10,23,11,20,9,7,5,24,13,0
112;58;5026;3031;24,13,11,19,7,12,23,5,1,6,0,10,8,9,20,2,4,17,15,21,22,3,16,14,18
113;59;5657;3483;5,9,19,18,7,8,3,2,1,22,24,12,21,15,6,10,0,11,20,4,14,17,13,23,16
114;61;5346;3503;18,14,19,17,15,5,23,21,2,4,3,24,16,22,9,1,10,20,7,6,12,8,13,11,0
115;47;4087;2717;3,24,5,8,12,17,19,18,6,16,9,15,4,14,2,1,21,22,7,10,20,23,13,11,0
116;74;6003;3567;3,19,24,18,22,4,13,16,21,17,15,9,2,14,5,12,8,6,7,11,1,0,23,10,20
117;50;3790;2379;13,14,5,23,0,18,19,9,11,10,3,21,20,24,22,15,17,2,7,16,1,4,8,6,12
118;69;5987;3555;2,13,21,15,7,5,18,4,1,24,0,22,9,17,19,6,20,8,12,23,3,11,10,16,14
119;60;5054;3251;11,17,5,23,20,4,19,13,10,16,3,9,14,0,24,1,21,22,7,15,18,2,8,6,12
120;77;6015;4029;14,24,5,23,10,18,3,4,11,0,9,21,13,16,22,1,20,19,7,2,15,17,8,6,12
121;56;4749;2954;24,14,18,23,20,0,19,9,10,11,3,21,13,5,22,1,2,15,7,17,16,4,6,8,12
122;61;5371;3233;14,3,8,24,5,17,6,19,9,4,12,2,16,18,15,1,10,20,7,23,22,21,13,11,0
123;74;6308;3899;5,9,4,0,20,14,17,3,10,11,24,16,13,19,23,1,21,22,7,6,12,8,18,2,15
124;71;5983;3972;3,6,16,24,5,17,14,18,9,4,8,15,12,19,2,1,21,22,7,10,20,23,13,11,0
125;47;3491;2330;17,16,12,13,20,23,3,4,10,11,14,8,0,2,6,1,22,19,7,9,15,24,21,18,5
126;52;4406;2638;14,16,5,23,20,13,17,19,10,11,4,9,0,3,24,12,8,6,7,15,18,2,21,22,1
127;83;7857;4868;16,14,21,24,5,2,18,10,9,4,3,22,17,20,15,1,13,19,7,6,12,8,23,11,0
128;79;6011;3648;21,14,24,8,12,18,4,23,6,19,16,9,3,22,5,1,10,20,7,2,15,17,13,11,0
129;52;4126;2880;21,3,8,10,22,23,16,13,20,11,14,6,0,18,12,5,9,24,15,1,7,19,4,17,2
130;68;5689;3514;3,4,15,18,1,24,2,16,19,5,17,22,9,14,21,12,8,6,7,0,20,13,23,11,10
131;61;5035;3170;17,16,12,13,0,8,3,4,11,10,14,6,23,2,20,7,21,22,1,9,15,24,18,5,19
132;73;5708;3417;23,11,20,8,12,18,10,13,6,3,0,22,14,16,21,15,17,2,7,24,1,19,4,9,5
133;79;6306;4070;4,17,0,9,5,11,13,14,24,23,2,20,15,16,10,7,21,22,1,18,19,3,8,6,12
134;35;2545;1935;16,14,18,9,5,12,19,23,24,6,3,21,8,4,22,1,13,0,7,2,15,17,11,10,20
135;48;3496;2163;11,23,3,10,7,21,16,13,20,1,14,19,18,0,22,2,4,17,15,9,5,24,8,6,12
136;77;6318;3868;5,9,19,17,15,8,3,14,2,16,24,6,4,18,12,1,10,20,7,23,22,21,13,11,0
137;37;3457;2202;21,3,20,9,5,23,19,18,24,0,14,10,13,22,11,12,8,6,7,4,1,16,17,2,15
138;57;5334;3180;3,0,24,18,22,19,23,13,21,20,11,9,10,14,5,15,17,2,7,16,1,4,8,6,12
139;58;4736;3058;11,3,20,12,6,4,10,13,8,16,14,2,23,0,17,7,21,22,1,9,15,24,18,5,19
140;68;6282;4195;5,9,3,17,15,8,14,10,2,16,24,6,4,20,12,7,21,22,1,11,19,23,13,0,18
141;69;5370;3303;15,21,23,22,7,11,14,17,1,0,18,10,13,2,20,5,24,9,19,16,3,4,8,6,12
142;81;6616;4064;2,4,3,15,19,8,14,23,5,9,16,6,24,17,12,1,10,20,7,11,18,13,0,21,22
143;76;7517;4691;16,14,22,24,5,8,21,23,9,19,18,12,3,4,6,1,10,20,7,13,0,11,17,2,15
144;82;6011;3997;18,14,1,17,15,8,19,21,2,16,3,6,4,22,12,10,23,11,20,9,7,5,24,13,0
145;55;5048;3124;16,4,5,23,20,13,19,3,10,11,17,9,0,14,24,1,21,22,7,6,12,8,18,2,15
146;37;3158;1941;11,10,14,12,6,17,3,13,8,2,20,4,23,0,16,5,9,24,7,21,22,15,18,19,1
147;63;5661;3366;8,16,15,10,20,4,3,12,5,9,14,2,24,6,17,7,21,22,1,11,19,23,13,0,18
148;64;5982;3878;15,14,12,24,5,2,3,23,9,4,16,6,17,19,8,10,0,11,20,13,1,18,21,22,7
149;46;4082;2872;12,16,15,3,19,4,18,8,5,9,14,2,24,6,17,1,21,22,7,10,20,23,13,11,0
150;72;5400;3227;18,17,14,2,1,12,16,21,15,6,4,3,8,22,19,5,9,24,7,10,20,23,13,11,0
151;44;3468;2131;12,16,2,3,19,24,17,8,18,9,4,15,14,6,5,1,21,22,7,10,20,23,13,11,0
152;62;5060;3063;14,17,15,8,12,9,20,10,6,16,2,24,4,3,5,1,22,19,7,11,18,23,13,0,21
153;46;4099;2545;14,16,24,12,20,23,9,4,10,6,13,0,8,3,11,1,22,19,7,2,15,17,21,18,5
154;59;5039;3477;10,9,6,19,7,13,8,5,1,11,24,12,23,20,0,2,4,17,15,21,22,3,16,14,18
155;61;5053;3254;11,8,3,13,7,18,14,16,1,0,6,21,12,23,22,20,5,10,15,9,19,24,4,17,2
156;71;6589;3913;8,3,9,23,20,13,4,12,10,11,14,24,16,6,0,1,22,19,7,2,15,17,21,18,5
157;124;9526;5784;11,3,16,23,20,8,4,13,10,12,14,17,6,0,2,7,21,22,1,9,15,24,18,5,19
158;76;6602;4530;2,13,11,15,7,5,23,4,1,24,0,10,9,17,20,12,8,6,22,14,19,16,3,21,18
159;42;3479;2239;22,14,17,23,20,13,4,18,10,11,16,2,0,21,15,12,8,6,7,9,5,24,3,19,1
160;63;5371;3237;9,14,20,5,15,8,10,3,2,17,16,6,4,24,12,1,22,19,7,11,18,23,13,0,21
161;43;2881;1836;14,6,19,17,15,5,12,3,2,4,8,24,16,18,9,1,21,22,7,10,20,23,13,11,0
162;78;6949;4299;11,24,3,8,12,14,4,13,6,16,9,20,23,0,10,1,22,19,7,2,15,17,21,18,5
163;59;4159;2793;5,9,19,17,15,8,3,14,2,16,24,6,4,18,12,10,23,11,20,22,1,21,13,0,7
164;72;6302;4172;10,23,12,20,15,16,3,9,2,17,14,6,4,24,8,1,22,19,7,13,5,11,0,21,18
165;56;4424;2684;21,16,19,24,5,17,3,23,9,4,14,2,18,22,15,1,10,20,7,6,12,8,13,11,0
166;62;5046;3130;10,23,9,18,22,13,19,14,21,0,3,24,11,20,5,12,8,6,7,4,1,16,17,2,15
167;48;4102;2439;14,18,22,8,12,11,13,3,6,10,21,0,23,16,20,1,5,19,7,17,2,4,9,24,15
168;49;3802;2369;13,23,9,11,20,4,5,14,10,2,16,24,17,0,15,7,21,22,1,18,19,3,8,6,12
169;86;7578;4889;3,4,18,8,12,15,14,9,6,2,16,21,17,5,22,1,20,19,7,13,23,24,0,11,10
170;68;5985;3668;5,4,23,15,20,13,24,16,10,2,9,0,17,14,11,7,21,22,1,18,19,3,8,6,12
171;50;3498;2223;5,17,16,9,20,11,14,2,24,0,4,23,13,15,10,12,8,6,7,18,19,3,21,22,1
172;62;5043;3025;17,13,3,0,20,8,14,4,10,11,16,12,23,2,6,7,21,22,1,9,15,24,18,5,19
173;60;5043;3357;3,14,17,8,12,11,2,21,6,23,4,13,16,22,0,1,20,19,7,9,15,24,10,18,5
174;69;5980;3822;5,9,2,13,0,24,17,14,11,10,4,15,23,16,20,7,21,22,1,18,19,3,8,6,12
175;46;4100;2519;11,0,22,5,20,4,21,23,15,24,13,17,9,10,2,12,8,6,7,14,18,16,3,19,1
176;55;5033;3018;9,14,19,17,15,8,18,5,2,16,3,6,4,24,12,10,23,11,20,22,1,21,13,0,7
177;51;4701;2895;11,8,7,23,20,3,12,13,10,14,6,1,16,0,19,5,9,24,15,21,22,18,4,17,2
178;53;4400;2753;16,14,9,17,15,6,24,23,2,8,3,5,4,18,12,1,20,19,7,11,0,13,10,21,22
179;59;5349;3755;0,4,12,11,20,16,2,3,10,23,17,8,14,13,6,7,21,22,1,9,15,24,18,5,19
180;59;5056;3062;3,2,24,8,12,4,19,18,6,15,17,9,16,14,5,1,10,20,7,13,21,23,11,0,22
181;60;5668;3451;8,16,24,13,2,23,9,12,17,11,4,10,0,6,20,1,22,19,7,3,15,14,21,18,5
182;41;2871;1718;3,21,13,12,6,17,0,18,8,16,22,15,4,14,2,5,24,9,19,23,7,11,10,20,1
183;72;6021;3735;11,3,20,4,2,8,10,13,17,16,14,6,23,0,12,1,22,19,7,9,15,24,21,18,5
184;43;3177;2293;2,17,9,15,20,13,5,16,10,11,4,24,23,14,0,1,22,19,7,21,18,3,8,6,12
185;50;4710;3048;24,9,14,19,7,21,16,0,1,5,4,18,3,13,22,15,17,2,20,23,10,11,8,6,12
186;51;4118;2562;10,11,14,19,7,8,16,13,1,12,0,3,23,20,6,2,4,17,15,21,22,18,24,9,5
187;65;5394;3312;15,4,14,24,5,12,23,17,9,6,16,3,8,2,19,1,21,22,7,11,10,13,0,18,20
188;56;4726;2837;18,3,16,21,22,12,4,19,15,2,14,8,17,1,6,5,9,24,7,0,23,13,11,10,20
189;77;7552;5008;24,3,6,13,0,8,12,4,11,23,14,20,16,9,10,1,22,19,7,2,15,17,21,18,5
190;61;4735;2985;19,9,18,8,12,14,5,24,6,3,4,21,16,23,22,1,10,20,7,2,15,17,13,11,0
191;75;6627;4067;10,0,16,18,22,12,23,13,21,3,11,8,14,20,6,1,5,19,7,17,2,4,9,24,15
192;56;5045;3037;3,4,18,8,12,15,14,0,6,2,16,21,17,13,22,1,20,19,7,24,5,9,23,11,10
193;68;6288;3957;16,4,19,24,5,8,3,14,9,15,17,6,2,18,12,1,10,20,7,23,22,21,13,11,0
194;90;7558;5286;24,13,18,19,20,0,14,5,10,11,3,21,23,9,22,12,8,6,7,4,1,16,17,2,15
195;43;3798;2581;3,16,17,9,5,8,18,14,24,12,4,2,6,19,15,1,10,20,7,23,22,21,13,11,0
196;40;3157;2077;13,9,16,5,15,12,23,11,2,17,24,8,4,0,6,1,22,19,7,3,10,14,21,18,20
197;65;5381;3531;24,16,12,13,0,8,3,4,11,10,14,6,23,9,20,1,22,19,7,2,15,17,21,18,5
198;73;5693;3733;12,3,18,23,20,0,16,8,10,11,14,21,13,6,22,5,9,24,15,1,7,19,4,17,2
199;108;9130;5811;5,9,16,18,22,12,4,23,21,3,24,8,14,19,6,1,10,20,7,2,15,17,13,11,0
200;76;6625;4154;21,18,1,2,7,9,19,0,15,17,13,24,4,22,5,6,16,8,12,10,20,11,3,14,23
201;48;3483;2323;10,23,13,8,12,4,0,14,6,20,11,2,16,3,17,1,22,19,7,9,15,24,21,18,5
202;45;3486;2345;19,3,12,24,5,2,15,14,9,4,16,8,17,18,6,1,21,22,7,10,20,23,13,11,0
203;86;7852;5366;0,16,10,18,22,2,23,11,21,17,14,20,4,13,15,12,8,6,7,9,5,24,3,19,1
204;77;7247;4590;14,13,24,8,12,11,9,4,6,23,0,20,16,3,10,1,22,19,7,2,15,17,21,18,5
205;79;7537;4693;16,8,13,23,20,2,12,3,10,17,6,0,4,14,11,1,22,19,7,9,15,24,21,18,5
206;75;6000;3989;3,18,11,8,12,0,13,14,6,22,23,10,21,16,20,5,24,9,7,17,2,4,19,1,15
207;64;5652;3751;2,15,20,18,22,8,10,4,21,3,16,12,14,17,6,1,5,19,7,24,23,9,13,0,11
208;76;6621;4090;13,24,16,11,20,2,14,5,10,15,9,4,23,0,17,7,21,22,1,18,19,3,8,6,12
209;77;6922;4367;8,3,19,24,5,17,23,12,9,4,14,15,16,6,2,1,21,22,7,11,10,13,0,18,20
210;67;5677;3743;14,17,18,3,1,12,15,4,19,6,2,21,8,16,22,10,23,11,20,9,7,5,24,13,0
211;70;6000;3954;0,17,18,13,7,5,15,4,1,24,2,21,9,11,22,20,12,10,19,16,14,23,8,6,3
212;71;5991;3718;5,13,6,19,7,3,8,24,1,21,0,12,18,9,22,10,23,11,20,16,15,14,4,17,2
213;53;4730;3008;23,10,18,9,5,0,3,16,24,13,14,21,11,4,22,1,15,19,7,17,12,20,2,8,6
214;61;5661;3582;16,3,13,8,12,23,18,21,6,20,14,0,10,22,11,2,4,17,15,1,7,19,24,9,5
215;50;3813;2505;14,23,0,18,22,8,13,16,21,20,11,12,10,3,6,15,17,2,7,24,1,19,4,9,5
216;68;5674;3822;17,4,14,23,0,12,3,2,11,6,16,20,8,13,10,7,21,22,1,9,15,24,18,5,19
217;47;4107;2790;23,11,5,10,20,4,0,16,15,2,13,9,17,14,24,1,18,19,7,6,12,8,3,21,22
218;60;4451;2720;3,14,2,9,19,21,17,16,24,5,4,15,18,1,22,12,8,6,7,0,23,13,11,10,20
219;92;8162;5273;9,14,19,17,15,8,18,5,2,16,3,6,4,24,12,1,10,20,7,23,22,21,13,11,0
220;61;5035;3402;11,3,22,8,12,14,21,13,6,23,18,20,16,0,10,5,9,24,15,1,7,19,4,17,2
221;41;3775;2356;11,17,9,12,6,2,5,13,8,23,4,24,16,0,15,7,21,22,1,3,10,14,18,19,20
222;63;5371;3248;0,4,12,11,20,16,2,3,10,23,17,8,14,13,6,1,22,19,7,21,18,15,24,9,5
223;70;5698;3476;4,20,3,9,5,11,14,16,24,13,10,19,23,17,0,12,8,6,7,15,18,2,21,22,1
224;66;5987;3759;9,14,21,5,20,2,18,3,10,17,16,22,4,24,15,1,12,19,7,11,0,23,8,6,13
225;33;2535;1662;11,10,14,4,2,8,3,13,17,16,20,6,23,0,12,1,22,19,7,21,18,15,24,9,5
226;84;7264;4287;15,16,12,24,5,2,19,14,9,4,3,8,17,18,6,10,23,11,20,22,1,21,13,0,7
227;76;6329;3790;18,14,17,3,1,8,4,22,19,12,16,2,6,21,15,20,5,10,7,0,23,13,9,24,11
228;64;5685;3343;11,23,14,10,20,21,3,13,12,6,16,18,8,0,22,1,5,19,7,17,2,4,9,24,15
229;57;4755;2988;11,23,16,10,20,8,14,13,15,2,4,12,17,0,6,7,21,22,1,9,24,3,5,18,19
230;32;2830;1899;23,11,12,16,20,2,13,3,10,17,0,6,4,14,8,22,18,21,7,19,1,15,24,9,5
231;91;8505;5742;5,3,23,18,22,11,19,9,21,0,14,10,13,24,20,1,2,15,7,4,12,16,17,8,6
232;60;4455;2596;14,24,5,8,12,17,20,10,6,16,9,15,4,3,2,1,22,19,7,11,18,23,13,0,21
233;80;6945;4236;12,3,23,18,22,11,16,8,21,0,14,10,13,6,20,1,15,19,7,9,5,24,4,17,2
234;46;3785;2589;3,4,13,18,22,19,0,16,21,15,17,1,2,14,7,5,9,24,20,23,12,11,10,8,6
235;71;5700;3532;10,14,6,20,7,21,8,16,1,19,3,12,18,23,22,0,13,11,5,17,2,4,9,24,15
236;67;5997;3585;2,13,19,18,7,8,3,17,1,22,0,12,21,15,6,10,23,11,20,4,16,14,24,9,5
237;68;5683;3428;22,14,20,17,15,8,10,18,2,16,3,6,4,21,12,1,5,19,7,11,0,23,9,24,13
238;61;5969;3742;11,23,18,19,20,5,14,13,10,24,3,21,9,0,22,1,2,15,7,17,16,4,6,8,12
239;41;3465;2564;2,17,24,8,12,23,9,3,6,16,4,10,14,15,20,1,22,19,7,0,13,11,21,18,5
240;79;6621;3937;3,14,15,18,22,4,24,23,21,5,16,2,9,19,17,1,10,20,7,6,12,8,13,11,0
241;51;4416;2726;5,9,19,10,7,13,3,14,20,11,24,1,23,18,0,15,2,21,22,17,16,4,6,8,12
242;73;6001;3531;24,3,8,9,5,2,16,18,15,17,14,6,4,19,12,1,10,20,7,23,22,21,13,11,0
243;75;6610;4273;14,18,22,19,7,11,23,16,1,0,21,10,13,3,20,12,8,6,15,9,5,24,4,17,2
244;72;5998;3767;9,3,5,8,12,17,18,19,6,16,14,15,4,24,2,1,10,20,7,23,22,21,13,11,0
245;100;9104;5413;3,24,15,8,12,4,5,18,6,16,9,2,14,19,17,1,21,22,7,10,20,23,13,11,0
246;71;6010;3555;14,16,6,18,22,3,12,4,21,9,8,19,24,23,5,10,0,11,20,2,15,17,13,1,7
247;61;4734;3189;8,12,3,17,15,9,14,23,2,24,16,19,4,6,5,1,10,20,7,11,18,13,0,21,22
248;65;5660;3655;1,0,16,19,20,12,23,13,10,3,11,8,14,7,6,15,17,2,5,21,22,18,4,9,24
249;70;6590;3978;0,9,14,11,20,8,3,4,10,23,24,12,16,13,6,1,22,19,7,2,15,17,21,18,5
250;85;6941;4071;8,3,19,17,15,24,18,12,2,4,14,5,16,6,9,1,10,20,7,23,22,21,13,11,0
251;46;3806;2399;14,2,5,8,12,4,20,10,6,15,17,9,16,3,24,1,22,19,7,11,18,23,13,0,21
252;36;2845;1858;14,6,19,17,15,5,12,3,2,4,8,24,16,18,9,1,21,22,7,10,20,23,13,11,0
253;57;4426;3044;14,17,18,23,20,13,15,4,10,11,2,21,0,16,22,12,8,6,7,19,1,3,24,9,5
254;65;5973;3525;6,15,9,12,7,18,24,2,1,22,3,5,21,8,19,10,0,11,20,4,14,17,13,23,16
255;68;5996;3570;23,4,5,11,20,17,9,14,10,0,24,2,13,16,15,1,22,19,7,21,18,3,8,6,12
256;83;7258;4577;11,13,7,4,2,5,1,23,17,9,10,20,24,0,15,6,22,8,12,14,19,16,3,21,18
257;66;5390;3749;5,6,24,21,22,23,9,12,0,11,8,20,13,18,10,1,15,19,7,14,16,3,2,17,4
258;67;5673;3446;19,24,18,23,20,13,5,14,10,11,9,21,0,3,22,12,8,6,7,4,1,16,17,2,15
259;67;5371;3164;3,14,13,8,12,23,18,1,6,20,16,0,10,19,11,15,17,2,7,22,5,21,4,9,24
260;62;5064;3007;23,11,5,24,20,17,0,14,10,9,13,2,4,16,15,1,22,19,7,8,12,3,21,18,6
261;52;4410;2695;21,8,23,22,7,11,12,17,1,0,6,10,13,2,20,5,24,9,19,16,15,4,3,14,18
262;77;6321;4277;10,23,19,13,7,18,3,16,1,0,14,21,11,20,22,5,9,24,15,8,12,6,4,17,2
263;59;5048;2991;2,24,5,8,12,14,18,4,6,15,9,19,16,17,3,1,10,20,7,23,22,21,13,11,0
264;77;6926;4137;17,4,11,21,22,0,23,15,5,24,13,10,9,2,20,12,8,6,7,14,18,16,3,19,1
265;72;5997;3514;9,4,19,8,12,14,18,5,6,3,17,2,16,24,15,1,10,20,7,23,22,21,13,11,0
266;70;5704;3864;13,16,5,17,15,12,23,11,2,6,4,9,8,0,24,7,21,22,1,3,10,14,18,19,20
267;78;6615;4016;3,14,23,9,5,12,11,4,24,6,16,10,8,15,20,1,22,19,7,2,13,17,18,21,0
268;76;6000;3614;9,16,2,5,19,21,17,1,18,3,4,15,14,24,22,12,8,6,7,0,20,13,23,11,10
269;72;5700;3345;21,24,16,18,19,12,4,23,5,3,9,8,14,22,6,1,13,0,7,2,15,17,11,10,20
270;56;4128;2660;13,16,17,23,0,12,2,14,11,6,4,20,8,3,10,1,22,19,7,9,15,24,21,18,5
271;69;5680;3737;6,3,1,0,22,10,19,8,21,11,23,7,13,12,20,15,17,2,5,16,18,14,4,9,24
272;79;5709;3524;11,4,3,23,20,8,2,13,10,16,17,12,14,0,6,7,21,22,1,9,15,24,18,5,19
273;68;5985;3579;23,0,7,11,20,5,18,3,10,24,13,1,9,14,19,6,16,8,12,4,22,21,17,2,15
274;71;5705;3557;16,24,5,8,12,18,19,4,6,3,9,21,14,23,22,10,0,11,20,2,15,17,13,1,7
275;38;3167;2045;4,17,3,24,5,18,14,16,9,19,2,21,15,23,22,1,10,20,7,6,12,8,13,11,0
276;38;3163;2350;16,8,13,23,20,4,12,3,10,11,6,2,0,14,17,5,9,24,7,18,19,15,21,22,1
277;69;5385;3412;23,16,19,10,20,8,3,4,5,24,14,12,9,11,6,1,21,22,7,2,15,17,13,0,18
278;101;9121;5520;0,9,14,11,20,8,3,4,10,23,24,12,16,13,6,7,21,22,1,2,15,17,5,18,19
279;54;5020;2992;24,3,0,8,12,11,13,4,6,23,14,20,16,9,10,1,22,19,7,2,15,17,21,18,5
280;69;5997;3816;4,14,22,13,0,8,21,2,11,23,3,6,16,17,12,1,20,19,7,10,15,18,24,9,5
281;46;3198;2181;16,23,0,8,12,2,13,14,6,17,11,21,4,3,22,1,20,19,7,10,15,18,24,9,5
282;79;6934;4337;24,14,19,23,20,13,18,5,10,11,3,1,0,9,7,2,4,17,15,16,22,21,8,6,12
283;61;5039;3178;17,3,11,8,12,23,0,4,6,16,13,10,14,2,20,5,9,24,7,19,1,15,18,21,22
284;57;5047;2998;14,23,0,10,19,18,13,16,20,22,11,7,21,3,1,12,8,6,15,9,5,24,4,17,2
285;76;6029;3947;3,14,9,8,12,4,24,23,6,2,16,5,17,19,15,1,21,22,7,11,20,10,13,0,18
286;56;4735;3118;1,3,16,19,5,4,18,13,15,9,14,17,24,7,2,10,0,11,20,6,12,8,23,21,22
287;79;6604;4224;18,4,11,21,22,0,23,16,15,2,13,10,17,14,20,1,5,19,7,8,12,3,9,24,6
288;80;6620;4219;24,14,12,17,15,16,5,23,2,4,3,6,9,19,8,1,21,22,7,11,20,10,13,0,18
289;81;6926;4445;18,24,8,19,7,3,5,13,1,22,9,6,21,0,12,10,23,11,20,4,16,14,17,2,15
290;62;4742;3135;12,6,16,5,22,2,14,3,21,17,8,15,4,9,18,1,20,19,7,13,23,24,0,11,10
291;69;6287;4080;11,14,2,23,20,4,15,13,10,9,16,17,24,0,5,12,8,6,7,18,19,3,21,22,1
292;58;5354;3671;23,14,5,11,20,18,19,9,10,0,3,21,13,24,22,2,4,17,15,16,7,1,8,6,12
293;64;5675;3531;14,4,24,19,7,18,13,16,1,15,17,9,2,3,5,22,21,10,20,6,12,8,23,11,0
294;40;3171;2297;16,14,23,8,12,9,11,4,6,19,10,24,3,20,5,1,21,22,7,17,0,13,18,2,15
295;38;3170;1993;14,24,5,12,6,17,23,18,8,16,9,15,4,3,2,1,20,19,7,11,0,13,10,21,22
296;49;4107;2517;12,16,2,24,5,14,17,8,9,19,4,15,3,6,18,1,10,20,7,13,21,23,11,0,22
297;45;3180;1942;9,14,19,17,15,8,18,5,2,16,3,6,4,24,12,1,13,0,7,23,22,21,11,10,20
298;70;6617;4031;2,22,1,8,12,14,15,4,6,3,21,18,16,17,19,5,9,24,7,0,23,13,11,10,20
299;64;5362;3373;11,3,9,23,20,16,4,5,10,6,14,24,8,19,12,1,21,22,7,13,17,0,18,15,2
300;62;5053;3566;22,3,13,12,20,23,16,18,10,6,14,0,8,21,11,1,5,19,7,17,15,2,4,9,24
301;90;7568;5036;24,3,0,8,12,11,13,4,6,23,14,20,16,9,10,1,22,19,7,2,15,17,21,18,5
302;44;4103;2937;4,9,18,17,15,0,5,23,2,13,24,21,11,16,22,12,8,6,7,3,19,14,10,20,1
303;50;4106;2731;2,16,21,15,20,13,18,4,10,11,14,22,23,17,0,5,9,24,7,19,1,3,8,6,12
304;61;5352;3524;18,14,4,8,12,5,23,21,6,19,16,9,3,22,24,1,10,20,7,2,15,17,13,11,0
305;59;5050;3388;21,14,10,0,22,23,4,3,5,11,16,9,13,18,24,12,8,6,7,17,19,20,2,15,1
306;67;5674;3490;11,23,16,19,7,12,14,13,1,20,3,8,10,0,6,5,9,24,15,21,22,18,4,17,2
307;48;3797;2413;17,4,16,15,20,24,14,5,10,23,9,0,13,2,11,1,22,19,7,6,12,8,3,21,18
308;107;9450;5979;5,9,3,17,15,8,14,23,2,16,24,6,4,19,12,1,10,20,7,11,18,13,0,21,22
309;53;4125;2705;24,23,21,10,7,0,18,5,20,11,19,22,13,9,1,2,4,17,15,14,12,3,16,8,6
310;73;5705;3477;21,4,15,18,7,9,2,0,1,19,17,24,13,22,5,10,11,23,20,14,16,3,6,8,12
311;81;7246;4333;3,14,9,8,12,4,24,18,6,2,16,5,17,19,15,1,21,22,7,10,20,23,13,11,0
312;47;4096;2734;0,3,21,11,23,16,18,10,24,9,14,22,4,13,5,1,20,19,7,2,15,17,8,6,12
313;67;5689;3806;17,16,13,18,22,23,15,2,21,20,14,0,10,4,11,5,24,9,19,8,7,3,6,12,1
314;66;5673;3923;12,3,20,18,22,23,13,8,21,0,16,10,14,6,11,2,4,17,15,1,7,19,24,9,5
315;75;6612;4054;3,14,15,8,12,4,5,23,6,24,16,2,9,18,17,1,20,19,7,13,22,21,10,11,0
316;85;7251;4477;3,24,15,8,12,4,5,18,6,16,9,2,14,19,17,1,10,20,7,23,22,21,13,11,0
317;52;4121;2868;14,10,9,18,22,13,4,16,21,0,23,24,11,3,5,12,8,6,7,17,19,20,2,15,1
318;68;6291;4259;11,24,3,23,20,8,4,13,10,16,9,12,14,0,6,1,22,19,7,2,15,17,21,18,5
319;74;6617;3886;18,21,0,9,19,11,13,14,5,24,22,20,23,3,10,1,2,15,7,17,16,4,6,8,12
320;79;6323;3791;23,14,18,9,5,0,10,4,24,13,3,21,11,16,22,12,8,6,7,2,20,17,15,19,1
321;45;3494;2138;13,24,16,11,20,2,14,5,10,15,9,4,23,0,17,1,22,19,7,6,12,8,3,21,18
322;61;4760;3294;10,14,21,9,5,13,18,16,24,11,3,22,23,4,0,1,20,19,7,2,15,17,8,6,12
323;62;5351;3537;14,6,24,16,20,12,9,3,10,17,8,15,4,23,2,1,22,19,7,13,5,11,0,21,18
324;91;7287;4424;9,3,5,8,12,17,19,23,6,16,14,15,4,24,2,1,21,22,7,11,20,10,13,0,18
325;96;8796;5269;16,17,5,13,0,20,19,3,11,10,4,9,23,14,24,1,21,22,7,18,15,2,8,6,12
326;43;3178;2172;16,4,13,8,12,23,2,14,6,20,17,0,10,3,11,1,22,19,7,9,15,24,21,18,5
327;81;7533;5137;16,4,5,23,20,13,19,3,10,11,17,9,0,14,24,12,8,6,7,21,22,18,2,15,1
328;69;5978;3564;3,24,5,8,12,17,18,14,6,16,9,15,4,19,2,1,10,20,7,23,22,21,13,11,0
329;52;4135;2581;9,24,11,4,2,6,0,14,17,8,13,23,16,3,12,1,20,19,7,10,5,15,18,21,22
330;63;5060;3044;16,4,15,8,12,9,2,14,6,19,17,24,3,18,5,1,21,22,7,10,20,23,13,11,0
331;73;6312;4392;14,6,12,24,5,17,23,3,9,4,8,2,16,18,15,1,20,19,7,13,22,21,10,11,0
332;49;3807;2441;4,9,23,17,15,11,5,14,2,0,24,10,13,16,20,12,8,6,7,18,19,3,21,22,1
333;57;4128;2425;11,2,3,23,20,12,4,13,10,6,17,14,8,0,16,1,22,19,7,21,18,15,24,9,5
334;71;5998;3636;12,4,23,3,19,14,11,8,5,9,16,10,24,6,20,1,21,22,7,13,17,0,18,15,2
335;79;6924;4372;4,23,11,17,15,5,0,14,2,24,13,10,9,16,20,7,21,22,1,18,19,3,8,6,12
336;67;5368;3571;16,13,9,8,12,10,4,14,6,23,0,24,11,3,20,1,22,19,7,2,15,17,21,18,5
337;92;7872;4810;22,9,8,19,7,11,23,3,1,0,24,6,13,21,12,15,17,2,20,14,18,16,4,10,5
338;57;5343;3141;9,14,20,18,22,17,10,3,21,5,16,15,4,24,2,1,13,19,7,8,6,23,11,0,12
339;72;6005;3789;4,14,0,19,20,5,13,17,10,24,3,11,9,16,23,1,21,22,7,15,18,2,8,6,12
340;43;3792;2581;11,3,18,23,20,12,16,13,10,6,14,21,8,0,22,1,15,19,7,9,5,24,4,17,2
341;68;5379;3472;4,14,5,13,0,23,19,16,11,24,3,20,9,17,10,1,21,22,7,15,18,2,8,6,12
342;47;3489;2063;14,3,8,24,5,17,6,19,9,4,12,2,16,18,15,1,10,20,7,23,22,21,13,11,0
343;55;4738;2803;9,5,14,8,12,4,18,19,6,2,3,16,17,24,15,1,10,20,7,13,21,23,11,0,22
344;73;5991;3655;24,13,18,19,20,0,14,5,10,11,3,21,23,9,22,1,2,15,7,17,16,4,6,8,12
345;66;6298;4292;23,11,22,2,15,10,21,13,12,6,0,7,8,17,20,5,24,9,19,16,1,4,3,14,18
346;87;7851;4800;11,23,10,24,5,2,14,13,9,4,16,20,17,0,15,7,21,22,1,18,19,3,8,6,12
347;47;3803;2387;14,18,10,19,7,11,20,16,1,0,23,22,13,3,21,2,4,17,15,9,5,24,8,6,12
348;69;5990;3526;14,8,18,23,20,13,12,3,10,11,6,21,0,16,22,2,4,17,15,1,7,19,24,9,5
349;68;5983;3991;16,8,24,10,20,4,12,3,15,2,6,9,17,14,5,1,22,19,7,11,13,23,18,21,0
350;46;3795;2641;14,17,13,18,20,23,16,2,10,22,4,0,21,15,11,1,5,19,7,9,24,3,8,6,12
351;65;5661;3388;5,13,19,23,20,18,3,9,10,11,14,21,0,24,22,2,4,17,15,16,7,1,8,6,12
352;57;5044;3077;9,3,5,16,4,12,18,19,17,8,14,15,6,24,2,1,13,0,7,23,22,21,11,10,20
353;59;5062;3114;18,21,23,19,7,11,5,14,1,0,22,10,13,3,20,6,16,8,12,4,24,9,17,2,15
354;63;5065;3349;17,16,23,18,22,11,15,4,21,0,14,10,13,2,20,12,8,6,7,9,5,24,3,19,1
355;60;5656;3849;16,23,0,19,7,18,11,17,1,3,13,22,14,4,21,20,15,10,5,8,6,2,9,24,12
356;78;6620;3927;17,16,18,23,20,0,3,4,10,11,14,21,13,2,22,1,15,19,7,6,12,8,24,9,5
357;76;6618;4037;14,8,18,23,20,13,12,3,10,11,6,21,0,16,22,5,24,9,19,2,7,15,17,4,1
358;52;4122;2428;3,16,12,19,15,9,6,18,2,17,8,24,4,14,5,1,10,20,7,23,22,21,13,11,0
359;54;4728;3350;14,3,0,8,12,21,11,23,6,22,13,1,18,16,7,5,9,24,15,20,19,10,4,17,2
360;79;6615;4084;18,4,3,21,22,8,14,9,15,2,16,12,17,5,6,10,23,11,20,19,7,24,13,0,1
361;33;2538;1584;23,14,17,0,22,20,4,13,21,10,16,2,11,18,15,1,5,19,7,9,3,24,8,6,12
362;79;6925;4179;2,4,3,15,19,8,14,18,5,9,16,12,24,17,6,1,10,20,7,23,22,21,13,11,0
363;81;6333;3847;10,14,18,9,5,0,13,16,24,23,3,21,11,4,22,1,20,19,7,2,15,17,8,6,12
364;35;2845;2070;16,3,11,17,12,21,23,14,2,6,13,0,8,4,22,1,20,19,7,10,15,18,24,9,5
365;81;6650;4361;3,6,24,12,19,4,16,14,15,2,8,9,17,18,5,1,21,22,7,10,20,23,13,11,0
366;84;7251;4267;10,23,13,20,15,9,0,14,2,17,11,24,4,16,5,7,21,22,1,18,19,3,8,6,12
367;65;4752;2975;21,3,4,12,22,16,13,0,15,6,14,17,8,18,2,5,9,24,7,23,10,11,19,1,20
368;96;7905;5267;14,17,0,8,12,11,13,2,6,23,4,20,16,3,10,7,21,22,1,9,15,24,18,5,19
369;67;6284;4326;11,0,6,23,24,2,12,20,9,4,13,8,17,10,16,1,22,19,7,14,5,15,3,21,18
370;63;5359;3374;16,6,2,23,20,13,12,3,10,11,8,17,0,14,4,7,21,22,1,18,19,15,24,9,5
371;70;6301;3829;5,3,23,18,22,11,19,9,21,0,14,10,13,24,20,12,8,6,7,4,1,16,17,2,15
372;63;5658;3602;16,14,22,8,12,0,21,18,6,11,3,20,23,13,10,1,15,19,7,9,5,24,4,17,2
373;78;6931;4571;23,17,20,2,15,16,10,9,12,6,4,14,8,24,3,1,22,19,7,13,5,11,0,21,18
374;75;6910;4131;18,16,19,2,1,9,3,21,15,17,14,24,4,22,5,12,8,6,7,0,23,13,11,10,20
375;66;5082;3121;16,4,11,8,12,23,0,14,6,2,13,10,17,3,20,7,21,22,1,9,15,24,18,5,19
376;77;6920;4334;5,9,19,17,15,8,3,14,2,16,24,6,4,18,12,1,21,22,7,11,13,23,10,20,0
377;89;8176;5198;5,23,20,19,7,0,10,9,1,18,11,22,13,24,21,12,8,6,15,14,4,3,2,17,16
378;72;5692;3351;19,17,5,13,0,23,16,14,11,20,4,9,10,3,24,1,21,22,7,18,15,2,8,6,12
379;68;5982;3586;8,17,15,24,5,14,18,12,9,4,2,3,16,6,19,1,10,20,7,23,22,21,13,11,0
380;71;6284;4063;5,14,13,18,22,23,19,9,21,20,3,0,10,24,11,12,8,6,7,4,1,16,17,2,15
381;89;7890;5068;17,14,20,18,22,8,10,16,21,15,3,12,2,4,6,1,5,19,7,11,0,23,9,24,13
382;58;4741;2933;10,14,8,18,22,23,16,13,21,0,3,6,11,20,12,1,5,19,7,17,2,4,9,24,15
383;97;8483;5232;10,14,4,8,12,16,13,0,6,23,3,9,11,20,24,1,22,19,7,2,15,17,21,18,5
384;74;5710;3833;12,3,4,23,20,13,16,8,10,11,14,9,0,6,24,1,22,19,7,2,15,17,21,18,5
385;70;5690;3821;9,4,3,5,19,17,14,23,12,6,16,15,8,24,2,1,21,22,7,11,10,13,0,18,20
386;47;3800;2351;13,4,3,11,20,8,14,9,10,23,16,12,0,24,6,1,22,19,7,2,15,17,21,18,5
387;30;2537;1677;19,24,16,18,22,4,14,3,21,2,9,5,17,1,15,12,8,6,7,0,23,13,11,10,20
388;43;4088;2641;10,23,13,24,5,14,0,17,9,4,11,3,16,20,19,1,21,22,7,15,18,2,8,6,12
389;68;5693;3487;10,23,12,20,15,16,3,0,2,17,14,6,4,11,8,5,9,24,7,18,19,13,21,22,1
390;71;6614;4461;5,9,20,8,12,17,10,14,6,16,24,15,4,3,2,7,21,22,1,11,19,23,13,0,18
391;54;4115;2619;2,16,18,15,20,0,13,4,10,11,14,21,23,17,22,1,5,19,7,6,12,8,3,9,24
392;49;3795;2314;13,23,9,8,12,16,5,11,6,2,24,4,15,0,17,7,21,22,1,3,10,14,18,19,20
393;62;5065;3130;9,14,19,17,15,8,18,5,2,16,3,6,4,24,12,1,13,0,7,23,22,21,11,10,20
394;56;5051;3158;8,3,0,4,2,11,13,12,17,23,14,20,16,6,10,1,22,19,7,21,18,15,24,9,5
395;75;6313;4322;17,4,23,18,22,11,14,15,21,0,16,10,13,2,20,1,5,19,7,9,3,24,8,6,12
396;78;6039;3744;8,3,20,5,15,16,10,12,2,9,14,4,24,6,17,1,22,19,7,11,18,23,13,0,21
397;68;5382;3397;16,14,9,8,12,4,5,18,6,2,3,24,17,23,15,1,20,19,7,13,22,21,10,11,0
398;74;6617;3934;2,8,23,18,22,13,12,17,21,20,6,11,10,15,0,1,5,19,7,3,16,14,4,9,24
399;77;6607;4634;16,24,7,8,12,18,5,4,6,3,9,1,14,23,19,22,21,10,20,2,15,17,13,11,0
400;73;6308;3824;3,14,15,8,12,4,23,10,6,24,16,2,9,20,17,1,22,19,7,13,5,11,0,21,18
401;49;4107;2629;0,2,4,21,22,3,23,11,12,6,17,14,8,13,16,1,20,19,7,10,15,18,24,9,5
402;52;4727;2903;3,9,5,12,6,17,23,14,8,16,24,15,4,19,2,1,21,22,7,11,20,10,13,0,18
403;78;6318;3975;3,14,9,8,12,4,24,18,6,2,16,5,17,19,15,1,10,20,7,23,22,21,13,11,0
404;47;4105;2970;11,23,16,18,22,12,20,13,21,3,10,8,14,0,6,5,24,9,7,17,2,4,19,1,15
405;46;3204;2032;4,6,12,15,19,16,23,2,5,9,8,14,24,17,3,1,21,22,7,11,10,13,0,18,20
406;51;3808;2351;12,4,23,24,5,14,11,8,9,19,16,10,3,6,20,1,21,22,7,13,17,0,18,15,2
407;69;5693;3590;9,14,19,5,22,8,23,4,21,18,16,12,3,24,6,15,17,2,7,11,20,10,0,13,1
408;57;5337;3329;11,10,16,20,15,9,14,13,2,17,23,5,4,0,24,1,22,19,7,21,18,3,8,6,12
409;35;3146;2002;10,4,8,5,20,2,16,14,15,24,17,6,9,3,12,7,21,22,1,11,19,23,13,0,18
410;43;3483;2623;10,14,9,11,0,19,24,23,13,22,3,5,21,20,18,1,2,15,7,17,16,4,6,8,12
411;62;5355;3414;19,9,23,18,22,10,13,14,21,20,24,11,5,3,0,12,8,6,7,4,1,16,17,2,15
412;75;6301;3767;9,14,19,17,15,8,18,5,2,16,3,6,4,24,12,1,10,20,7,23,22,21,13,11,0
413;63;5365;3427;4,16,19,2,15,12,3,18,5,6,14,24,8,17,9,1,10,20,7,23,22,21,13,11,0
414;86;7553;4890;19,9,23,18,22,11,5,14,21,0,24,10,13,3,20,12,8,6,7,4,1,16,17,2,15
415;52;4434;2845;21,14,19,18,15,9,13,16,2,17,3,24,4,22,5,12,8,6,7,11,23,0,10,20,1
416;71;5698;3553;16,8,19,24,5,3,12,23,9,18,6,22,14,4,21,1,10,20,7,11,15,0,13,17,2
417;58;5057;3102;5,9,3,17,15,8,14,18,2,16,24,6,4,19,12,1,10,20,7,23,22,21,13,11,0
418;77;6296;4079;9,16,2,5,22,3,17,23,21,18,4,15,14,24,19,1,10,20,7,6,12,8,13,11,0
419;56;5031;3434;10,14,4,23,0,9,17,3,11,13,16,19,24,20,5,12,8,6,7,15,18,2,21,22,1
420;41;2868;1796;11,23,8,10,20,3,16,13,22,21,14,6,18,0,12,1,15,19,7,9,5,24,4,17,2
421;88;7546;4543;20,14,12,9,15,2,3,23,24,17,16,6,4,10,8,1,5,19,7,13,0,11,18,21,22
422;110;9443;5720;14,13,5,23,20,18,9,3,10,11,24,21,0,16,22,1,15,19,7,17,12,4,2,8,6
423;93;7570;5128;16,4,5,23,20,13,19,3,10,24,17,0,9,14,11,12,8,6,7,21,22,18,2,15,1
424;67;5997;3767;5,9,17,23,20,13,4,21,10,11,24,2,0,22,15,1,18,19,7,3,16,14,6,8,12
425;71;5711;3603;12,16,24,3,19,17,18,8,5,9,14,15,4,6,2,1,21,22,7,10,20,23,13,11,0
426;70;5378;3255;4,17,15,9,5,0,23,10,24,13,2,21,11,20,22,1,18,19,7,3,16,14,6,8,12
427;73;6593;4703;16,3,24,8,12,4,19,14,6,2,15,9,17,18,5,1,10,20,7,23,22,21,13,11,0
428;68;6302;3813;8,14,9,13,12,10,4,3,0,11,16,24,23,6,20,1,22,19,7,2,15,17,21,18,5
429;72;6010;3749;0,14,5,11,20,4,19,17,10,23,3,9,16,13,24,12,8,6,7,15,18,2,21,22,1
430;70;5984;3555;14,24,5,17,15,8,23,3,2,16,9,6,4,18,12,1,20,19,7,13,22,21,10,11,0
431;71;5694;3975;13,0,10,4,2,5,23,14,17,24,11,20,9,16,15,1,22,19,7,8,12,3,21,18,6
432;67;5671;3596;14,16,24,10,20,8,9,23,15,2,4,6,17,3,12,1,22,19,7,13,5,11,0,21,18
433;60;5042;3291;17,14,20,24,5,8,10,15,9,4,3,12,16,2,6,7,21,22,1,11,19,23,13,0,18
434;68;6292;3801;9,4,15,5,7,0,2,19,1,18,17,22,13,24,21,12,8,6,20,14,11,3,16,23,10
435;58;4750;3026;14,16,5,23,20,13,17,19,10,11,4,9,0,3,24,12,8,6,7,15,1,2,18,21,22
436;60;5349;3853;10,16,18,23,0,12,3,13,11,6,14,21,8,20,22,5,24,9,7,17,15,2,4,19,1
437;53;4729;3270;8,4,13,17,15,23,14,12,2,20,16,0,10,6,11,7,21,22,1,9,24,3,5,18,19
438;78;6324;3795;3,16,12,19,15,9,6,23,2,17,8,5,4,14,24,1,21,22,7,11,20,10,13,0,18
439;67;5985;3795;23,4,15,11,20,18,2,14,10,0,17,21,13,16,22,12,8,6,7,9,5,24,3,19,1
440;70;6312;4110;4,16,0,5,15,23,13,17,20,24,14,11,9,2,10,12,8,6,7,21,22,18,3,19,1
441;65;4757;3283;23,17,22,11,20,9,21,2,10,0,4,5,13,15,24,1,18,19,7,14,3,16,8,6,12
442;62;5359;3497;4,23,11,9,5,15,0,14,24,2,13,10,17,16,20,1,18,19,7,6,12,8,3,21,22
443;52;4130;2748;3,6,23,19,7,11,12,16,1,0,8,10,13,14,20,18,5,21,22,9,4,24,15,2,17
444;53;4732;3145;18,14,17,8,12,1,4,21,6,19,16,2,3,22,15,10,23,11,20,9,7,5,24,13,0
445;56;4449;3031;14,23,20,19,7,0,10,16,1,18,11,22,13,3,21,2,4,17,15,6,12,8,24,9,5
446;58;5048;3422;24,13,16,23,20,17,14,9,10,11,4,2,0,5,15,7,21,22,1,18,19,3,8,6,12
447;57;5045;3300;15,2,5,23,20,13,4,21,10,11,17,9,0,22,24,12,8,6,7,14,18,16,3,19,1
448;36;2836;1787;2,13,3,0,22,8,14,4,21,11,16,12,23,17,6,1,20,19,7,10,15,18,24,9,5
449;71;5678;3621;0,14,21,11,20,8,18,16,10,12,3,22,23,13,6,2,4,17,15,1,7,19,24,9,5
450;66;5365;3435;11,23,16,10,20,8,14,13,15,2,4,12,17,0,6,7,21,22,1,9,24,3,5,18,19
451;55;4742;3328;11,4,20,0,22,2,10,23,21,24,17,15,9,13,5,12,8,6,7,14,18,16,3,19,1
452;81;7871;4867;23,4,15,13,0,9,2,14,11,10,17,5,24,16,20,12,8,6,7,18,19,3,21,22,1
453;86;8171;5129;18,21,23,19,7,11,5,14,1,0,22,10,13,3,20,6,16,8,12,9,15,24,4,17,2
454;62;5070;3368;9,14,19,5,22,8,23,4,21,18,16,12,3,24,6,15,17,2,7,11,20,10,0,13,1
455;86;7849;5098;2,4,5,8,12,14,18,24,6,15,9,19,16,17,3,1,13,0,7,23,22,21,11,10,20
456;87;7562;4696;15,14,21,4,2,6,18,10,17,8,3,22,16,20,12,1,5,19,7,11,0,23,9,24,13
457;75;5999;3804;10,14,19,18,22,13,3,16,21,0,23,1,11,20,7,2,4,17,15,6,12,8,24,9,5
458;73;6610;4559;14,16,17,21,22,11,2,3,20,10,4,13,23,18,0,1,15,19,7,6,12,8,24,9,5
459;73;5995;3719;16,24,19,8,12,18,5,4,6,3,9,21,14,23,22,15,17,2,20,13,7,1,10,11,0
460;92;9398;5969;14,8,18,23,20,13,12,3,10,11,6,21,0,16,22,1,15,19,7,9,5,24,4,17,2
461;62;5673;3590;14,23,20,19,7,0,10,16,1,18,11,22,13,3,21,5,9,24,15,8,12,6,4,17,2
462;57;5027;3272;10,9,5,23,0,17,16,14,11,13,4,2,24,20,15,7,21,22,1,18,19,3,8,6,12
463;82;6928;4168;4,17,8,24,0,10,6,16,13,11,2,12,23,9,20,1,22,19,7,14,5,15,3,21,18
464;82;7543;4616;16,14,24,23,0,12,9,4,11,6,3,20,8,13,10,1,22,19,7,2,15,17,21,18,5
465;49;3501;2235;16,14,24,8,12,23,9,4,6,11,3,20,0,13,10,1,22,19,7,2,15,17,21,18,5
466;51;4107;2711;22,3,0,8,12,11,13,18,6,23,14,20,16,21,10,1,5,19,7,17,2,4,9,24,15
467;69;6308;3988;5,9,19,17,15,8,3,14,2,16,24,6,4,18,12,10,23,11,20,22,1,21,13,0,7
468;68;5689;3749;16,14,18,9,5,12,19,23,24,6,3,21,8,4,22,1,10,20,7,2,15,17,13,11,0
469;49;3806;2304;2,13,22,8,12,10,21,17,6,0,23,7,11,15,20,5,24,9,19,14,18,3,4,16,1
470;83;7253;4393;23,11,20,8,12,18,10,13,6,3,0,22,14,16,21,1,5,19,7,17,15,2,4,9,24
471;47;3502;2412;9,3,20,4,2,8,10,23,17,15,14,6,16,24,12,7,21,22,1,13,5,11,0,18,19
472;102;8826;5374;4,23,11,17,15,5,0,14,2,24,13,10,9,16,20,1,18,19,7,6,12,8,3,21,22
473;56;4122;2430;3,16,5,17,15,12,23,14,2,6,4,9,8,19,24,1,21,22,7,11,20,10,13,0,18
474;74;6319;3834;21,14,0,22,20,12,13,3,10,6,16,11,8,18,23,1,15,19,7,9,5,24,4,17,2
475;67;6590;4273;11,16,19,20,7,8,3,13,1,10,14,12,23,0,6,2,4,17,15,21,22,18,24,9,5
476;72;6301;3897;14,3,5,19,7,12,4,23,1,6,16,9,8,18,24,22,21,10,20,2,15,17,13,11,0
477;70;5376;3246;0,4,12,11,20,16,2,3,10,23,17,8,14,13,6,7,21,22,1,9,15,24,18,5,19
478;71;5693;3364;8,3,23,2,15,16,18,12,5,4,14,24,17,6,9,1,20,19,7,13,22,21,10,11,0
479;35;2554;1626;10,14,8,18,22,23,16,13,21,0,3,6,11,20,12,1,15,19,7,9,5,24,4,17,2
480;79;6631;4289;24,13,22,8,12,0,21,5,6,11,18,20,23,9,10,15,17,2,7,14,19,3,4,16,1
481;70;5681;3542;3,14,17,18,22,8,4,13,21,12,16,2,6,0,15,1,20,19,7,10,23,11,24,9,5
482;76;6927;4176;5,9,3,17,15,8,14,23,2,16,24,6,4,18,12,1,20,19,7,13,22,21,10,11,0
483;77;6626;3924;24,3,0,12,20,16,13,4,10,6,14,11,8,9,23,1,22,19,7,2,15,17,21,18,5
484;82;6334;4244;9,16,19,8,12,18,23,4,6,5,14,22,3,24,21,15,17,2,7,11,20,10,0,13,1
485;70;5682;3677;0,4,12,11,20,16,2,3,10,23,17,8,14,13,6,7,21,22,1,9,15,24,18,5,19
486;68;5690;3542;23,24,19,12,20,16,4,5,10,6,9,3,8,11,14,1,21,22,7,13,17,0,18,15,2
487;68;5970;3592;3,24,5,8,12,17,19,18,6,16,9,15,4,14,2,10,23,11,20,22,1,21,13,0,7
488;48;3507;2148;18,3,16,21,22,12,4,19,15,2,14,8,17,1,6,5,9,24,7,0,20,13,23,11,10
489;54;4738;3196;9,16,18,8,12,5,23,4,6,19,14,21,3,24,22,1,10,20,7,2,15,17,13,11,0
490;76;6916;4528;3,16,2,9,19,8,17,14,5,6,4,15,24,18,12,1,21,22,7,10,20,23,13,11,0
491;64;5974;3600;17,23,3,13,0,8,14,4,11,20,16,12,10,2,6,7,21,22,1,9,15,24,18,5,19
492;77;6006;3735;2,4,18,12,1,3,14,17,19,6,16,21,8,15,22,5,9,24,7,0,20,13,23,11,10
493;90;7881;5213;5,9,3,17,15,8,14,10,2,16,24,6,4,20,12,1,22,19,7,11,18,23,13,0,21
494;83;8164;5037;3,14,13,12,20,23,18,1,10,6,16,0,8,19,11,15,17,2,7,9,5,24,4,21,22
495;39;3181;2018;16,2,12,14,15,22,6,17,18,21,8,10,3,4,20,5,9,24,7,11,0,23,13,1,19
496;72;6304;3862;19,18,20,9,5,23,22,14,24,0,21,10,13,3,11,12,8,6,7,4,1,16,17,2,15
497;55;4415;2935;17,4,18,2,15,3,14,10,12,6,16,21,8,20,22,1,5,19,7,11,0,23,9,24,13
498;72;5694;3917;14,10,9,18,22,13,4,16,21,0,23,24,11,3,5,12,8,6,7,17,19,20,2,15,1
499;63;5050;3055;16,8,15,10,20,4,12,3,5,9,6,2,24,14,17,7,21,22,1,11,19,23,13,0,18
