0;53;4056;3725;1,2,6,3,17,5,9,14,18,10,11,0,16,7,4,19,15,13,8,12
1;45;3047;2396;2,9,7,15,5,11,14,17,0,4,10,6,18,1,12,16,19,13,3,8
2;52;3452;2803;6,5,15,12,13,8,2,7,10,9,4,11,14,17,18,0,16,19,3,1
3;34;2220;1802;1,9,17,8,4,11,7,0,10,2,18,16,15,13,12,19,6,3,14,5
4;94;5896;5392;14,19,5,9,7,11,4,18,12,8,0,6,13,1,2,15,17,16,10,3
5;24;1630;1573;17,13,15,5,10,2,18,12,1,16,6,0,8,19,3,11,7,4,14,9
6;25;1821;1767;1,6,11,4,7,13,9,8,17,18,15,3,14,12,2,19,5,16,10,0
7;38;2443;2100;16,0,3,8,2,11,14,13,10,18,9,15,5,6,12,17,4,1,7,19
8;34;2027;1705;15,18,11,19,1,9,0,3,2,6,7,4,17,5,14,8,12,10,13,16
9;31;1839;1443;10,1,15,14,11,6,9,2,12,13,18,3,5,19,8,16,4,7,0,17
10;56;3852;3150;11,0,15,7,2,19,18,9,1,16,13,17,8,12,3,10,5,4,14,6
11;51;3258;2909;14,4,12,6,18,13,3,8,9,19,5,1,2,7,17,0,15,10,16,11
12;35;2240;2620;18,15,19,12,7,14,0,3,10,9,16,13,8,17,11,2,5,6,4,1
13;59;3856;3468;11,16,14,8,12,2,5,13,18,3,4,7,6,17,19,9,0,10,1,15
14;63;4062;3351;1,7,6,12,13,10,2,17,11,16,18,3,15,14,4,19,5,9,8,0
15;47;3436;2688;14,9,5,0,16,15,4,8,13,10,17,12,7,11,2,19,6,18,1,3
16;38;2632;2089;10,2,13,14,19,5,18,4,8,0,7,17,12,11,9,6,15,1,3,16
17;31;2229;2594;3,8,19,13,2,9,16,0,15,18,7,17,4,12,1,11,6,5,10,14
18;34;2040;2026;16,10,17,11,13,7,14,9,18,6,1,12,19,2,4,0,3,8,5,15
19;33;2040;2090;5,0,14,6,7,16,4,1,13,3,9,15,11,8,19,2,10,18,17,12
20;36;2625;2299;12,13,1,11,7,9,10,0,18,2,16,15,6,17,5,3,14,8,4,19
21;46;3242;2615;18,17,12,1,3,7,2,9,14,16,10,6,4,15,13,0,5,11,8,19
22;42;2846;2227;16,15,2,11,7,1,10,9,12,6,18,19,14,3,4,0,17,8,5,13
23;53;3446;2698;12,2,17,8,5,13,4,16,18,10,6,19,15,3,11,0,14,1,9,7
24;40;1871;2476;12,13,1,11,7,9,0,2,18,8,16,15,6,17,5,3,10,14,4,19
25;32;2043;2178;8,5,19,12,18,4,0,17,14,16,10,6,1,15,11,13,7,2,9,3
26;56;2879;2731;0,7,19,15,13,10,18,6,17,9,11,3,14,12,1,4,16,5,2,8
27;40;2437;1898;16,0,2,19,13,5,18,8,9,10,7,17,12,11,15,4,3,6,14,1
28;38;2256;1722;19,10,3,5,8,11,14,13,9,18,16,1,2,17,12,0,4,6,7,15
29;22;1616;1355;6,10,11,5,8,1,0,12,2,16,19,14,17,4,13,3,7,18,9,15
30;16;1011;877;4,2,1,10,8,11,9,7,12,0,18,19,16,17,6,14,15,3,13,5
31;16;1022;794;2,6,12,19,11,13,18,10,0,7,4,8,15,16,17,5,9,14,3,1
32;57;4048;3496;13,9,5,4,7,19,8,10,1,12,3,14,15,11,17,16,6,18,0,2
33;28;1838;1711;15,17,3,4,2,12,14,13,19,18,11,0,9,8,5,6,1,10,7,16
34;67;4460;4160;6,0,1,17,13,7,10,8,9,2,5,14,19,11,12,4,15,3,18,16
35;30;1841;1617;6,1,12,19,13,7,3,10,0,8,5,14,2,11,17,4,16,9,18,15
36;23;1421;1108;11,17,3,1,9,5,19,4,8,13,10,16,6,15,14,2,0,7,18,12
37;46;2865;2202;14,0,3,15,10,9,19,6,13,5,1,2,12,16,18,4,11,7,17,8
38;38;2441;2029;12,3,19,14,6,7,1,18,9,0,8,4,5,15,16,17,2,13,10,11
39;36;2421;2221;4,5,2,13,19,9,10,8,3,18,7,1,12,14,15,6,17,0,11,16
40;30;2212;2596;19,8,12,15,10,4,18,6,14,7,0,9,13,11,17,1,16,5,2,3
41;68;5054;4456;14,0,19,15,2,10,18,6,16,12,7,17,8,11,1,4,13,5,9,3
42;54;3456;2784;9,4,3,6,16,5,14,10,2,18,17,12,7,11,19,13,1,8,0,15
43;36;2249;1724;19,1,17,6,8,12,10,14,2,13,5,18,7,15,11,3,4,0,9,16
44;39;2635;2205;10,6,17,14,9,2,4,1,18,13,16,3,19,15,7,12,5,0,8,11
45;65;4259;4215;14,4,11,15,18,5,9,8,2,12,0,1,6,7,17,19,13,16,10,3
46;48;3255;3261;1,0,6,17,15,19,5,3,18,8,13,2,11,16,4,12,14,9,10,7
47;15;1015;796;12,3,2,4,0,13,10,5,11,7,9,15,18,14,1,8,6,19,16,17
48;31;2226;1717;19,18,11,4,5,6,0,13,15,1,16,12,17,3,9,2,8,10,7,14
49;38;2433;1940;13,3,17,4,6,18,10,12,15,1,19,5,14,8,7,2,11,0,9,16
50;35;2232;1882;9,3,8,18,6,13,2,0,16,10,12,17,19,7,4,11,1,14,5,15
51;32;2233;1758;16,10,0,18,3,6,13,2,1,9,4,8,7,5,11,15,12,14,17,19
52;54;2877;2688;18,7,15,16,13,17,2,0,12,5,8,14,6,11,9,19,1,4,10,3
53;46;3635;4001;10,16,4,11,9,2,5,0,18,7,8,3,19,15,6,12,1,13,14,17
54;28;1838;1435;3,16,12,11,4,1,7,0,6,5,2,18,13,15,8,19,9,10,17,14
55;48;3050;2498;1,6,17,12,9,4,2,10,14,18,16,3,13,15,7,19,5,0,8,11
56;27;1837;1411;13,19,11,6,0,18,10,16,5,9,3,15,14,8,17,2,4,12,7,1
57;47;3248;2663;15,3,6,7,9,16,10,18,14,1,19,0,12,11,2,8,17,5,13,4
58;42;2651;2062;11,0,14,18,2,5,19,13,10,4,8,15,6,16,3,9,12,7,1,17
59;59;3868;4001;8,14,13,11,9,16,0,18,3,1,19,12,17,15,6,2,7,4,10,5
60;36;2633;2806;12,2,3,19,13,18,0,14,4,9,5,7,1,8,15,17,6,10,16,11
61;47;3051;2347;5,14,9,19,8,11,0,3,6,7,4,17,10,15,18,12,16,2,13,1
62;85;5292;4333;7,18,14,19,10,2,8,12,16,6,15,11,3,17,4,1,13,9,5,0
63;49;3054;2465;12,8,3,6,2,13,0,4,5,18,9,11,15,14,19,17,1,10,16,7
64;63;4459;4488;19,0,15,7,2,11,18,1,5,13,16,3,6,12,9,14,10,4,17,8
65;38;2441;2653;12,13,5,18,14,1,2,19,9,4,10,7,17,3,8,0,15,6,16,11
66;57;3677;2857;16,3,6,4,7,13,10,8,12,1,19,14,15,11,0,5,17,18,9,2
67;25;1438;1099;17,3,11,8,10,12,13,15,6,1,19,0,14,16,2,7,4,18,5,9
68;29;2034;1707;9,18,2,6,4,13,1,16,8,5,3,14,19,15,10,11,0,17,12,7
69;44;2467;1926;12,13,19,16,14,2,3,10,9,1,5,0,8,11,6,7,15,4,18,17
70;29;1824;1409;18,3,15,2,10,19,13,12,0,11,14,6,4,16,17,1,5,7,8,9
71;36;2438;2359;3,5,11,14,0,2,10,18,1,9,7,17,4,12,13,15,16,8,6,19
72;31;2238;2508;8,2,15,12,10,6,17,7,1,9,18,19,3,5,4,0,11,16,14,13
73;39;2437;2441;15,6,14,12,9,8,3,7,0,4,10,19,16,1,5,17,18,13,2,11
74;51;3640;2950;19,0,1,12,4,18,10,13,9,2,16,15,6,8,5,3,17,14,7,11
75;27;1826;1412;6,16,1,5,8,17,0,10,18,7,11,9,14,15,12,4,19,13,3,2
76;25;1444;1302;18,9,12,0,8,1,19,6,2,13,10,17,11,15,3,7,16,4,14,5
77;55;3468;2688;3,16,14,15,12,2,5,18,10,1,7,4,6,17,19,9,13,0,8,11
78;47;3447;3102;15,6,3,0,5,1,19,7,4,14,10,11,16,17,12,9,8,2,13,18
79;36;2438;2136;5,11,1,14,8,10,2,4,17,7,9,18,19,15,6,3,13,0,16,12
80;24;1622;1648;3,7,15,2,19,4,9,14,8,0,11,13,17,12,6,16,5,10,1,18
81;45;2664;2321;4,6,8,0,5,2,9,16,1,10,13,11,19,14,15,17,3,12,18,7
82;28;1835;1416;2,16,14,8,13,1,5,0,6,10,11,17,15,12,19,7,18,9,3,4
83;49;3070;2382;14,10,15,19,1,16,3,6,13,9,4,8,17,5,2,0,12,7,18,11
84;58;3464;2820;8,7,0,1,3,17,9,12,18,13,10,16,6,19,11,2,15,4,14,5
85;47;2851;2532;4,2,17,19,0,5,10,8,13,9,15,3,16,12,7,14,6,18,1,11
86;21;1234;1505;14,7,15,4,19,9,8,3,1,0,18,2,17,12,11,16,5,10,13,6
87;18;1030;885;1,18,12,3,16,9,2,15,10,7,8,5,19,14,17,4,13,0,11,6
88;13;818;744;14,5,11,7,18,13,10,2,9,3,16,6,0,1,12,4,17,8,19,15
89;21;1221;1537;14,5,3,15,0,10,18,16,13,11,2,4,12,8,19,6,17,1,7,9
90;21;1417;1113;12,7,14,6,9,8,19,4,0,3,18,16,2,1,5,15,13,17,10,11
91;43;2654;2033;7,8,1,6,18,5,10,4,13,2,9,11,15,0,12,14,17,3,19,16
92;55;3646;2958;10,5,6,12,7,13,2,8,0,9,4,11,3,17,15,19,16,14,18,1
93;61;4262;3457;14,6,19,15,17,13,18,16,10,5,0,9,1,11,3,8,2,7,12,4
94;56;3675;3799;9,18,11,16,8,19,13,3,6,5,12,2,17,15,14,1,4,7,10,0
95;71;4281;3844;15,6,17,19,18,4,10,14,5,9,7,12,1,3,11,8,2,0,16,13
96;33;1847;1473;11,16,12,1,5,19,7,0,3,18,8,15,6,14,17,9,4,13,10,2
97;32;2025;1688;11,14,17,8,13,19,10,5,1,9,18,7,15,6,4,0,2,3,16,12
98;72;4285;3568;12,1,14,19,18,10,3,7,9,15,5,4,8,2,6,17,13,0,16,11
99;29;2239;1906;6,1,15,19,13,7,0,10,17,9,5,8,14,12,18,4,16,2,3,11
100;44;2640;3139;13,8,16,11,9,7,10,0,18,1,19,3,14,15,6,12,17,5,4,2
101;47;2850;2903;12,3,2,9,7,19,13,18,10,1,16,6,15,4,5,0,17,14,8,11
102;21;1230;1049;17,16,15,14,12,6,18,10,1,9,2,5,8,19,11,4,7,13,0,3
103;30;2032;1712;4,15,2,0,7,12,1,14,17,10,3,19,16,8,5,11,6,18,13,9
104;44;3036;2518;14,4,19,12,13,5,3,8,0,18,7,1,17,6,15,2,16,9,10,11
105;43;3040;2545;12,3,0,19,18,5,1,8,14,9,13,6,16,15,7,4,2,17,10,11
106;46;2862;2336;4,10,15,13,14,6,9,16,0,5,1,12,17,19,3,2,11,7,18,8
107;20;1217;1407;19,0,17,14,2,5,10,1,13,12,9,15,11,8,7,3,6,18,4,16
108;56;3852;4452;3,14,12,16,18,5,13,15,1,7,8,0,11,19,17,6,9,4,10,2
109;42;2837;2318;3,16,15,13,12,4,9,14,0,7,1,8,6,19,17,5,11,2,10,18
110;98;6109;5481;3,16,11,15,9,2,12,18,1,13,0,8,6,19,17,5,7,4,10,14
111;31;1837;1650;15,16,11,19,5,10,14,13,2,4,6,1,0,12,17,9,8,18,7,3
112;46;3048;3667;6,10,4,13,19,5,2,8,0,1,7,9,17,11,14,15,12,18,3,16
113;24;1826;2870;5,8,1,14,11,7,10,4,12,13,6,16,15,2,9,3,17,0,18,19
114;33;2239;1845;10,5,19,12,6,2,1,13,18,0,9,11,3,15,8,17,16,4,14,7
115;41;2653;2245;12,2,17,6,0,13,7,16,9,19,18,14,15,11,10,3,8,5,4,1
116;40;2834;2462;3,4,15,11,18,5,9,14,10,7,2,1,6,19,8,12,13,16,0,17
117;40;2448;6015;9,13,15,6,1,10,0,17,5,7,12,14,3,11,18,4,19,2,16,8
118;24;1820;1563;14,3,11,18,6,17,9,19,10,13,12,2,5,1,0,16,4,8,7,15
119;28;2023;1733;6,1,11,0,17,4,16,7,9,10,2,13,19,12,14,8,18,5,3,15
120;22;1424;1226;3,0,14,1,2,11,5,12,18,8,13,15,6,9,4,17,7,16,10,19
121;54;4035;5142;7,18,12,11,8,2,14,9,13,5,1,6,0,15,3,10,4,16,19,17
122;24;1623;1341;11,9,4,15,12,0,8,3,18,7,13,6,2,14,5,16,19,10,1,17
123;42;2651;2207;12,3,17,16,1,11,7,14,0,9,18,8,15,19,4,13,6,5,10,2
124;39;2846;2635;9,8,11,7,10,19,18,12,13,16,0,6,4,15,3,1,17,5,14,2
125;36;2058;1654;2,12,16,4,9,13,10,8,17,1,19,18,3,15,6,5,11,0,14,7
126;47;2848;2337;0,1,6,15,18,5,8,9,13,10,7,17,12,19,4,11,3,2,14,16
127;47;3252;6879;8,0,15,11,17,18,9,19,7,5,1,2,6,12,3,14,10,16,13,4
128;53;3445;2803;14,13,3,17,9,16,18,10,2,1,6,15,12,11,19,4,7,8,0,5
129;58;3669;3114;13,12,6,11,5,1,0,10,14,8,7,15,17,3,16,9,19,2,18,4
130;21;1231;953;14,5,19,4,18,1,11,10,7,0,9,15,8,3,16,6,17,2,13,12
131;42;3041;2761;12,2,11,8,19,16,0,13,18,1,9,15,5,3,6,17,14,10,4,7
132;26;1828;1612;14,5,3,13,16,4,18,0,9,10,7,17,12,11,19,6,1,8,2,15
133;31;2027;1916;12,3,17,8,7,19,13,2,14,10,16,6,15,4,11,1,18,0,9,5
134;42;3032;2446;19,0,3,16,17,8,14,13,7,5,4,1,6,12,11,2,10,9,15,18
135;37;2442;2156;8,10,0,14,18,7,19,17,9,13,16,6,11,15,12,4,3,2,1,5
136;27;1628;1264;17,9,4,14,16,18,10,1,0,7,2,8,5,15,6,12,19,13,3,11
137;33;2052;1607;4,11,6,15,18,0,10,9,12,7,14,5,3,2,1,8,13,19,16,17
138;40;2256;1861;7,1,17,15,8,10,18,9,16,13,2,6,12,0,11,4,3,5,19,14
139;31;1830;1455;6,1,4,3,10,2,13,12,5,16,0,8,19,7,17,15,11,18,9,14
140;34;2627;2136;3,16,12,15,9,13,18,8,0,7,2,1,6,19,17,5,11,4,10,14
141;47;3049;2891;1,6,12,16,9,4,2,0,8,5,14,3,15,11,7,19,18,10,17,13
142;52;3048;2404;15,7,14,12,19,6,3,1,0,18,16,13,17,8,5,2,9,10,4,11
143;56;3653;2957;4,2,15,11,0,10,9,6,16,5,1,3,12,19,8,14,13,7,17,18
144;42;2848;2250;5,2,1,11,17,16,0,8,13,18,19,3,14,12,7,15,4,10,6,9
145;39;2447;2210;8,4,2,17,6,5,13,10,1,0,9,18,11,15,16,7,19,14,3,12
146;51;3441;2870;18,19,11,1,6,13,9,12,8,4,3,5,14,15,17,2,7,16,10,0
147;31;2036;2161;11,0,17,6,2,19,7,13,18,12,8,15,4,16,10,3,9,5,1,14
148;55;3662;3112;15,18,11,2,1,17,12,16,10,9,3,4,14,6,0,8,19,5,7,13
149;25;1433;1353;17,9,6,0,14,12,4,1,3,10,2,16,13,15,7,19,5,18,8,11
150;34;2239;1944;12,3,17,1,4,11,7,9,13,8,18,16,19,2,15,0,10,14,6,5
151;32;2225;1943;0,9,6,2,7,13,16,18,12,8,3,14,15,11,4,19,17,5,10,1
152;36;2041;1613;4,5,15,17,18,9,0,7,3,6,1,11,12,14,8,10,19,2,13,16
153;32;2030;1607;10,14,6,8,13,12,16,5,17,2,3,18,15,19,1,7,11,9,0,4
154;58;4057;3971;14,4,11,2,18,6,16,8,13,19,0,1,9,5,17,12,15,7,10,3
155;38;2437;2108;14,18,11,6,13,5,1,3,2,9,7,10,17,16,19,4,12,8,0,15
156;41;2257;1777;13,9,2,15,19,4,18,8,0,1,7,12,17,3,5,6,11,10,14,16
157;70;4856;4167;13,5,19,4,16,1,6,2,7,0,12,11,14,17,18,9,10,3,15,8
158;52;3465;2878;8,0,15,12,14,16,3,1,10,4,9,17,11,7,6,2,19,13,18,5
159;41;2839;2306;4,6,17,8,13,7,18,0,10,9,1,2,12,16,11,5,19,14,3,15
160;25;1437;1455;15,19,4,3,7,11,9,14,0,10,17,13,12,8,5,16,18,1,2,6
161;30;1642;1619;18,8,3,1,9,12,19,7,13,11,0,16,6,15,14,2,17,4,10,5
162;45;3428;3204;13,12,8,19,18,4,0,17,14,9,7,5,1,3,15,10,16,2,6,11
163;30;1646;1300;9,7,4,12,19,8,13,0,5,10,16,2,17,1,6,15,11,18,14,3
164;39;2630;2100;3,9,12,11,14,13,5,18,10,4,2,6,1,15,8,16,19,7,0,17
165;42;3039;2583;17,16,11,6,9,4,13,10,8,12,3,14,19,15,2,7,5,18,1,0
166;55;4250;3409;6,4,1,14,18,0,16,7,9,2,10,13,5,17,12,11,3,8,19,15
167;46;3447;3320;12,3,2,19,6,7,1,18,4,10,9,11,15,14,5,17,0,13,8,16
168;43;3029;2564;12,3,1,10,8,15,6,5,9,4,14,11,19,13,2,17,0,18,16,7
169;39;2451;1921;3,18,14,2,1,11,5,9,17,19,0,8,16,7,4,15,13,6,10,12
170;43;2838;2517;8,6,17,11,9,4,13,0,10,2,16,14,19,15,12,5,18,1,3,7
171;68;4849;4010;3,9,19,2,12,18,16,13,0,15,8,14,4,11,17,5,6,7,10,1
172;23;1423;1142;4,7,17,16,5,11,13,0,14,10,9,15,18,8,12,6,3,1,19,2
173;48;2857;2506;8,19,13,10,6,3,2,14,18,1,12,17,11,15,5,7,4,0,9,16
174;26;1437;1635;8,12,15,16,1,7,0,14,10,9,5,13,3,17,11,4,19,2,18,6
175;15;1017;1088;2,16,17,8,7,13,18,4,10,3,14,15,11,6,12,5,9,1,0,19
176;40;2643;2078;18,9,2,12,6,13,7,3,5,10,11,17,4,15,16,19,14,0,8,1
177;32;2237;1788;6,16,12,14,4,17,2,8,19,10,13,11,3,0,7,15,5,9,18,1
178;45;2467;2206;12,1,17,14,9,6,15,2,4,10,16,8,19,5,7,13,3,0,18,11
179;37;2649;2102;3,12,15,11,10,2,14,13,18,4,8,5,0,19,6,9,16,7,1,17
180;43;2842;2481;11,9,16,19,2,0,13,1,7,10,5,3,15,18,6,14,12,4,8,17
181;40;2639;2289;16,10,14,19,18,1,3,6,9,5,4,8,17,15,2,0,13,7,12,11
182;21;1234;1133;11,9,17,18,19,5,3,7,1,13,10,16,6,0,8,2,14,4,15,12
183;15;1013;1216;11,9,6,3,5,7,14,0,8,10,13,17,16,15,1,12,19,2,18,4
184;46;2860;2531;10,17,6,12,2,11,7,13,0,9,18,3,15,16,4,19,8,5,14,1
185;72;4676;4004;16,3,17,19,4,9,10,18,11,6,7,1,12,14,15,0,2,8,5,13
186;29;1634;1311;6,7,15,0,13,4,9,8,2,10,17,11,18,16,14,19,5,12,3,1
187;77;5279;4209;0,8,12,14,16,5,1,4,10,13,9,17,15,7,2,11,6,18,3,19
188;32;2432;2465;12,15,1,16,13,18,0,3,9,8,4,7,6,17,19,2,11,14,10,5
189;55;2868;2570;12,3,0,7,17,5,8,18,14,13,16,1,6,19,9,2,15,10,4,11
190;50;2872;2643;12,3,17,16,1,4,13,14,10,9,5,8,15,19,11,7,6,18,0,2
191;29;2035;1657;9,10,8,7,12,4,0,17,6,13,16,2,19,1,5,18,11,3,14,15
192;45;3233;2960;12,0,17,18,5,6,3,13,4,10,9,15,11,8,16,2,14,1,19,7
193;41;2645;2142;4,17,19,15,2,11,14,10,13,5,18,3,12,16,1,9,6,7,0,8
194;20;1227;1030;13,18,16,15,4,19,8,3,10,5,0,11,6,9,2,12,14,7,1,17
195;56;3284;3491;3,12,19,11,18,1,13,9,2,16,10,6,17,15,0,4,5,7,8,14
196;45;2842;2562;15,3,11,16,10,5,0,14,7,9,18,1,19,6,4,2,8,12,13,17
197;32;2234;1968;11,9,17,3,19,2,12,18,1,10,7,6,15,0,5,16,14,8,4,13
198;59;4441;3809;1,5,6,14,19,2,10,18,12,0,7,11,4,3,16,9,17,8,13,15
199;42;3035;2779;13,12,8,14,9,2,5,6,18,0,1,19,11,3,7,16,4,17,10,15
200;29;1635;1325;16,8,6,19,10,13,0,17,9,7,12,18,3,15,4,2,11,5,14,1
201;36;2630;2338;0,11,6,9,2,19,1,13,18,12,3,15,14,16,10,8,5,17,4,7
202;47;3260;3272;0,7,9,17,13,3,4,18,14,8,5,1,2,6,15,19,16,12,10,11
203;63;4054;3191;16,3,6,12,10,15,0,17,18,9,11,1,14,19,4,2,7,5,8,13
204;38;2628;2310;7,12,11,6,15,17,0,10,5,18,9,2,13,1,19,4,8,3,16,14
205;53;3457;2983;8,15,7,16,0,9,1,3,18,5,12,2,17,11,14,13,19,4,10,6
206;44;3221;2609;8,5,15,2,11,3,18,12,14,0,19,6,1,4,17,13,7,10,9,16
207;18;1221;1246;16,2,11,6,19,13,10,8,5,3,12,17,7,1,0,15,4,18,9,14
208;34;2434;2343;19,10,11,7,12,9,14,0,13,3,16,15,6,8,5,18,1,2,4,17
209;35;2436;2100;6,10,14,17,18,4,16,7,5,0,1,19,12,3,11,8,2,9,13,15
210;31;2029;1670;11,13,15,19,7,5,18,0,8,4,6,3,16,12,9,14,1,10,2,17
211;47;2851;2288;13,12,16,4,9,8,10,0,7,1,19,14,3,11,6,5,17,18,15,2
212;24;1807;1868;2,1,16,17,4,19,5,12,0,18,3,14,15,6,13,11,8,9,10,7
213;49;3253;2549;17,7,16,19,1,4,14,8,2,6,0,11,18,12,15,13,5,9,3,10
214;48;3246;2924;13,8,16,19,9,7,10,0,18,1,5,3,14,15,6,12,11,4,17,2
215;54;3850;3569;8,16,15,1,4,17,5,12,10,14,3,18,19,2,11,7,13,0,9,6
216;42;2656;2493;2,11,8,0,7,4,5,6,17,10,14,3,19,12,15,16,1,18,9,13
217;43;3216;2574;19,17,3,13,1,11,18,12,6,14,7,8,4,15,5,0,2,10,9,16
218;23;1427;1161;10,5,6,12,11,2,7,13,4,9,8,15,3,14,1,16,17,19,18,0
219;64;4264;3778;7,6,17,14,18,4,10,15,2,13,9,5,11,1,12,8,3,0,19,16
220;23;1227;1048;11,14,9,18,2,4,7,3,6,10,8,0,15,16,13,19,12,5,17,1
221;50;2865;2591;6,0,4,19,10,5,14,13,2,7,8,15,11,16,17,18,12,9,3,1
222;41;2455;2189;14,11,15,10,12,9,16,4,13,3,0,8,6,19,18,5,2,7,1,17
223;20;1221;1255;1,11,5,10,16,9,2,17,18,3,12,4,14,6,13,7,15,0,8,19
224;47;2857;2299;15,6,11,4,5,10,14,2,13,3,16,19,0,8,12,18,17,1,7,9
225;33;2427;2277;7,12,8,6,9,2,0,1,17,18,19,16,13,10,5,14,11,3,4,15
226;31;2031;1642;4,9,17,3,16,7,10,5,18,6,13,12,11,2,1,8,14,0,19,15
227;66;5225;4542;4,12,8,3,9,7,13,18,17,10,2,16,19,15,6,14,11,1,0,5
228;23;1620;1323;1,9,6,17,16,5,7,0,13,2,18,12,15,11,4,19,8,3,14,10
229;23;1431;1420;1,12,6,3,5,7,16,2,17,10,13,11,19,14,4,9,18,8,0,15
230;43;3041;2735;11,0,14,16,17,5,3,13,10,15,8,4,6,9,18,2,19,7,1,12
231;43;3035;2417;7,15,17,14,16,18,10,3,13,2,9,4,11,6,12,5,19,0,1,8
232;23;1433;1163;4,14,17,1,16,11,10,9,18,6,15,19,5,3,13,0,2,8,12,7
233;35;2424;2035;12,7,11,14,6,17,8,16,10,13,2,5,4,1,0,3,15,18,9,19
234;41;2845;2393;3,9,14,13,16,5,8,1,0,18,7,17,10,11,15,12,6,2,4,19
235;43;3045;2490;17,12,4,0,9,19,6,11,1,10,2,16,5,13,14,18,15,3,8,7
236;30;1833;1678;8,16,15,19,9,2,14,0,18,4,11,17,10,7,6,12,5,13,1,3
237;45;3040;2722;17,7,9,8,19,6,4,0,1,10,2,13,5,12,11,16,14,18,3,15
238;43;2839;2394;14,17,3,1,8,16,19,2,13,15,10,4,9,5,18,6,11,7,0,12
239;26;1634;1346;3,19,15,0,5,18,8,16,2,4,14,9,11,1,6,17,13,10,7,12
240;27;1635;1405;11,7,1,3,16,5,9,4,8,10,17,19,12,0,6,14,13,18,2,15
241;28;1840;1598;8,4,15,12,1,17,0,5,10,7,9,11,3,14,18,13,19,2,16,6
242;38;2451;1978;7,10,4,15,0,17,8,16,11,5,14,3,6,19,2,18,13,1,12,9
243;47;3249;2740;17,10,14,4,12,16,19,6,0,3,13,8,5,7,18,15,1,9,2,11
244;43;2663;2421;19,0,17,14,2,8,10,5,6,13,9,15,11,1,12,3,4,18,7,16
245;40;2456;2165;3,13,19,1,7,16,18,0,2,14,8,15,5,9,11,6,17,4,10,12
246;18;1033;840;17,13,11,2,3,10,1,16,19,14,6,7,0,12,15,4,18,8,9,5
247;55;3677;3030;10,17,6,15,8,11,16,18,0,13,2,1,12,7,14,9,19,5,3,4
248;28;1834;1456;14,18,19,6,12,13,0,2,9,3,5,8,7,15,16,4,1,17,10,11
249;45;2468;2107;15,8,14,13,16,5,18,10,4,3,7,12,6,17,19,9,2,0,1,11
250;43;3036;2439;16,1,14,12,8,2,3,6,5,18,7,17,11,4,15,10,13,0,9,19
251;47;3049;2576;3,13,11,15,7,5,9,8,2,18,0,1,6,12,17,19,4,16,10,14
252;47;3443;3191;0,19,12,14,10,8,9,4,2,7,18,15,3,11,17,6,5,16,13,1
253;47;3258;2743;8,13,15,14,7,9,16,4,0,18,2,1,19,6,17,5,11,12,10,3
254;30;2212;1812;13,19,11,15,5,18,17,3,14,10,16,6,0,4,9,2,8,1,7,12
255;62;3860;3280;6,10,13,12,1,16,0,2,17,9,4,8,5,7,18,15,19,14,3,11
256;29;2035;1634;1,2,6,4,8,13,14,10,17,0,16,11,15,12,19,9,5,18,3,7
257;43;2641;2157;12,11,17,6,1,14,10,4,5,18,9,15,13,3,19,8,2,0,16,7
258;40;3032;2649;19,10,12,6,3,8,2,16,5,18,13,11,17,14,15,0,4,9,7,1
259;40;2825;2560;3,14,19,1,9,17,0,12,18,13,11,16,6,15,8,2,7,4,10,5
260;45;2856;2373;11,3,17,8,6,9,7,15,4,10,18,5,19,14,16,13,0,2,1,12
261;52;3846;3119;8,16,15,18,5,6,3,0,1,14,11,9,17,13,4,7,12,10,2,19
262;29;1848;1574;8,19,7,9,2,11,4,18,14,12,0,6,1,15,17,13,5,16,10,3
263;55;3472;2811;6,14,7,16,2,11,10,18,9,4,5,8,3,15,17,0,13,19,12,1
264;23;1633;1361;14,7,3,8,16,12,19,17,2,18,10,5,9,1,11,4,13,6,0,15
265;30;1844;1589;14,17,6,19,3,7,8,12,18,5,13,0,16,11,4,1,2,9,10,15
266;43;3046;2779;3,5,11,17,7,14,9,10,1,18,2,13,4,12,19,16,6,8,0,15
267;43;2656;2300;3,12,15,1,5,17,9,14,18,13,11,0,6,19,8,16,4,7,10,2
268;42;2450;1955;5,1,4,15,17,19,8,12,10,7,0,14,6,11,2,3,13,18,16,9
269;28;2038;1625;3,9,19,1,2,13,18,12,8,16,0,6,11,15,17,14,7,4,10,5
270;23;1428;1235;3,7,15,17,2,6,13,10,1,18,9,11,4,14,16,19,5,0,8,12
271;38;2635;2225;4,13,11,10,7,15,9,16,8,18,3,14,19,5,2,6,0,12,1,17
272;36;2259;1795;1,5,6,17,18,13,9,3,8,0,14,11,4,19,16,12,15,2,10,7
273;28;1626;1362;14,8,3,17,9,5,12,4,13,1,6,10,16,15,19,7,2,0,18,11
274;42;2458;2300;12,13,15,14,19,17,3,10,2,18,16,6,8,1,9,7,5,0,4,11
275;59;3648;2975;3,12,14,2,9,19,5,13,17,4,8,18,7,15,6,16,10,0,1,11
276;24;1811;1565;1,7,6,8,19,2,16,5,18,11,10,15,17,14,4,9,3,12,13,0
277;54;3846;3080;1,6,9,8,5,16,13,0,10,2,11,17,15,7,18,12,19,14,3,4
278;43;2463;2085;15,8,17,2,11,7,18,1,10,13,9,4,5,14,12,6,19,0,3,16
279;56;4050;3225;15,9,5,19,6,13,8,18,10,4,2,12,1,17,7,3,16,11,0,14
280;27;1828;1518;14,3,2,16,10,5,1,13,4,7,9,0,18,11,12,8,17,15,19,6
281;30;2028;2090;1,3,19,11,10,13,0,16,17,7,18,9,14,15,8,2,6,5,4,12
282;25;1625;1384;12,16,11,15,9,14,18,3,4,13,0,8,6,17,19,5,7,1,10,2
283;29;1446;1186;9,0,15,17,2,6,18,13,1,16,8,4,19,11,3,10,12,5,14,7
284;50;3060;2552;11,14,6,8,13,5,0,4,10,1,19,12,15,17,7,2,9,3,18,16
285;30;2028;1700;1,6,5,4,18,16,9,0,10,13,11,17,14,7,8,12,15,19,3,2
286;24;1631;1317;0,5,19,6,7,11,16,4,2,18,3,15,14,8,17,9,10,12,13,1
287;66;4458;3703;8,0,15,7,2,19,18,12,1,9,3,14,11,5,13,4,17,16,10,6
288;62;3871;3446;19,1,3,13,8,2,18,5,7,15,9,11,6,0,14,17,4,10,16,12
289;69;4675;4019;14,3,6,8,2,7,4,12,18,9,11,0,13,19,1,17,5,16,10,15
290;27;1820;1501;15,14,9,5,13,7,4,3,10,17,12,2,1,16,11,18,6,19,0,8
291;22;1428;1166;14,16,15,19,7,10,9,1,17,4,2,3,18,12,6,5,11,13,0,8
292;42;2845;2254;11,0,3,18,10,5,19,13,4,14,8,15,16,6,12,9,2,7,1,17
293;15;1022;925;5,4,19,11,18,9,0,17,15,3,16,13,6,8,12,10,7,2,1,14
294;58;4070;3189;2,8,12,19,10,5,1,13,0,7,9,3,15,16,17,18,11,4,14,6
295;27;1815;1501;9,4,1,18,19,7,2,10,8,0,5,12,3,13,6,17,15,14,16,11
296;48;2859;2795;15,10,11,16,3,17,18,13,4,19,9,0,1,6,12,8,2,5,7,14
297;55;4048;3401;12,17,6,5,2,19,1,18,10,16,15,14,4,11,0,3,7,8,9,13
298;38;2432;2036;0,1,11,5,18,12,10,13,2,7,6,4,14,16,17,8,19,15,3,9
299;88;5912;4831;19,0,17,6,2,12,10,1,13,18,9,15,11,8,7,3,5,14,4,16
300;46;3041;2447;18,9,19,11,14,2,13,5,4,16,1,6,0,15,3,10,8,7,12,17
301;46;2655;2452;4,2,14,12,0,10,5,7,9,15,18,19,3,1,6,17,8,16,13,11
302;29;2036;1867;12,7,15,10,19,9,4,11,18,8,0,16,6,3,14,13,2,1,5,17
303;40;2447;1911;15,1,3,19,5,9,18,0,4,2,7,17,12,6,16,11,8,10,13,14
304;38;2252;1966;15,18,17,2,16,9,10,4,1,0,7,5,12,14,11,8,6,3,13,19
305;41;2649;2097;4,8,17,1,6,5,2,13,14,10,12,11,19,15,16,9,3,0,18,7
306;40;2248;1792;2,4,12,8,11,16,7,13,0,10,6,1,15,9,17,19,18,14,3,5
307;28;1821;1522;18,7,15,5,11,6,3,2,10,13,12,19,8,17,16,1,4,0,14,9
308;43;2638;2137;13,5,19,11,0,10,16,4,7,18,3,15,14,8,2,9,6,12,1,17
309;35;2640;2392;9,10,15,19,17,2,18,1,12,7,5,8,14,13,6,0,3,4,16,11
310;18;1029;999;12,0,17,18,2,15,10,7,9,13,8,19,5,1,6,3,4,14,16,11
311;43;3036;2531;4,14,6,1,7,16,0,9,10,8,13,12,19,17,15,2,11,3,18,5
312;46;3239;2535;5,9,14,1,12,15,7,6,18,8,0,19,11,3,4,16,17,13,10,2
313;41;2462;2084;18,19,15,11,9,1,13,0,12,2,16,6,14,3,8,7,5,10,4,17
314;45;3035;2459;7,18,1,15,8,19,6,3,14,0,13,11,9,17,16,12,4,2,10,5
315;25;1624;1476;17,7,11,6,13,18,10,0,3,19,9,15,4,12,1,8,16,5,2,14
316;71;5839;5054;11,12,14,3,9,5,4,1,7,10,2,18,16,15,6,19,0,13,8,17
317;16;1221;1123;11,16,12,8,15,6,13,0,10,14,1,5,2,19,3,4,9,7,18,17
318;23;1629;1331;17,10,8,3,0,2,12,5,9,7,1,19,14,11,4,18,13,6,16,15
319;39;2259;1759;13,7,11,19,15,17,18,10,12,9,2,1,5,6,4,16,3,8,14,0
320;41;2461;2049;16,3,6,4,9,5,10,13,14,1,19,0,12,11,2,8,17,18,7,15
321;27;2023;1604;19,3,11,15,10,18,9,16,5,13,2,4,12,14,0,8,1,7,6,17
322;50;3457;2729;19,4,15,7,16,5,18,8,13,3,14,11,6,0,9,12,2,10,1,17
323;36;2241;1868;7,18,17,16,4,19,10,8,1,9,15,11,3,2,13,0,5,14,12,6
324;57;4430;4139;1,6,4,14,18,0,5,19,16,7,10,17,11,15,8,12,3,13,9,2
325;48;3050;2528;9,13,3,19,1,6,18,0,8,2,16,14,11,15,12,4,7,10,17,5
326;42;2646;2072;6,0,15,19,2,11,18,14,7,9,4,17,8,12,3,10,16,5,13,1
327;48;2868;2257;11,0,15,1,10,2,9,6,16,13,18,3,14,19,8,12,4,7,5,17
328;52;3249;2716;5,4,2,19,18,6,13,16,15,9,10,11,17,14,1,0,3,7,12,8
329;46;2850;2247;18,0,15,11,2,19,9,12,10,7,1,14,6,5,8,3,13,16,4,17
330;22;1424;1655;19,12,11,14,6,17,4,13,7,10,2,18,5,3,9,16,8,1,15,0
331;49;3250;3103;14,10,6,17,18,4,16,7,9,1,2,13,12,11,0,8,3,5,19,15
332;60;3680;3121;10,16,17,12,1,13,7,2,0,9,18,3,15,19,4,5,6,14,8,11
333;18;1019;902;18,9,19,14,4,13,3,11,10,16,2,12,1,7,0,17,5,6,8,15
334;61;4063;3230;19,8,14,13,18,5,3,17,2,1,7,6,4,15,11,10,12,0,9,16
335;57;4040;3392;17,12,16,4,9,3,10,14,18,13,7,8,6,15,19,5,11,1,0,2
336;55;4426;4096;3,7,19,8,13,18,0,14,2,9,11,17,4,12,1,15,5,10,6,16
337;54;3282;2929;11,17,19,5,7,15,0,10,8,6,16,3,13,12,1,14,9,2,18,4
338;51;3060;2618;3,16,11,8,5,10,14,13,17,18,2,7,6,12,19,9,4,1,0,15
339;68;4476;3837;18,7,15,14,13,17,9,4,12,2,10,1,6,5,8,19,11,16,0,3
340;28;1632;1328;1,6,5,4,17,0,9,8,7,18,15,3,14,12,13,19,11,16,10,2
341;26;1436;1181;10,17,19,15,8,11,16,4,0,13,2,1,12,5,14,9,6,7,3,18
342;35;2243;1920;8,14,15,16,2,11,18,19,1,12,17,7,10,5,3,0,13,4,9,6
343;33;1849;1757;13,1,12,9,10,19,17,0,16,18,3,15,14,6,7,8,11,5,4,2
344;28;1839;1730;18,0,17,14,2,19,10,5,8,16,13,12,11,7,1,3,4,9,6,15
345;21;1224;1019;11,17,14,6,0,13,1,10,8,9,7,2,4,12,19,16,5,18,3,15
346;20;1617;1406;0,18,11,17,8,2,7,13,5,1,12,3,14,19,9,16,4,15,10,6
347;29;1838;1545;4,14,17,0,9,5,10,7,1,2,18,19,16,11,12,8,6,3,13,15
348;26;1633;1404;12,18,6,10,13,7,1,2,8,0,9,11,4,15,16,17,5,3,14,19
349;56;4067;3356;9,15,1,6,13,11,10,16,17,12,3,19,14,18,2,0,4,8,5,7
350;36;2443;1973;15,9,7,14,19,4,18,5,10,16,0,6,11,1,2,8,3,13,12,17
351;24;1816;1595;16,10,8,12,3,4,2,17,14,6,7,0,1,19,13,11,18,9,5,15
352;44;2277;2031;17,5,11,3,16,4,13,18,8,10,2,6,14,15,9,7,19,1,0,12
353;29;2030;1841;4,14,17,0,16,5,10,7,1,2,18,15,19,6,12,9,8,3,13,11
354;52;3842;3190;10,19,4,13,2,0,8,16,12,7,14,5,3,1,6,11,15,18,9,17
355;46;2852;2533;19,3,11,17,6,12,0,13,2,1,5,7,14,18,9,10,8,4,15,16
356;80;5093;4196;7,10,2,19,12,13,18,8,5,9,4,11,14,17,15,0,3,6,16,1
357;38;2640;2279;13,5,6,4,12,1,8,10,7,0,19,18,14,2,16,9,17,3,15,11
358;31;1651;1600;0,6,11,15,10,4,9,8,2,5,14,3,18,16,13,12,7,19,17,1
359;35;2226;1986;18,4,15,11,2,17,9,14,12,7,10,1,6,5,8,19,13,16,0,3
360;44;3430;2961;12,6,17,8,18,1,7,19,16,2,10,5,4,13,11,3,0,14,9,15
361;21;1233;999;3,12,15,4,1,17,16,7,10,19,0,11,8,9,18,14,2,5,13,6
362;50;3833;3022;8,19,5,12,6,11,13,0,14,4,10,17,1,15,9,7,16,18,2,3
363;64;4451;3682;17,10,5,13,8,11,9,2,14,7,18,3,16,19,1,12,15,6,0,4
364;22;1433;1170;17,18,11,14,10,5,0,3,13,7,9,8,15,19,12,4,6,2,1,16
365;56;3662;3349;1,6,5,11,18,13,9,0,10,7,4,17,14,15,8,12,19,16,3,2
366;40;2641;2370;13,11,16,4,1,17,10,5,18,19,3,15,14,9,0,8,6,12,7,2
367;47;3074;2391;2,14,16,15,9,19,18,1,0,13,5,3,8,11,10,12,7,4,17,6
368;48;3452;2832;14,5,15,12,11,8,3,2,13,9,10,6,1,16,18,4,19,7,0,17
369;34;2611;2103;14,11,15,12,8,16,7,3,10,6,0,1,9,5,18,19,4,13,2,17
370;42;2465;2068;14,3,5,9,1,12,4,15,2,7,17,10,13,16,8,11,6,19,0,18
371;34;2233;1863;2,18,16,17,5,11,10,7,0,1,9,13,15,8,6,12,4,3,14,19
372;59;3888;3730;1,6,19,15,5,11,18,0,4,2,10,17,16,7,12,9,14,13,3,8
373;23;1426;1273;15,19,5,4,13,3,9,14,12,0,18,7,1,17,11,6,2,16,10,8
374;18;1224;981;10,6,17,14,5,7,16,4,8,13,0,11,19,15,12,9,3,1,18,2
375;49;3053;2473;4,0,15,12,10,16,7,2,13,9,1,14,11,6,18,5,17,19,3,8
376;50;3647;3006;13,8,11,18,3,5,9,2,14,10,4,17,7,12,1,16,19,6,0,15
377;63;4068;3169;11,9,14,7,6,15,3,10,8,13,5,12,1,0,16,17,19,2,18,4
378;26;1440;1275;16,13,18,12,5,11,3,0,4,1,9,15,17,8,19,6,14,10,7,2
379;35;2239;2023;0,10,11,15,3,2,18,16,1,9,7,4,17,6,13,8,19,5,12,14
380;54;3284;3016;10,16,17,14,9,2,7,1,0,4,6,8,15,19,12,5,18,13,3,11
381;27;1634;1601;11,9,16,5,8,10,2,7,17,13,18,19,3,0,6,14,12,15,1,4
382;63;4248;3370;11,9,14,15,12,10,5,18,7,1,2,6,4,0,19,16,17,13,8,3
383;48;3652;2983;19,3,17,15,6,12,8,18,13,10,5,4,9,14,7,2,0,1,11,16
384;50;3067;2499;4,8,2,15,7,5,14,13,10,1,12,11,19,17,16,9,3,0,18,6
385;52;3442;3163;16,2,17,11,14,1,10,6,12,18,5,19,13,3,15,0,4,8,9,7
386;33;2436;2322;7,4,17,11,19,9,10,0,1,2,5,15,14,8,16,18,6,3,13,12
387;34;2041;1784;18,8,1,15,11,5,9,12,10,0,13,16,6,2,7,3,17,14,4,19
388;36;2252;1792;1,19,6,8,7,11,4,0,17,10,16,2,13,12,14,9,5,18,3,15
389;60;3659;3054;7,12,6,8,10,1,0,2,13,9,18,15,3,17,11,5,16,14,19,4
390;47;3252;2591;8,7,15,11,9,2,10,4,12,1,5,19,3,0,6,14,13,18,16,17
391;54;3839;3398;12,8,17,16,1,7,2,0,14,5,18,3,15,19,4,11,6,9,10,13
392;51;3238;2836;4,12,14,1,5,11,6,2,17,10,3,15,19,8,16,9,13,18,0,7
393;43;3032;2626;4,8,9,2,1,13,7,10,12,0,5,3,15,19,11,16,17,14,18,6
394;23;1420;1191;12,13,0,15,10,2,1,18,16,19,5,14,8,17,11,3,7,4,9,6
395;80;5488;4405;13,9,5,15,6,19,8,3,10,4,7,17,18,11,14,12,16,1,0,2
396;50;3650;3018;3,5,15,19,16,9,18,1,2,10,7,17,8,12,6,11,13,4,0,14
397;58;4062;3820;12,2,17,11,4,13,10,6,5,8,16,19,3,1,15,0,14,18,9,7
398;23;1816;1490;6,7,1,5,16,15,2,4,8,10,17,11,12,0,9,14,13,3,18,19
399;35;2231;1982;19,0,17,13,2,1,10,5,6,12,14,15,11,8,7,3,4,18,9,16
400;56;4040;3346;13,9,4,15,16,7,10,18,1,2,17,12,11,3,5,8,19,0,14,6
401;15;820;729;15,16,17,11,19,13,10,18,0,8,5,4,2,14,7,9,3,1,12,6
402;41;2648;2121;19,11,3,7,2,0,18,4,5,1,9,15,17,14,6,8,10,13,16,12
403;48;3042;2560;1,12,6,8,5,19,0,13,18,14,3,16,15,2,11,10,9,17,4,7
404;30;1834;1657;8,16,19,11,4,13,0,6,10,5,1,12,2,17,18,15,7,3,9,14
405;33;2219;2096;10,9,17,8,5,1,7,15,14,2,18,19,11,3,12,16,6,13,0,4
406;41;2462;2253;0,6,8,14,9,7,4,1,10,13,2,17,16,11,5,12,19,18,3,15
407;60;3669;2887;5,3,7,17,1,18,10,15,19,0,9,4,11,14,6,8,2,13,16,12
408;44;3038;2451;1,0,14,17,10,5,16,8,4,6,13,3,11,19,15,12,2,9,18,7
409;31;1847;1608;12,13,19,2,7,16,1,18,10,9,3,14,5,11,0,15,6,8,4,17
410;48;3253;2609;18,9,13,14,6,7,2,3,10,1,12,17,11,15,5,19,4,0,8,16
411;49;3631;3334;12,17,4,11,3,7,14,9,18,5,10,6,13,15,8,1,19,16,0,2
412;25;1627;1581;14,10,8,0,18,4,5,6,2,3,13,12,7,16,15,11,1,17,9,19
413;33;2246;1841;15,3,17,2,4,12,5,18,13,14,19,1,16,6,7,9,8,0,10,11
414;64;4472;3692;5,0,17,16,2,11,10,13,6,7,9,15,18,8,12,14,1,3,19,4
415;36;2243;1830;8,7,15,3,2,1,9,12,5,10,17,14,11,4,6,19,13,16,0,18
416;29;1837;1533;6,4,13,3,16,5,18,14,8,0,7,12,17,2,11,1,15,10,9,19
417;44;2846;2479;2,5,11,17,6,3,10,12,14,16,0,19,7,1,13,18,4,8,9,15
418;72;5056;4606;12,17,15,18,5,7,3,2,10,14,16,6,11,4,8,1,13,0,9,19
419;49;3449;2844;12,4,3,11,13,7,0,2,5,18,9,15,14,8,16,17,1,10,6,19
420;54;3478;2881;6,14,15,12,2,11,13,19,5,16,10,7,17,1,3,0,18,4,9,8
421;68;4469;3518;14,8,19,10,18,13,16,5,9,11,0,6,1,15,3,4,2,7,12,17
422;90;6280;5699;0,18,19,17,4,2,14,16,8,5,3,12,15,7,1,13,6,9,10,11
423;42;3027;2567;14,4,5,12,19,7,1,8,0,18,9,17,13,11,2,15,6,16,10,3
424;58;3281;2671;13,16,11,15,8,2,9,17,18,5,4,3,14,19,10,12,7,6,1,0
425;36;2431;9729;15,9,6,19,5,11,0,3,4,10,7,17,18,8,16,12,14,2,13,1
426;67;4678;5546;12,13,17,19,1,18,10,3,9,7,5,4,8,2,16,14,15,0,6,11
427;11;802;749;2,18,5,19,13,7,8,1,3,4,9,17,15,12,6,10,16,11,0,14
428;34;2623;2403;19,0,15,12,17,8,3,13,5,18,16,1,6,11,9,2,4,10,7,14
429;24;1823;1500;8,4,15,11,2,14,19,5,9,18,10,17,6,7,3,13,1,16,12,0
430;28;1842;1517;18,9,14,4,12,19,7,3,10,1,0,6,11,15,5,16,17,13,8,2
431;66;4281;3487;0,9,19,15,8,18,16,13,2,7,10,17,4,11,3,12,6,5,14,1
432;42;2461;2231;4,9,14,10,12,15,17,8,18,3,13,16,19,2,5,6,7,0,1,11
433;61;4268;3604;5,11,1,19,7,13,10,0,12,4,9,15,3,14,6,8,17,18,16,2
434;26;1641;1313;15,6,19,5,18,11,13,14,0,9,10,17,1,16,3,4,12,7,2,8
435;60;4048;3306;11,0,17,16,15,7,10,6,18,9,1,12,19,3,4,2,14,8,5,13
436;40;3033;2461;19,10,11,5,18,6,1,13,16,0,9,15,17,3,12,8,2,4,7,14
437;57;3862;3167;11,0,15,16,10,6,13,2,1,9,18,3,14,19,4,12,5,7,8,17
438;28;2014;1799;16,14,2,4,9,18,10,11,13,1,19,8,5,15,12,0,17,3,7,6
439;43;2654;2382;9,10,11,19,8,2,0,18,5,4,7,12,17,1,6,3,13,15,16,14
440;21;1428;1165;0,8,11,14,1,15,18,16,3,9,13,4,17,5,2,6,12,10,7,19
441;40;2836;2342;6,1,4,11,13,9,10,0,2,8,7,17,19,12,5,15,16,18,3,14
442;54;3656;2939;12,2,8,11,17,4,10,14,6,13,16,19,0,1,5,3,7,18,9,15
443;25;1815;1493;3,5,15,7,6,8,18,0,19,13,12,2,17,1,9,16,11,4,10,14
444;20;1226;1028;18,0,3,15,10,5,14,9,1,19,13,16,8,6,11,2,7,17,4,12
445;40;2641;2167;8,0,16,12,5,6,13,1,14,4,10,17,11,7,2,15,19,9,18,3
446;30;1852;1520;19,16,18,1,7,3,0,12,4,8,13,5,2,17,15,14,11,10,9,6
447;37;2258;1937;14,12,4,13,9,2,8,3,18,0,7,6,17,11,5,16,15,1,10,19
448;40;2646;2317;19,8,1,11,18,4,0,14,17,7,5,9,13,15,6,3,10,2,16,12
449;29;2030;1698;15,17,19,11,8,10,16,4,13,18,2,3,12,5,14,9,6,7,1,0
450;37;2054;1667;0,8,6,17,2,13,7,12,18,16,3,14,15,19,1,11,9,5,10,4
451;42;2846;2327;9,18,1,17,4,15,2,13,6,10,16,14,19,3,5,11,8,0,12,7
452;29;1648;1326;6,16,12,17,5,18,19,10,2,0,13,8,15,4,11,7,14,9,3,1
453;56;3652;2992;9,4,15,19,0,2,8,1,12,7,5,3,14,11,6,18,13,10,16,17
454;39;2264;1859;10,16,17,15,8,1,14,2,6,7,18,11,19,13,12,9,5,0,3,4
455;22;1414;1340;14,7,15,19,13,4,16,8,9,10,17,2,18,11,6,5,0,12,1,3
456;58;3664;3122;8,13,12,4,0,2,5,9,18,19,10,14,17,11,1,15,7,16,6,3
457;53;3662;2957;5,14,8,11,9,15,0,4,18,1,7,12,17,3,6,2,13,10,16,19
458;51;3458;2784;8,5,16,17,9,4,13,14,18,0,3,12,19,15,6,7,11,1,10,2
459;81;6065;4963;17,15,11,8,5,9,13,18,3,10,2,4,6,14,19,7,16,1,0,12
460;69;4460;3974;3,12,18,17,5,19,9,14,8,0,1,6,7,15,11,16,4,2,10,13
461;54;3258;2666;3,16,14,17,9,19,4,13,18,8,0,7,6,11,5,12,2,1,10,15
462;55;3460;2815;7,11,1,15,16,9,18,13,10,2,5,4,14,17,12,8,3,0,19,6
463;39;2840;2294;0,12,19,2,6,3,16,5,14,15,18,11,17,13,8,9,4,7,10,1
464;57;3657;3168;9,11,15,14,5,17,8,7,12,13,0,19,6,1,2,18,4,16,10,3
465;29;2031;1815;8,13,15,1,7,17,9,12,10,4,11,14,16,5,3,19,2,0,18,6
466;21;1418;1309;15,6,8,11,19,4,3,0,5,18,16,2,13,1,7,9,12,10,17,14
467;63;4069;3405;15,9,6,11,14,1,0,18,5,8,7,12,17,3,16,2,19,10,13,4
468;60;4445;3616;8,18,6,9,11,19,13,3,14,0,12,1,7,15,16,5,17,2,10,4
469;73;4500;3615;7,19,17,11,4,1,10,0,5,2,16,15,18,8,12,6,9,3,13,14
470;30;1840;1481;3,9,19,10,8,11,16,14,4,13,0,6,1,15,18,12,5,7,2,17
471;44;3243;2641;6,1,15,19,4,2,8,10,5,13,12,3,17,14,9,16,7,11,18,0
472;38;2240;2005;5,1,4,14,8,2,10,3,12,7,9,17,11,15,6,18,13,0,16,19
473;54;4232;3444;1,5,17,11,16,7,18,0,10,2,4,15,14,6,12,9,19,8,3,13
474;37;2831;2342;15,16,9,11,14,2,4,13,18,5,8,7,0,17,10,12,6,19,1,3
475;17;1211;1034;6,1,15,9,10,5,7,2,14,17,12,3,11,16,18,13,4,19,0,8
476;70;5064;4072;3,12,15,11,18,5,13,2,10,9,1,14,6,19,8,4,16,7,0,17
477;29;1653;1403;5,7,19,6,15,2,1,10,18,3,9,11,0,17,12,4,16,8,13,14
478;58;3664;3313;18,2,15,11,14,5,9,12,8,13,1,0,6,7,17,19,4,16,10,3
479;38;2248;1939;1,9,17,3,6,5,2,8,13,10,4,14,11,15,7,19,12,0,18,16
480;51;3477;2695;6,15,4,17,19,16,10,11,13,1,0,7,9,8,14,12,3,18,5,2
481;27;1829;1502;15,2,8,14,17,1,5,10,7,9,18,3,19,12,13,6,11,16,0,4
482;27;1638;1293;17,11,16,6,7,3,13,18,14,12,19,8,0,4,2,15,5,9,1,10
483;34;2436;1873;12,2,15,14,11,16,19,13,10,0,8,4,5,17,9,6,3,7,18,1
484;66;4857;3878;6,8,11,19,3,2,10,12,5,4,13,9,0,15,17,1,7,16,18,14
485;57;4047;3584;8,5,9,11,6,13,0,2,10,7,1,17,19,15,18,12,16,14,3,4
486;31;2416;2077;2,16,15,11,4,17,9,13,10,7,18,3,14,6,8,12,5,19,0,1
487;62;4051;3157;4,9,8,17,16,11,13,10,14,0,6,12,15,3,19,7,2,1,18,5
488;42;2829;2278;6,12,15,17,9,2,10,7,18,13,16,19,14,3,8,1,4,0,5,11
489;44;2839;2223;3,18,12,0,14,7,4,9,8,5,2,6,13,15,17,1,11,16,10,19
490;39;2644;2218;12,17,15,16,2,11,3,10,14,18,7,6,8,4,9,1,5,0,13,19
491;19;1030;885;8,19,13,2,7,3,9,18,12,0,11,4,6,17,16,5,15,14,10,1
492;88;5500;4797;2,16,12,3,9,4,18,13,6,7,0,8,19,15,17,5,11,10,14,1
493;46;2843;2257;4,9,17,14,16,7,10,15,1,2,18,19,11,3,12,8,6,0,13,5
494;72;4868;3970;4,0,11,3,2,7,9,12,8,10,1,14,19,5,17,6,15,16,18,13
495;48;3637;2839;5,10,14,6,9,17,18,4,7,3,12,19,1,0,11,8,2,13,16,15
496;50;3261;2667;11,0,3,7,2,19,14,10,1,18,16,15,6,9,5,17,4,13,8,12
497;40;2646;2378;12,0,5,19,18,10,1,16,14,7,6,4,8,11,2,17,15,13,9,3
498;46;3027;2730;7,18,8,0,10,2,6,9,5,4,13,12,19,17,15,11,1,3,16,14
499;49;2472;2066;12,4,17,0,16,11,18,6,14,2,5,19,8,3,13,1,15,10,9,7
