0;73;8576;4451;5,10,4,28,16,7,19,6,14,20,8,22,11,12,17,25,18,0,9,23,15,1,24,21,26,3,2,27,29,13
1;64;7653;4007;29,5,14,2,28,25,27,1,9,8,12,4,19,20,7,11,3,22,18,17,6,16,24,26,10,13,0,21,23,15
2;103;11739;6947;19,2,0,7,26,16,17,15,22,20,14,21,28,5,9,27,10,25,29,8,1,18,13,3,23,4,6,12,11,24
3;83;8597;4387;27,23,17,1,9,21,8,24,26,25,4,15,20,19,16,10,18,14,3,29,2,7,12,13,0,11,6,5,28,22
4;63;7216;3853;5,19,16,28,10,14,29,20,7,27,25,15,22,26,18,8,1,11,3,17,12,9,24,23,0,21,6,4,2,13
5;80;9029;5354;19,3,10,7,11,18,12,4,17,20,23,15,1,21,16,25,5,14,9,29,2,8,13,27,0,28,6,22,26,24
6;95;11721;5991;27,21,1,5,9,25,28,24,23,8,14,16,13,7,19,29,12,2,3,10,0,18,15,4,20,11,22,26,17,6
7;90;10402;5310;27,21,1,28,9,25,8,24,23,5,29,12,15,16,0,2,3,20,14,19,18,7,4,10,11,13,6,17,26,22
8;85;9929;5698;8,10,3,25,19,7,20,13,16,1,15,12,5,28,18,21,26,4,0,9,6,23,24,22,11,17,2,29,27,14
9;96;11722;6198;28,1,23,5,12,9,11,21,25,18,14,15,13,20,16,29,17,7,27,19,2,3,24,10,0,4,6,22,26,8
10;67;8114;4139;23,11,26,9,18,22,5,17,12,28,25,10,1,16,20,21,7,19,8,14,3,27,13,29,4,2,24,15,0,6
11;68;8108;4721;10,17,4,7,16,26,19,6,20,22,14,12,28,9,5,27,3,21,29,23,18,8,1,25,11,13,2,0,15,24
12;65;6369;3307;17,12,6,26,0,11,22,4,15,18,16,21,28,5,9,19,10,8,20,27,25,29,1,14,23,3,13,2,7,24
13;60;7649;4058;3,9,23,17,22,25,26,21,1,8,28,15,20,19,16,27,4,14,5,29,2,10,13,7,0,6,12,18,11,24
14;72;9010;4678;2,20,0,7,4,16,10,15,17,19,12,1,23,21,8,18,5,27,11,29,3,9,13,14,25,28,24,22,26,6
15;66;7228;4514;3,10,13,29,19,20,16,4,7,14,12,26,28,5,9,11,21,8,18,25,22,27,6,23,17,1,24,15,0,2
16;72;8572;4467;28,18,11,5,14,13,29,12,2,27,25,22,9,21,23,1,19,17,8,20,6,3,4,10,26,7,24,0,15,16
17;43;4531;2342;17,12,15,26,4,11,22,0,6,18,5,21,8,14,25,9,10,16,28,29,1,27,20,19,23,3,13,2,7,24
18;76;9011;4608;5,4,23,28,22,17,26,21,6,9,25,13,20,19,10,1,0,16,8,29,7,27,2,14,3,15,11,12,18,24
19;100;11723;6455;19,18,11,7,17,3,20,12,4,10,29,21,27,8,25,14,0,9,13,5,23,16,2,28,1,15,24,22,26,6
20;65;8124;4130;27,19,16,2,10,14,3,20,7,29,12,15,25,8,1,11,28,9,18,17,23,5,21,26,0,22,6,4,24,13
21;95;12125;6351;4,1,3,9,21,25,23,13,24,8,10,15,19,20,16,7,5,2,28,29,11,27,12,14,0,18,22,26,17,6
22;49;4988;3140;5,22,6,21,17,9,23,4,26,28,8,1,20,19,3,10,2,16,27,29,0,7,15,14,25,13,12,11,18,24
23;87;11227;5766;16,22,23,20,15,26,0,21,6,17,7,4,9,8,25,28,29,1,19,5,3,27,13,14,10,2,12,11,18,24
24;101;13469;6982;16,22,23,20,15,26,0,21,6,17,28,3,7,19,2,5,25,29,9,27,10,8,4,14,13,1,11,12,18,24
25;66;8113;4743;27,19,20,29,10,16,3,2,7,14,25,26,21,9,23,8,5,15,1,0,17,28,12,11,22,18,24,4,6,13
26;77;9461;4840;28,23,26,19,20,9,16,22,17,7,5,12,25,14,1,8,10,3,21,29,18,27,13,2,11,4,6,15,0,24
27;88;10350;5257;17,26,22,27,8,28,25,6,9,5,4,12,20,19,18,10,13,16,3,29,0,7,15,14,11,2,24,21,23,1
28;52;6312;3685;17,14,3,20,7,29,19,13,10,16,28,12,25,1,18,5,26,23,27,21,0,8,15,9,11,22,6,4,2,24
29;62;6792;3895;5,16,0,8,20,14,1,15,17,25,23,12,27,29,2,21,3,10,9,19,18,28,4,7,11,13,24,22,26,6
30;88;11264;5804;5,18,11,14,15,27,0,12,2,29,23,6,7,19,10,9,16,26,21,17,22,28,24,20,4,3,1,25,8,13
31;102;11745;6253;17,16,0,3,10,20,7,15,4,19,13,21,27,8,25,29,22,9,2,5,23,14,6,28,1,26,11,12,18,24
32;98;12149;6613;5,14,2,8,1,29,25,13,3,27,9,0,21,23,26,7,10,17,28,20,22,19,6,16,15,4,12,11,18,24
33;70;8137;4033;20,10,3,16,14,7,29,13,2,19,15,26,25,23,8,1,27,9,0,5,22,21,6,28,17,24,11,12,18,4
34;86;9912;5178;22,10,4,26,20,7,16,6,17,19,9,12,27,29,14,5,23,1,28,25,18,8,13,21,11,3,2,15,0,24
35;83;9482;5220;28,6,26,5,1,8,25,22,4,9,21,20,10,19,7,3,0,16,23,29,13,27,2,14,17,15,12,11,18,24
36;78;9913;4996;21,1,25,5,2,27,29,8,3,14,19,15,10,7,4,20,9,22,16,26,6,28,24,17,0,23,11,12,18,13
37;45;4526;2403;28,22,7,9,17,26,23,24,6,21,25,12,27,29,18,1,19,2,8,14,0,5,15,16,11,20,3,4,10,13
38;58;6766;3596;3,10,13,29,16,20,19,4,7,14,21,12,28,9,5,23,17,8,27,25,18,1,22,26,11,6,24,0,15,2
39;75;9461;5387;27,15,2,19,16,14,20,13,0,29,5,6,23,9,26,28,7,17,21,11,4,18,24,12,22,10,1,25,8,3
40;58;5900;3052;29,2,15,14,1,27,25,0,5,8,3,12,4,22,18,10,19,17,13,26,6,7,24,20,11,16,23,9,28,21
41;63;6789;3375;18,12,10,17,20,11,19,4,16,7,14,21,28,5,9,27,3,25,29,8,1,13,22,26,23,6,2,15,0,24
42;65;7230;3813;17,10,3,14,20,19,16,13,7,29,12,28,1,25,8,18,0,23,11,21,9,27,22,26,5,15,24,4,6,2
43;117;14850;8173;3,15,10,17,16,7,20,4,0,19,14,22,21,23,9,27,2,25,29,1,8,28,6,5,26,13,11,12,18,24
44;88;10370;5169;25,26,22,5,14,8,29,6,13,27,9,12,17,20,3,23,16,10,28,19,18,21,4,7,11,1,24,0,15,2
45;58;5454;2952;2,14,12,20,7,29,19,11,18,16,15,26,1,25,8,17,28,23,0,21,22,27,6,9,24,5,4,10,3,13
46;76;8569;5002;27,18,11,28,25,5,8,12,1,9,23,22,0,16,17,15,29,20,21,19,24,2,13,7,26,14,6,4,10,3
47;69;8991;4558;5,1,3,14,27,25,29,13,2,8,10,15,16,21,20,19,22,23,7,9,4,28,6,17,0,26,11,12,18,24
48;69;8546;4371;3,1,23,27,11,25,18,21,12,8,10,16,29,2,19,7,26,0,4,15,20,13,6,17,14,22,24,28,5,9
49;56;6762;3543;17,6,26,9,5,10,28,22,4,7,19,15,16,1,14,3,21,29,20,25,2,8,13,27,0,23,12,11,18,24
50;48;5422;3050;29,18,11,14,20,10,16,12,4,19,2,21,8,25,9,27,3,15,7,5,1,28,24,0,23,13,22,17,26,6
51;106;12595;6298;27,23,21,28,8,25,9,1,24,5,29,12,16,19,0,18,7,20,14,10,15,3,2,4,11,13,6,26,17,22
52;65;8102;4031;5,26,25,28,15,8,0,1,22,9,20,12,3,10,4,16,2,7,17,14,18,19,13,29,11,27,24,23,21,6
53;75;9029;4919;28,23,21,5,26,9,8,1,22,25,17,20,7,29,19,3,18,14,27,11,16,10,2,12,13,4,24,15,0,6
54;82;9041;4713;16,22,10,19,17,26,20,4,6,7,29,12,23,9,21,27,3,5,14,8,18,28,1,25,11,13,2,0,15,24
55;92;10809;5587;21,18,11,27,5,2,14,12,13,29,7,15,16,20,4,19,9,22,10,17,6,28,24,26,0,23,1,25,8,3
56;77;9011;5060;21,18,11,5,27,2,29,12,13,14,19,15,10,7,4,20,9,22,16,17,6,28,24,26,0,23,3,25,8,1
57;94;10817;6054;1,18,11,8,26,3,17,12,22,25,23,0,21,27,14,5,7,20,9,29,16,28,2,19,15,10,4,13,6,24
58;71;8571;4420;7,16,2,27,19,14,10,13,20,29,28,12,23,17,18,9,15,22,5,26,6,21,24,4,11,0,1,25,8,3
59;98;11275;6346;27,21,1,28,9,25,8,24,23,5,14,15,11,18,12,16,7,4,20,29,2,19,13,10,0,3,22,17,26,6
60;99;10398;5303;25,10,3,8,17,7,20,13,4,19,9,12,23,27,21,5,16,2,28,29,18,1,15,14,11,0,24,22,26,6
61;117;14421;7523;21,22,6,23,5,26,28,4,17,9,10,0,19,29,20,13,25,14,7,27,16,3,2,1,15,8,12,18,11,24
62;79;9018;5267;14,7,10,5,28,2,27,4,13,29,22,12,20,16,17,26,25,0,19,15,18,8,6,3,11,1,21,23,9,24
63;94;10386;5278;5,8,25,28,26,21,9,1,22,23,14,12,29,19,2,16,3,7,27,10,18,20,13,4,11,17,24,15,0,6
64;47;4983;2536;16,7,20,14,10,19,3,2,13,29,28,15,8,9,22,5,1,26,27,23,6,25,24,21,0,17,11,12,18,4
65;83;10795;5902;27,21,1,28,9,25,8,24,23,5,13,12,7,19,10,29,0,20,3,16,18,14,4,2,11,15,6,17,26,22
66;74;8139;4281;14,2,0,29,7,16,19,15,13,20,12,26,21,28,23,11,25,9,18,5,22,27,6,8,17,1,4,3,10,24
67;55;5444;3185;1,11,21,16,14,18,29,23,12,27,8,22,4,10,17,3,28,20,25,19,6,9,24,7,26,5,13,15,0,2
68;65;7208;3608;25,17,21,7,20,1,19,23,3,16,22,12,28,5,14,8,15,29,26,27,18,9,13,2,11,0,6,4,10,24
69;106;11734;6808;5,18,11,27,25,14,8,12,1,29,23,15,7,19,16,9,10,17,21,26,20,28,6,22,0,4,24,13,3,2
70;69;7234;3631;25,7,13,8,10,3,20,24,4,19,28,12,2,27,18,5,16,14,9,29,15,23,0,21,11,1,17,22,26,6
71;88;10801;5725;5,20,0,14,8,16,25,15,17,1,23,12,27,29,2,21,19,4,9,10,18,28,13,7,11,3,24,22,26,6
72;88;10370;5649;28,1,23,5,26,9,8,21,22,25,27,13,14,19,29,20,11,10,17,3,7,16,4,18,2,12,24,0,15,6
73;71;7254;3775;9,18,11,8,14,28,29,12,5,27,1,15,21,23,16,3,10,20,25,19,2,17,24,7,0,4,6,22,26,13
74;89;11256;5826;7,14,2,19,0,29,16,13,15,20,5,26,9,25,8,28,10,23,27,21,22,3,6,1,17,4,18,12,11,24
75;71;8114;4357;1,18,11,8,26,3,17,12,22,25,7,29,5,28,21,19,0,23,10,9,27,20,2,16,14,15,24,4,13,6
76;54;6317;3708;27,23,0,28,8,21,9,15,25,5,22,4,20,19,10,17,29,7,26,16,13,3,24,14,6,2,12,18,11,1
77;67;8104;4065;3,7,10,17,0,19,16,4,15,20,22,21,28,5,9,6,29,25,26,8,1,14,13,27,23,2,11,12,18,24
78;57;5464;2869;3,12,0,8,11,18,1,15,24,25,21,14,5,28,27,9,20,7,23,19,29,16,13,10,2,4,6,22,26,17
79;82;9028;4556;10,17,26,7,4,20,16,22,6,19,14,1,5,9,8,27,11,21,29,23,3,28,13,18,25,12,2,15,0,24
80;88;10388;5976;18,9,23,27,10,28,8,21,4,5,14,15,16,20,11,2,7,17,29,26,12,19,6,22,0,13,1,3,25,24
81;74;8578;4357;19,25,3,16,26,8,17,1,22,20,10,21,5,28,9,14,2,18,7,27,11,29,12,4,23,13,6,15,0,24
82;93;10381;5303;23,22,15,9,5,26,28,0,6,17,25,16,27,2,29,1,3,19,8,7,20,21,13,10,14,4,12,11,18,24
83;71;7689;4184;29,10,3,14,7,19,16,13,4,20,1,11,21,23,18,25,26,28,27,9,22,8,6,5,12,17,24,15,0,2
84;88;10797;5572;7,16,0,10,14,20,29,15,2,19,28,22,9,23,17,5,3,8,27,25,26,21,24,1,6,13,11,12,18,4
85;86;9932;5039;27,18,11,28,0,5,25,12,15,8,29,6,3,19,10,2,26,7,14,20,13,16,24,17,4,22,21,23,9,1
86;83;10347;5809;27,18,11,8,23,5,9,12,21,28,22,15,20,16,6,17,29,10,26,19,4,14,2,7,0,13,24,3,25,1
87;58;6338;3266;7,10,3,28,8,25,9,13,4,5,20,12,16,14,0,19,21,18,17,29,15,1,2,27,11,23,24,26,22,6
88;75;9029;4707;14,2,0,29,7,16,19,15,13,20,21,26,23,9,8,25,12,5,1,28,22,27,6,11,17,18,4,10,3,24
89;67;8113;4136;5,22,9,20,26,23,17,28,6,21,19,12,27,29,2,10,14,3,7,25,18,8,13,1,11,4,15,0,16,24
90;73;8568;4950;20,2,0,19,27,16,29,15,13,14,23,12,17,26,18,9,7,22,21,28,6,5,24,4,11,10,1,25,8,3
91;96;12155;6280;3,16,20,10,14,19,29,13,2,7,1,22,21,23,17,25,15,9,27,28,6,8,24,5,26,0,12,11,18,4
92;82;9909;5041;3,8,26,9,23,25,21,22,17,1,28,12,14,29,2,27,20,10,5,19,18,16,4,7,11,13,6,0,15,24
93;69;8123;4697;29,28,5,21,8,9,27,14,25,23,19,22,20,4,17,7,3,11,16,12,6,10,24,18,26,13,2,15,0,1
94;98;11711;6229;10,27,7,20,14,29,16,2,13,19,28,15,12,11,4,18,23,22,5,26,6,9,24,17,0,21,1,8,25,3
95;75;9020;4502;5,3,25,14,0,17,16,1,15,20,23,6,9,28,26,8,29,10,21,7,4,19,13,27,22,2,12,11,18,24
96;76;9031;5255;16,18,12,27,13,5,29,11,2,14,20,26,21,9,23,7,3,8,19,25,22,28,24,1,17,10,6,0,15,4
97;68;7229;3772;18,17,11,3,16,4,19,12,20,10,14,22,25,5,8,1,2,9,29,28,26,27,24,13,6,7,15,23,21,0
98;70;7673;4097;9,18,11,21,22,17,26,12,6,23,25,13,28,27,10,1,16,19,8,29,7,5,2,14,3,20,24,0,15,4
99;76;9028;4623;1,29,27,28,23,14,9,2,21,5,0,4,19,20,7,16,8,22,15,17,6,3,24,26,10,25,12,11,18,13
100;129;14894;8176;28,18,11,27,2,5,29,12,13,14,8,15,7,19,16,25,23,10,9,3,20,1,4,17,0,21,6,22,26,24
101;94;10376;5518;27,18,11,5,23,21,9,12,1,28,29,4,16,20,19,13,17,0,14,15,7,3,24,2,10,6,22,26,8,25
102;70;7243;3928;3,10,13,29,19,20,16,4,7,14,26,12,25,8,1,22,28,23,17,9,18,5,6,21,11,27,24,15,0,2
103;54;5425;3360;9,22,6,18,12,26,11,4,24,17,25,20,27,29,14,1,5,19,8,10,16,3,13,7,2,28,0,23,21,15
104;86;10384;6040;1,18,11,25,8,5,9,12,4,28,3,2,29,14,7,10,21,16,27,19,0,17,15,20,13,23,24,22,26,6
105;102;11746;6177;8,18,11,25,13,4,3,12,24,1,23,0,21,27,14,5,10,20,9,29,16,28,2,19,15,7,22,26,17,6
106;94;10817;5817;3,8,25,21,26,9,17,1,22,23,28,12,2,29,13,27,16,10,5,7,18,14,4,19,11,20,6,0,15,24
107;94;11682;5913;2,14,16,7,11,19,18,20,12,29,15,26,21,28,23,27,1,9,0,8,22,5,6,25,17,24,3,4,10,13
108;57;5462;2786;3,16,0,4,7,20,19,15,24,10,21,12,26,1,22,23,28,25,17,8,18,9,6,5,11,27,13,14,29,2
109;66;7667;4381;27,3,10,9,25,21,8,4,1,23,28,15,17,19,20,22,29,16,5,7,0,26,13,2,6,14,12,18,11,24
110;55;5450;2789;3,26,22,25,28,5,9,13,6,8,12,15,23,21,17,11,19,16,18,14,20,27,2,29,0,1,4,10,7,24
111;80;8603;4491;27,8,25,28,23,21,9,1,26,5,29,12,13,3,18,16,17,10,14,19,4,20,24,7,11,2,6,15,0,22
112;71;7243;3723;18,16,12,7,14,20,29,11,13,19,17,23,25,8,1,27,10,26,3,9,22,5,6,28,21,4,2,15,0,24
113;83;9034;5204;20,18,12,16,7,29,19,11,2,14,15,25,21,23,9,27,17,26,0,5,8,28,24,22,1,6,4,3,10,13
114;76;9448;4794;5,25,3,2,14,8,29,13,1,27,16,15,28,9,26,20,10,17,19,23,22,7,6,21,0,4,24,12,11,18
115;89;9070;4728;5,12,6,28,26,11,17,4,22,18,25,15,20,19,16,1,10,14,8,29,2,27,13,7,0,3,24,21,23,9
116;110;12180;6959;27,21,1,28,9,25,8,24,23,5,29,15,11,12,16,18,7,20,14,19,2,3,4,10,0,13,6,17,26,22
117;82;10762;5441;27,9,28,1,23,8,21,5,24,25,13,12,7,10,2,29,0,20,3,19,18,14,4,16,11,15,6,17,26,22
118;91;10398;5301;8,10,3,25,19,7,20,13,16,1,15,12,17,26,18,21,5,22,0,9,6,23,24,28,11,4,2,29,27,14
119;76;9025;5090;3,26,22,0,25,17,8,6,1,15,28,12,2,29,13,27,16,10,5,7,18,14,4,19,11,20,21,23,9,24
120;82;9477;5094;28,23,26,5,1,9,25,22,21,8,10,15,16,20,17,19,2,11,3,18,12,7,24,4,0,6,13,14,29,27
121;81;9030;4661;28,26,22,5,25,17,8,6,1,9,14,12,4,10,18,29,20,3,27,19,13,16,24,7,11,2,15,0,21,23
122;76;7711;4272;2,18,12,16,15,4,0,11,17,20,7,23,14,5,28,10,3,8,19,27,21,29,1,25,9,13,24,22,26,6
123;43;4523;2814;10,20,19,4,11,17,12,16,3,18,29,15,2,7,22,13,8,26,14,28,6,27,24,5,0,9,21,23,25,1
124;56;6322;3235;19,20,10,28,23,7,21,4,17,9,25,15,27,29,14,1,3,16,8,18,0,5,12,11,2,13,24,22,26,6
125;58;6770;3618;3,18,11,8,1,15,25,12,24,0,10,23,2,27,28,7,16,5,4,29,21,19,13,14,9,20,17,22,26,6
126;109;12612;6508;21,1,3,5,29,25,27,13,14,8,22,15,20,19,16,17,9,7,26,10,6,28,24,4,0,23,11,12,18,2
127;67;7235;4216;29,5,14,27,25,28,8,2,1,9,19,12,10,3,4,20,26,6,16,17,18,7,24,13,11,22,15,23,21,0
128;68;8571;4504;29,9,23,14,8,28,27,21,25,5,19,22,11,12,17,20,3,4,16,18,6,7,24,10,26,13,2,0,15,1
129;78;10320;5211;7,22,6,13,11,26,18,4,12,17,25,21,5,28,9,1,19,27,8,29,14,3,16,10,23,20,15,2,0,24
130;105;11312;6660;4,17,22,10,16,26,19,6,20,7,14,21,8,25,9,27,3,1,29,5,11,28,12,18,23,13,2,0,15,24
131;79;8580;4279;13,10,4,16,17,7,20,6,3,19,14,23,28,26,22,27,15,1,29,8,9,5,2,25,21,0,12,11,18,24
132;85;10373;5280;29,10,3,14,7,19,20,13,4,16,15,26,28,5,9,2,1,23,0,21,8,27,6,25,22,17,11,12,18,24
133;70;7699;4460;27,18,11,22,8,5,26,12,9,28,29,15,10,19,7,13,17,16,14,20,0,3,24,4,2,6,1,21,23,25
134;66;8104;4375;14,16,0,29,11,20,18,15,12,19,28,21,9,26,22,5,3,1,27,8,6,17,24,25,23,13,4,10,7,2
135;102;12604;6489;25,7,13,8,10,3,20,24,4,19,9,15,23,21,16,5,18,14,28,29,2,27,12,11,0,1,17,22,26,6
136;76;8569;4675;29,20,16,13,4,19,10,14,24,7,15,12,21,23,1,2,28,25,0,8,18,27,5,9,11,3,22,26,17,6
137;73;8593;4549;23,18,12,16,0,1,14,11,15,21,9,6,17,20,26,28,25,7,5,19,4,8,24,10,22,3,13,27,29,2
138;65;7667;4022;27,7,2,16,19,29,20,24,13,14,28,12,21,23,0,9,25,17,5,26,11,8,18,22,15,1,4,3,10,6
139;66;7240;3778;18,26,11,27,9,22,5,12,8,28,4,15,29,14,13,10,17,16,3,19,0,7,24,20,2,6,1,23,21,25
140;76;9885;5794;29,9,23,14,8,28,5,21,25,27,10,15,4,26,22,19,13,17,3,20,0,7,24,16,6,2,12,11,18,1
141;75;9442;5321;3,18,10,20,11,7,16,4,12,19,14,23,28,5,9,27,17,25,29,8,1,13,22,26,21,6,2,15,0,24
142;82;10366;5564;23,14,0,1,29,16,27,15,2,21,9,22,20,19,17,28,25,4,5,7,26,8,24,10,6,3,12,18,11,13
143;65;6789;3872;5,18,11,28,23,4,21,12,24,9,10,13,16,29,14,19,0,25,7,27,1,20,2,8,3,15,17,22,26,6
144;89;10367;6033;2,15,23,19,20,0,7,21,17,16,28,12,8,25,5,27,10,1,9,14,18,29,13,3,11,4,6,22,26,24
145;95;11265;6244;27,21,1,28,9,25,8,24,23,5,10,12,2,29,18,7,20,0,4,14,15,19,13,16,11,3,22,17,26,6
146;97;10405;7497;18,11,6,17,15,22,0,4,12,26,16,13,14,29,25,19,5,27,20,8,1,10,2,7,3,28,21,9,23,24
147;83;9917;5598;16,11,0,8,18,1,5,15,12,25,23,6,17,3,26,9,19,13,21,10,4,28,24,7,22,20,2,29,27,14
148;54;5897;3073;27,25,1,28,21,8,9,24,23,5,18,15,11,16,12,14,10,20,3,19,2,29,13,7,0,4,6,17,26,22
149;70;7673;5749;8,20,2,27,16,19,14,13,3,29,15,12,4,17,18,10,5,22,0,26,6,7,24,28,11,9,1,23,21,25
150;98;10836;6152;18,25,3,12,26,8,17,1,22,11,21,16,28,7,19,9,2,29,23,27,14,5,13,10,20,4,24,0,15,6
151;63;6357;3299;27,8,25,28,23,21,9,1,26,5,14,12,13,3,18,29,20,10,2,19,4,16,24,7,11,17,6,15,0,22
152;54;7180;5446;2,20,4,7,16,17,19,6,24,10,3,21,27,8,25,29,26,9,18,5,23,14,13,28,1,22,15,12,11,0
153;83;10342;6193;27,8,26,5,23,25,9,22,21,28,14,4,15,16,0,2,3,7,29,19,10,13,24,20,6,17,12,11,18,1
154;75;9889;5731;27,8,26,5,23,9,21,22,25,28,29,4,16,19,20,13,3,7,14,0,10,2,24,15,6,17,12,11,18,1
155;79;9470;6967;10,27,7,20,14,29,16,2,13,19,28,12,0,15,18,9,26,4,5,23,6,21,24,22,11,17,1,25,8,3
156;67;8119;4336;7,16,0,10,14,20,29,15,2,19,1,22,21,23,17,8,3,9,27,28,6,25,24,5,26,13,12,11,18,4
157;83;9476;5198;3,7,10,14,16,19,20,4,13,29,26,23,25,8,1,22,18,9,17,28,11,27,12,5,21,6,2,15,0,24
158;84;9908;6188;3,23,25,28,27,8,5,1,21,9,7,12,4,20,18,19,0,17,10,26,6,16,24,22,11,15,13,14,29,2
159;67;7685;4021;3,7,10,20,15,19,0,4,2,16,14,21,5,8,25,27,17,9,29,26,23,28,6,22,1,13,11,12,18,24
160;71;8567;4726;5,15,23,28,26,0,17,21,22,9,25,13,20,16,19,1,2,10,8,29,7,27,24,14,3,4,18,12,11,6
161;105;12191;7564;20,2,0,19,27,16,29,15,13,14,23,12,17,26,22,9,7,18,21,5,6,28,24,4,11,10,1,25,8,3
162;87;9931;5007;3,16,0,29,10,20,19,15,4,14,28,23,25,8,9,5,11,26,27,1,22,18,6,17,21,12,24,2,7,13
163;72;8560;4439;2,16,0,10,20,4,7,15,24,19,14,18,3,8,25,27,28,21,29,23,12,5,11,9,1,13,6,22,26,17
164;65;8095;5113;28,6,26,7,10,17,3,22,4,13,25,15,11,18,12,1,19,27,8,29,0,5,16,14,2,20,21,9,23,24
165;86;11234;5853;27,23,21,28,8,25,9,1,24,5,29,12,7,19,3,13,0,10,14,16,18,2,4,20,11,15,6,26,17,22
166;93;11256;5990;5,25,3,2,14,8,29,13,1,27,23,0,26,17,22,9,7,20,21,16,6,28,4,19,15,10,11,12,18,24
167;88;10372;6100;5,29,27,28,19,14,20,2,7,16,21,12,1,25,18,23,26,0,9,3,15,8,24,17,11,22,6,4,10,13
168;67;7242;3635;8,3,25,7,16,20,19,1,13,10,28,12,23,17,18,9,15,22,5,26,6,21,24,4,11,0,2,27,29,14
169;67;6791;3556;21,18,11,27,5,2,14,12,13,29,9,0,20,19,16,28,22,4,23,10,6,17,24,7,15,26,3,25,8,1
170;98;11270;6437;19,20,10,28,23,7,21,4,17,9,14,12,2,0,15,29,8,3,16,1,18,27,13,25,11,5,24,22,26,6
171;94;11270;5704;9,1,23,8,12,25,18,21,11,3,5,15,14,29,16,27,13,20,28,19,2,7,4,10,0,6,24,22,26,17
172;98;10834;5571;28,18,1,9,11,25,8,4,12,5,21,15,14,29,16,27,3,20,23,19,2,10,13,7,0,17,24,22,26,6
173;74;9456;5449;16,22,6,20,11,26,18,4,12,17,7,21,29,27,14,10,8,9,19,28,23,3,1,5,13,25,2,0,15,24
174;65;7231;3726;5,19,16,28,2,14,29,20,7,27,25,12,21,23,18,1,3,0,8,17,15,9,24,26,11,22,6,4,10,13
175;72;7696;3915;27,22,17,5,9,23,28,6,26,21,13,15,20,19,16,7,18,14,3,29,2,10,12,11,0,4,24,1,25,8
176;92;12135;6735;2,4,12,14,10,18,3,11,13,29,28,15,8,26,22,5,21,17,27,9,6,25,24,23,0,1,20,19,16,7
177;76;9453;4840;9,18,4,28,11,10,7,6,12,5,29,13,16,8,25,14,21,1,27,20,26,19,22,17,3,23,2,15,0,24
178;57;5887;3065;18,12,0,17,19,11,20,15,7,16,2,21,27,8,25,29,22,9,13,5,23,14,6,28,1,26,4,3,10,24
179;89;9924;5167;13,10,4,3,17,7,20,24,6,19,28,12,0,16,15,5,21,14,9,29,18,23,2,27,11,1,22,25,8,26
180;85;9046;4927;27,25,3,29,8,1,5,18,13,14,11,15,7,19,10,28,23,16,12,20,0,9,4,17,2,21,6,22,26,24
181;79;9478;4775;29,9,23,14,25,28,8,21,5,27,22,0,20,16,6,17,3,10,26,19,4,2,24,7,15,13,11,12,18,1
182;83;9910;5061;20,18,11,16,7,14,19,12,13,29,27,21,25,8,9,28,15,22,2,26,23,5,6,17,1,0,4,10,3,24
183;63;8549;5034;27,9,28,3,21,8,23,5,1,25,26,15,14,29,16,17,7,20,22,19,2,13,12,11,0,18,6,4,10,24
184;76;8568;4404;2,20,0,7,4,16,10,15,17,19,14,12,28,9,5,27,3,21,29,23,18,8,1,25,11,13,24,22,26,6
185;85;9898;5020;18,17,11,8,23,26,9,12,21,22,5,15,14,29,16,27,4,20,28,19,2,10,13,7,0,6,24,3,25,1
186;78;9485;5373;17,26,22,27,8,28,25,6,9,5,7,12,4,13,18,10,16,2,3,29,15,19,0,14,11,20,24,21,23,1
187;113;13057;6865;5,16,20,28,19,14,29,2,7,27,8,15,1,21,23,25,26,11,9,18,12,3,24,17,0,22,6,4,10,13
188;74;9040;4516;28,21,1,5,29,23,27,13,14,9,25,22,20,7,17,3,11,4,8,10,6,19,24,18,26,12,15,0,16,2
189;74;9001;5093;1,26,17,21,23,8,9,24,22,25,16,12,19,10,3,14,28,7,20,29,18,27,13,2,11,5,4,15,0,6
190;82;8601;4602;21,25,3,5,14,8,29,13,1,27,9,6,17,20,26,28,0,10,23,19,4,16,24,7,22,15,12,11,18,2
191;88;10386;5229;28,23,21,5,17,9,8,1,26,25,12,10,20,16,19,18,27,13,11,14,7,3,24,29,4,2,6,15,0,22
192;40;4526;2343;27,18,4,14,11,2,13,24,12,29,25,23,3,10,28,1,0,7,8,19,21,5,20,16,9,15,22,26,17,6
193;53;5879;3163;29,9,8,14,21,5,27,25,23,28,22,12,6,17,18,13,19,10,26,3,4,7,24,20,11,16,2,0,15,1
194;65;8545;4734;27,8,25,28,23,21,9,1,24,5,14,15,20,19,16,29,18,7,3,11,2,10,13,12,0,4,6,17,26,22
195;86;10360;5300;2,20,0,7,4,16,10,15,24,19,1,12,14,29,5,25,21,28,3,27,18,8,13,9,11,23,22,26,17,6
196;86;9928;5188;18,21,11,3,9,1,8,12,23,25,28,15,14,20,16,27,13,10,5,19,2,29,4,7,0,6,22,26,17,24
197;81;9466;5226;3,18,4,25,11,5,14,6,12,1,13,23,27,8,9,2,19,22,29,28,26,10,17,7,21,20,15,0,16,24
198;77;8588;4315;17,20,3,29,10,16,19,13,7,14,28,23,25,8,1,5,12,9,27,26,0,18,15,22,21,11,6,4,2,24
199;62;7213;3673;3,10,13,20,16,14,19,4,7,29,28,12,9,8,5,22,17,25,27,23,18,26,1,21,11,6,24,15,0,2
200;96;11279;6307;5,20,23,28,15,9,0,21,17,16,7,12,10,2,4,14,27,3,19,1,18,29,13,25,11,8,24,22,26,6
201;55;6318;3234;29,3,25,19,26,8,10,1,22,27,9,15,21,23,11,5,18,17,28,16,12,14,6,20,0,4,24,2,7,13
202;45;4544;2356;2,4,12,14,10,18,3,11,13,29,28,23,22,17,26,5,15,8,27,25,9,6,24,1,21,0,20,19,16,7
203;63;7231;3660;5,22,23,28,4,26,17,21,6,9,25,0,27,29,14,1,7,20,8,19,16,3,2,10,15,13,11,12,18,24
204;74;8552;4717;2,10,4,16,0,7,20,24,15,19,9,21,8,3,25,5,29,12,28,18,1,27,13,11,23,14,22,26,17,6
205;65;7663;4119;27,1,23,28,5,25,9,21,18,8,14,6,20,17,26,16,3,13,29,10,4,19,24,7,22,2,12,15,0,11
206;64;7653;3908;5,19,20,28,14,16,29,2,7,27,15,1,11,12,21,18,26,23,0,9,25,17,24,8,3,22,6,4,10,13
207;115;12641;6519;9,17,23,8,3,1,25,21,20,26,5,15,11,18,12,27,22,14,28,29,2,16,6,13,0,4,7,10,19,24
208;100;12146;6947;7,26,22,19,0,17,16,6,15,20,4,1,9,23,21,28,29,8,10,5,25,18,13,27,3,14,12,11,2,24
209;86;9942;4998;17,7,4,3,16,10,20,6,13,19,25,12,21,23,9,8,29,28,1,5,18,27,22,26,11,14,2,0,15,24
210;73;7690;3992;28,21,0,5,9,1,8,15,23,25,14,12,29,19,2,16,3,13,27,7,18,20,4,10,11,24,17,22,26,6
211;69;8570;5048;27,23,21,5,8,9,25,1,26,28,12,13,3,29,10,18,20,19,11,14,7,2,24,16,4,17,6,15,0,22
212;75;9454;4759;7,12,15,2,4,11,13,0,24,18,28,21,27,29,16,9,10,20,5,19,14,8,1,25,23,3,22,26,17,6
213;89;10818;5444;5,22,26,28,4,23,9,17,6,21,25,15,27,29,14,1,10,16,8,19,2,3,13,20,0,7,12,11,18,24
214;97;12144;6789;5,26,20,1,16,8,14,17,22,25,3,12,21,23,13,7,27,9,19,28,18,29,4,10,11,2,24,0,15,6
215;87;9504;4749;2,20,0,7,4,16,10,15,17,19,29,12,21,23,1,27,28,25,14,8,18,5,13,9,11,3,24,22,26,6
216;79;9025;4557;3,12,18,7,17,11,19,4,20,10,13,26,27,25,8,29,21,5,2,28,22,14,6,9,1,23,15,0,16,24
217;73;8141;4892;7,22,13,2,15,26,0,24,6,17,16,21,3,8,25,19,28,27,20,29,23,10,9,14,1,5,18,11,12,4
218;85;9921;5025;29,15,2,19,20,0,16,6,17,14,8,12,5,25,1,9,7,4,27,3,18,28,24,10,11,13,22,21,23,26
219;96;12592;6458;25,18,11,3,14,2,29,12,1,27,9,0,17,20,16,26,28,10,8,19,4,22,6,7,15,5,24,21,23,13
220;107;12195;6960;10,4,15,7,23,9,21,0,24,28,20,12,3,25,1,16,27,14,19,5,18,8,13,29,11,2,22,26,17,6
221;86;10823;5595;27,18,11,28,25,5,9,12,1,8,4,6,17,20,26,10,29,7,3,19,13,14,24,16,22,2,15,21,23,0
222;112;14398;8037;29,18,11,27,1,14,25,12,5,8,16,15,17,26,22,20,3,4,2,10,6,19,24,7,0,13,23,9,28,21
223;76;8160;4242;20,27,28,16,7,29,19,5,2,14,25,15,21,23,11,1,3,18,8,17,12,9,24,26,0,22,6,4,10,13
224;113;15277;7924;7,14,10,20,18,29,16,4,2,19,28,22,9,23,8,5,3,25,27,21,26,17,24,1,6,13,11,15,0,12
225;80;9903;5816;5,2,15,27,1,18,25,0,3,8,14,20,19,7,16,28,23,26,29,22,17,9,12,11,13,21,6,4,10,24
226;94;10836;5509;2,18,11,27,5,14,28,12,13,29,25,15,16,19,20,3,22,10,8,7,4,26,24,17,0,6,1,23,21,9
227;98;10840;5470;28,23,26,5,1,9,25,22,21,8,11,15,20,19,16,12,3,7,18,10,2,17,24,4,0,6,13,14,29,27
228;97;10840;6409;19,9,23,20,17,28,7,21,4,10,25,12,27,2,15,1,16,0,8,29,18,5,13,14,11,3,24,26,22,6
229;55;5892;2982;16,15,2,20,11,0,12,24,4,18,7,23,28,27,5,10,25,14,19,29,21,8,13,1,9,3,22,26,17,6
230;89;10367;5394;27,9,23,8,1,28,25,21,18,5,14,6,26,17,22,16,3,7,29,20,4,19,24,10,13,2,11,15,0,12
231;67;7666;4191;3,23,21,9,26,25,17,1,22,8,5,12,18,14,0,27,7,16,28,29,15,20,2,19,11,10,4,13,6,24
232;89;9936;5359;28,21,15,5,9,1,8,0,23,25,16,12,10,3,4,19,27,13,20,14,18,7,24,29,11,2,22,17,26,6
233;70;7695;3894;23,3,10,21,16,19,20,4,7,17,12,22,28,5,9,18,29,25,11,1,8,14,6,27,26,13,2,15,0,24
234;110;13505;7275;3,7,10,17,0,19,16,4,15,20,29,23,28,5,9,14,1,26,2,8,22,27,6,25,21,13,11,12,18,24
235;98;10852;6308;28,23,21,5,17,9,8,1,26,25,3,13,10,14,29,4,12,19,27,16,7,18,24,20,2,11,6,0,15,22
236;79;8594;4847;18,5,9,29,8,28,27,23,21,14,26,15,20,19,16,17,11,7,22,10,2,6,24,4,0,12,3,25,1,13
237;125;14434;8248;8,2,0,19,16,27,20,15,14,29,13,12,4,17,18,10,5,22,3,26,6,7,24,28,11,9,23,25,1,21
238;70;8107;4393;29,2,15,14,9,27,5,0,8,28,26,12,17,20,18,6,3,10,22,19,4,16,24,7,11,13,21,1,25,23
239;91;9959;5200;3,23,26,9,1,21,25,22,17,8,13,15,20,19,16,29,28,7,27,10,2,14,6,4,0,5,12,11,18,24
240;67;8564;4700;2,22,6,16,0,26,17,4,15,20,7,3,29,27,14,10,9,25,19,8,1,28,21,5,13,23,11,12,18,24
241;88;9927;5039;27,9,23,26,8,28,5,21,25,22,29,15,16,19,20,13,17,7,14,10,2,3,24,4,0,6,11,12,18,1
242;71;7673;4170;29,15,2,14,7,0,19,13,20,16,28,12,8,9,25,5,10,1,27,23,18,3,4,21,11,6,24,22,26,17
243;80;9476;5096;8,1,3,19,14,25,29,13,2,27,7,12,5,4,18,28,23,22,10,26,6,9,24,17,11,21,0,15,20,16
244;68;7677;4264;3,16,20,10,11,19,18,17,12,7,14,26,1,21,25,27,2,23,29,9,22,28,6,5,8,13,24,15,0,4
245;87;10800;5365;23,18,12,21,16,29,14,11,13,27,9,22,20,19,17,28,25,10,5,7,6,8,4,3,26,1,24,15,0,2
246;77;9468;4813;9,6,26,23,11,17,18,22,12,4,5,14,29,19,20,21,25,7,28,10,13,27,1,3,16,8,2,15,0,24
247;61;7226;4419;7,2,0,19,20,14,16,15,13,29,28,12,9,23,21,5,10,1,27,25,18,8,24,3,11,4,6,26,22,17
248;88;11253;6020;5,19,16,28,2,14,29,20,7,27,23,12,22,26,17,9,25,15,21,0,18,8,24,1,11,3,6,4,10,13
249;82;9470;4815;8,18,25,27,11,5,29,1,12,14,9,6,17,20,26,23,16,7,28,19,4,21,24,10,22,3,13,0,15,2
250;90;10814;6305;16,11,0,27,18,2,29,15,12,14,20,22,28,5,4,7,25,17,19,9,26,10,24,8,6,3,1,23,21,13
251;80;9892;4932;10,25,3,19,9,8,26,24,1,7,28,12,6,13,18,5,16,2,22,29,15,27,0,14,11,4,17,23,21,20
252;95;11277;5720;27,21,1,28,9,25,8,24,23,5,12,15,20,19,16,18,3,14,11,29,2,7,4,10,0,13,6,26,17,22
253;72;8131;4859;29,15,2,14,19,0,20,13,7,16,12,26,5,28,9,11,25,23,18,21,22,27,6,8,17,1,4,3,10,24
254;74;9014;4556;17,26,22,27,8,28,25,6,9,5,13,12,4,18,0,10,29,16,3,19,15,7,2,20,11,14,24,21,23,1
255;69;8559;4388;3,10,7,20,29,19,14,13,2,16,28,15,25,8,9,5,17,21,27,26,23,1,24,22,0,6,11,12,18,4
256;75;9008;4858;8,18,11,19,17,25,26,12,3,20,9,15,23,21,16,28,22,14,1,27,2,5,13,29,0,6,4,10,7,24
257;58;6784;3945;0,18,11,15,23,5,9,12,21,28,14,6,20,17,26,16,3,13,29,7,4,19,24,10,22,2,25,27,8,1
258;85;9479;4921;14,2,0,29,7,16,19,15,13,20,21,12,9,8,25,23,17,5,27,26,11,28,18,22,1,6,4,3,10,24
259;99;12149;6176;1,2,21,16,0,27,29,23,15,14,19,22,10,3,4,7,9,17,20,25,26,28,24,8,6,5,11,12,18,13
260;59;6340;3926;17,3,13,16,10,20,7,6,4,19,14,12,21,23,5,27,26,25,29,9,18,28,1,8,11,22,2,15,0,24
261;56;6329;3288;5,22,6,9,7,26,10,13,4,28,29,18,8,27,25,14,20,3,19,21,12,16,11,23,1,17,0,15,2,24
262;67;8112;4094;0,22,6,15,11,26,18,4,12,17,25,13,14,16,29,27,1,19,8,20,7,3,24,10,2,21,23,9,28,5
263;72;8571;4473;28,17,23,10,16,9,19,21,20,7,26,12,27,29,2,8,3,14,22,5,18,25,13,1,11,6,24,0,15,4
264;70;8558;5055;9,1,25,19,16,3,20,8,4,10,2,11,17,26,18,29,28,22,27,13,6,14,24,5,12,7,15,23,21,0
265;79;8155;4075;14,2,0,29,20,16,7,15,13,19,23,12,9,5,18,28,3,1,21,8,6,27,4,25,11,10,22,26,17,24
266;114;13549;6910;5,11,23,28,4,12,18,21,17,9,25,13,14,29,10,1,0,19,8,16,7,27,2,20,3,15,24,22,26,6
267;68;7226;4269;10,22,4,3,25,26,8,6,1,17,5,12,14,29,18,27,19,0,28,16,15,20,13,2,11,7,21,23,9,24
268;68;8095;4277;16,7,10,8,3,19,25,4,1,20,26,15,11,18,12,22,5,29,17,14,2,6,13,27,0,28,21,23,9,24
269;94;11265;5719;3,18,11,19,17,10,20,12,4,7,23,15,25,8,1,21,28,5,16,27,14,9,2,29,0,13,24,22,26,6
270;97;11270;6443;6,26,15,9,21,22,23,0,8,17,28,12,20,19,16,27,7,14,5,29,18,2,4,10,11,13,3,1,25,24
271;82;9474;4742;26,23,25,22,5,8,28,1,21,9,20,12,0,2,15,16,3,4,17,7,18,19,24,10,11,6,13,14,29,27
272;88;9929;5032;3,12,0,8,11,18,1,15,24,25,9,4,19,16,7,28,21,29,5,14,2,20,13,27,10,23,22,17,26,6
273;73;7700;4348;27,1,23,28,5,25,9,21,6,8,29,15,16,19,20,13,10,17,14,7,2,22,24,26,0,3,12,11,18,4
274;83;10353;5758;9,17,3,1,15,25,0,24,26,8,12,10,20,16,19,18,28,2,11,29,7,27,13,14,4,5,6,23,21,22
275;125;14882;7549;14,16,0,29,11,20,18,15,12,19,4,26,1,25,8,3,28,23,10,21,22,27,6,9,17,5,24,7,13,2
276;88;10810;6199;20,25,3,17,0,8,22,1,15,26,21,12,28,27,5,9,19,14,23,29,18,16,2,7,11,10,4,24,13,6
277;75;8573;4290;4,12,13,8,18,3,1,24,11,25,0,14,27,10,29,21,9,19,15,7,16,23,20,28,2,5,22,26,17,6
278;85;10350;5321;28,20,17,9,19,23,16,24,7,21,25,12,0,27,15,8,26,2,1,29,18,5,13,14,11,22,4,10,3,6
279;85;10814;6241;1,3,13,17,22,25,26,24,6,8,23,0,10,7,20,21,28,19,9,29,16,27,2,14,15,5,12,11,18,4
280;83;9895;4951;27,1,23,28,25,9,8,21,3,5,26,12,13,29,18,17,19,0,22,14,15,20,2,16,11,7,6,4,10,24
281;97;13013;6785;17,12,4,0,21,11,23,6,18,15,8,22,28,27,7,5,16,29,9,19,2,10,13,14,26,20,3,1,25,24
282;119;15719;8541;3,18,11,8,26,1,17,12,22,25,21,2,28,27,10,9,16,29,23,14,7,5,13,19,4,20,24,15,0,6
283;90;9936;5025;17,20,3,29,10,16,19,13,7,14,15,23,25,8,1,27,18,26,0,28,9,5,12,22,21,11,6,4,2,24
284;103;13012;7389;5,18,4,8,11,3,1,6,12,25,28,26,23,21,7,10,29,20,9,19,17,27,13,16,22,14,2,15,0,24
285;78;9035;4588;21,4,15,9,22,17,26,0,6,23,5,13,20,19,16,7,8,14,28,29,3,10,1,27,2,25,11,12,18,24
286;85;10819;5454;21,18,11,5,1,3,25,12,27,8,9,6,17,20,26,28,0,10,23,19,4,16,24,7,22,15,13,14,29,2
287;56;6765;3844;20,7,2,16,3,19,14,13,10,29,28,15,9,21,23,5,25,22,27,26,6,8,24,17,0,1,11,12,18,4
288;98;10858;5967;3,26,22,0,25,17,8,6,1,15,16,12,5,29,14,19,7,2,20,27,18,28,4,10,11,13,9,23,21,24
289;77;9452;4897;16,2,0,14,21,13,27,15,23,29,25,17,18,12,11,1,7,10,8,3,4,19,6,26,20,22,24,28,5,9
290;49;5433;2821;27,9,23,26,8,28,5,21,25,22,29,15,16,19,20,13,17,7,14,10,2,3,24,4,0,6,11,12,18,1
291;64;6798;3738;7,26,22,10,11,17,12,6,4,18,20,15,23,21,16,8,3,29,19,27,14,25,2,1,0,13,5,28,9,24
292;104;12172;6354;3,15,11,19,16,18,20,12,0,17,29,21,5,8,25,14,26,9,2,28,23,27,6,22,1,13,4,7,10,24
293;86;9502;5546;1,10,7,8,20,19,3,24,4,25,9,12,5,27,18,28,16,2,23,29,15,21,0,14,11,13,6,22,26,17
294;95;11273;6512;25,7,13,8,10,3,20,24,4,19,28,12,27,29,18,5,16,14,9,21,2,23,15,0,11,1,17,22,26,6
295;87;10795;5935;1,18,11,25,9,5,8,12,4,28,21,15,29,7,14,27,3,16,23,19,0,10,13,20,2,17,24,22,26,6
296;71;8997;5101;21,18,11,23,17,5,9,12,4,28,10,15,19,20,16,14,27,3,7,1,2,29,13,25,0,8,24,26,22,6
297;98;12576;7082;28,12,23,5,11,9,14,21,17,18,25,22,3,10,4,8,29,13,1,7,6,19,24,2,26,27,16,0,15,20
298;60;6341;3313;7,23,4,19,20,9,16,24,21,10,29,15,2,5,18,27,26,11,14,13,12,28,6,22,0,17,1,25,8,3
299;93;10382;5533;5,14,15,8,29,1,27,0,2,25,16,22,20,7,17,19,21,28,3,9,6,10,24,23,26,4,12,11,18,13
300;94;11707;6539;2,15,26,7,20,0,16,22,17,19,29,23,27,5,28,14,10,25,13,8,9,18,1,3,21,4,6,12,11,24
301;70;8123;4390;2,5,0,27,25,28,8,15,1,9,14,6,20,17,26,16,21,7,29,19,13,3,4,10,22,23,11,12,18,24
302;90;9943;5238;23,18,11,9,15,5,0,12,4,28,25,13,10,19,3,27,1,29,8,16,7,20,24,14,2,21,17,22,26,6
303;66;8992;5065;28,14,27,19,25,29,8,2,1,5,20,12,0,15,17,21,9,26,16,22,18,23,24,6,11,4,13,10,7,3
304;100;11306;6363;19,5,7,10,14,28,29,13,2,27,20,15,21,23,25,3,22,8,16,9,1,17,24,26,0,6,11,12,18,4
305;72;8146;4349;19,18,11,20,27,14,29,12,5,16,25,6,17,26,22,1,10,15,8,0,4,3,24,2,13,7,21,23,9,28
306;73;8554;5738;16,14,3,8,1,29,25,13,2,27,12,6,20,17,26,11,5,10,18,7,4,19,24,28,22,9,23,0,15,21
307;99;13452;7164;10,20,7,27,16,19,14,2,13,29,28,12,22,26,18,9,15,17,5,23,6,21,24,4,11,0,1,25,8,3
308;66;8539;4421;27,7,2,16,19,29,20,24,13,14,15,26,21,23,17,28,1,9,0,8,11,5,12,25,22,18,6,4,3,10
309;81;10772;6464;28,23,21,5,26,9,8,1,22,25,12,13,3,2,10,18,16,19,11,29,7,27,24,14,4,20,6,0,15,17
310;101;11294;6045;10,17,26,7,4,20,16,22,6,19,29,12,23,9,21,27,3,5,14,8,18,28,1,25,11,13,2,15,0,24
311;48;4978;2601;3,18,11,27,25,5,8,12,1,28,22,6,7,19,10,14,0,20,26,16,17,29,13,2,4,15,24,23,21,9
312;57;6337;4648;17,25,15,26,21,8,23,0,1,9,20,13,14,19,29,16,6,10,3,27,7,5,4,28,2,22,12,11,18,24
313;88;9938;4979;7,15,26,28,23,0,21,17,22,9,20,12,8,25,1,16,3,27,19,14,18,5,2,29,11,13,6,4,10,24
314;81;9897;5042;28,25,1,5,21,8,23,3,27,9,7,15,26,17,22,19,12,4,10,20,6,16,24,11,0,18,13,14,29,2
315;69;7256;4080;18,6,4,5,14,3,1,24,17,25,26,12,23,21,9,22,19,28,8,27,2,29,13,7,11,10,15,0,16,20
316;71;8563;4663;7,2,15,17,6,13,22,0,24,26,16,21,14,5,9,19,28,25,20,8,1,29,3,27,23,10,18,12,11,4
317;73;8150;4052;3,0,4,20,16,10,19,24,15,7,25,12,17,26,18,8,23,5,1,28,22,27,6,9,11,21,13,14,29,2
318;76;8566;4486;28,18,11,27,2,5,29,12,13,14,16,15,9,23,21,20,26,25,19,8,1,17,24,3,0,22,4,7,10,6
319;101;12142;6912;27,23,21,28,8,25,9,1,24,5,29,15,20,19,16,13,12,10,14,7,2,3,4,18,0,11,6,26,17,22
320;104;12183;6265;18,11,0,29,19,16,20,15,12,14,28,22,9,23,17,5,3,8,27,25,26,21,24,1,6,13,4,10,7,2
321;120;12663;7083;14,2,0,29,7,16,19,15,13,20,12,23,1,25,17,11,28,26,18,8,22,5,6,9,21,27,4,10,3,24
322;77;9887;4976;29,9,28,14,23,27,25,5,21,8,19,6,18,11,12,20,10,22,16,17,4,7,24,26,13,3,2,15,0,1
323;86;9483;4838;27,18,4,8,11,5,9,6,12,28,26,15,10,19,7,17,29,16,22,20,2,3,24,13,0,14,1,21,23,25
324;74;9006;4924;29,9,23,14,8,28,5,21,25,27,7,0,4,26,22,10,3,17,2,20,6,19,24,16,15,13,11,12,18,1
325;99;11715;6370;28,26,22,5,8,15,25,6,9,0,17,12,14,29,2,20,3,10,27,19,18,16,4,7,11,13,24,21,23,1
326;88;9937;4919;27,18,12,29,10,2,7,11,3,19,0,26,8,25,9,28,16,21,15,1,23,5,17,20,22,14,6,24,13,4
327;54;5885;3245;27,18,11,5,23,21,9,12,1,28,3,15,7,19,20,13,4,16,17,29,0,10,24,14,2,6,22,26,8,25
328;81;9029;5219;16,26,22,19,10,17,7,6,4,20,29,12,28,9,5,14,21,25,13,8,18,27,1,23,11,3,2,0,15,24
329;100;12618;6499;3,17,26,1,21,8,9,22,23,25,16,12,10,14,4,19,28,2,20,29,18,7,13,27,11,5,24,15,0,6
330;54;5448;2808;28,10,7,5,27,19,29,2,13,14,20,12,0,15,18,4,23,22,16,17,6,9,24,26,11,21,1,25,8,3
331;96;11266;6416;21,18,11,23,17,5,9,12,4,28,10,15,19,20,16,3,25,14,7,29,2,1,13,27,0,8,24,26,22,6
332;61;8543;4254;21,15,22,23,5,0,28,6,4,9,10,3,19,16,20,14,27,17,7,26,25,29,13,8,1,2,11,12,18,24
333;82;10334;5443;27,22,17,21,9,28,23,6,26,5,10,12,2,29,18,7,20,0,4,14,15,19,13,16,11,3,24,25,1,8
334;76;9013;5052;18,22,26,5,11,15,12,17,6,0,25,13,27,14,29,1,10,19,8,16,7,3,24,20,2,4,21,9,28,23
335;83;9475;4850;7,6,4,17,11,22,18,13,12,26,3,21,27,28,9,29,16,8,10,5,25,19,1,14,23,20,2,0,15,24
336;54;5450;2893;3,20,13,7,14,10,29,4,16,19,25,12,21,23,9,8,17,28,1,5,11,27,22,26,18,6,2,15,0,24
337;88;11236;6402;3,18,11,19,20,4,7,12,17,10,5,2,27,23,29,9,16,21,28,25,15,8,0,1,14,13,6,22,26,24
338;75;7710;3946;3,1,23,5,8,9,27,21,25,28,12,22,14,16,17,11,10,20,18,19,13,29,6,7,26,4,2,15,0,24
339;64;7662;3977;2,19,16,27,7,14,10,20,13,29,12,22,28,9,17,11,15,23,18,21,6,5,24,4,26,0,1,25,8,3
340;82;11221;5860;9,29,5,23,18,28,27,14,2,21,25,6,13,17,26,1,19,10,8,7,4,3,24,20,22,16,11,0,15,12
341;81;9904;5648;17,29,14,3,10,16,19,13,7,20,28,12,21,23,18,5,26,1,27,25,0,9,15,8,11,22,6,4,2,24
342;56;5885;3075;3,22,4,25,7,26,8,6,13,10,21,0,29,14,2,27,17,18,23,16,12,19,11,20,15,1,5,9,28,24
343;93;10830;5542;7,2,29,9,5,27,28,14,13,8,4,12,16,20,18,19,1,17,10,21,0,3,15,23,11,25,6,26,22,24
344;71;8576;4965;21,26,15,23,5,17,28,0,22,9,25,16,3,10,19,1,4,29,8,7,14,27,13,2,20,24,11,12,18,6
345;64;6798;3492;27,3,10,28,25,8,5,4,1,9,21,0,17,19,20,26,7,14,23,29,16,22,13,2,15,6,24,12,11,18
346;75;9884;5163;3,14,10,20,7,29,16,4,13,19,18,22,11,12,17,28,1,9,27,8,26,5,23,25,6,21,24,15,0,2
347;82;10794;5716;8,12,18,25,13,11,3,4,24,1,28,0,27,29,14,10,9,20,5,19,16,7,2,21,15,23,22,26,17,6
348;63;6346;3654;16,9,23,14,27,28,29,21,13,5,25,22,20,3,17,1,10,11,8,12,6,19,4,18,26,7,24,0,15,2
349;76;9880;5133;9,11,14,28,18,29,5,2,12,27,21,10,20,16,19,17,1,0,23,15,7,13,24,3,4,25,22,8,26,6
350;94;11272;5741;3,23,26,9,1,21,25,17,22,8,16,12,10,14,4,19,28,2,20,29,18,7,13,27,11,5,24,15,0,6
351;79;9466;5451;14,28,5,19,10,27,7,13,2,29,0,22,21,23,17,15,1,8,16,9,26,20,24,25,6,3,12,11,18,4
352;80;10357;5304;14,2,0,29,7,16,19,15,13,20,18,8,12,11,1,5,17,9,27,21,26,28,22,23,25,6,4,10,3,24
353;71;8138;4178;29,20,16,13,4,19,10,14,24,7,15,23,8,25,1,2,18,9,0,28,11,27,12,5,21,3,22,26,17,6
354;58;6354;3820;3,13,4,14,19,10,7,24,2,29,25,22,21,23,17,8,18,9,1,28,11,27,12,5,26,6,15,0,16,20
355;87;10372;5418;7,20,10,18,16,19,14,4,2,29,28,22,9,21,23,5,3,8,27,25,26,17,24,1,6,13,11,0,15,12
356;85;9905;5062;27,25,1,28,23,8,9,3,21,5,4,6,17,20,26,7,29,0,10,16,15,19,13,2,22,14,12,11,18,24
357;93;10380;5814;10,15,2,19,20,0,16,24,4,7,29,12,23,9,21,27,3,5,14,8,18,28,1,25,11,13,22,26,17,6
358;81;10779;5866;28,16,20,9,7,19,23,17,10,21,14,22,27,2,8,29,12,25,5,1,13,18,6,3,26,11,24,15,0,4
359;84;9919;5072;14,18,12,29,7,20,19,11,2,16,28,22,21,9,23,5,15,8,27,25,26,17,24,1,6,0,4,3,10,13
360;85;10816;6413;3,26,22,0,25,17,8,6,1,15,16,12,14,29,13,19,28,2,20,27,18,7,4,10,11,5,21,23,9,24
361;75;9889;5017;25,7,13,8,26,3,10,24,22,19,1,12,21,9,23,14,0,5,16,28,18,29,2,27,11,15,4,20,17,6
362;58;6345;3311;19,10,3,29,28,7,27,13,4,2,25,12,26,22,18,1,14,6,8,17,15,5,0,20,11,16,21,9,23,24
363;88;10368;5632;3,18,11,8,26,1,17,12,22,25,23,16,27,2,29,21,5,19,9,7,20,28,13,10,14,4,24,0,15,6
364;107;12178;6773;23,14,0,1,29,16,27,15,2,21,9,6,17,20,26,28,25,7,5,19,4,8,24,10,22,3,12,18,11,13
365;63;6777;3409;3,21,15,8,23,1,9,0,24,25,5,12,20,19,16,27,10,14,28,29,18,7,13,2,11,4,6,22,26,17
366;67;6807;3656;8,1,25,27,14,21,29,3,13,23,20,22,4,18,17,10,9,11,19,12,6,7,24,28,26,5,0,15,16,2
367;65;8547;5042;16,17,13,19,3,20,10,6,4,7,22,15,9,8,23,28,29,1,26,25,21,5,2,27,0,14,12,18,11,24
368;100;12589;6641;27,8,25,28,23,21,9,1,24,5,4,15,7,29,14,10,12,16,3,19,0,18,13,20,2,11,17,22,26,6
369;63;7230;3634;1,29,14,23,28,27,9,2,5,21,19,17,8,25,26,10,0,22,7,3,6,16,24,4,20,15,12,11,18,13
370;90;9951;5767;23,2,0,21,16,14,19,15,20,29,8,12,3,10,4,25,7,5,27,9,18,1,24,28,11,13,6,22,26,17
371;102;12198;6355;2,20,0,7,4,16,10,15,17,19,14,21,8,9,25,27,11,3,29,5,1,28,13,18,23,12,24,22,26,6
372;74;8578;4281;22,17,0,25,11,26,1,15,12,8,5,13,14,29,7,27,3,19,28,16,10,18,4,20,2,6,21,23,9,24
373;98;12151;6885;21,25,1,5,27,8,29,3,2,14,19,15,16,20,4,7,9,17,10,26,6,28,24,22,0,23,11,12,18,13
374;84;9919;5038;8,1,3,23,29,25,27,13,14,21,20,22,4,18,17,10,9,11,19,12,6,7,24,28,26,5,15,0,16,2
375;88;9936;5155;1,14,15,25,29,5,27,0,2,8,22,4,20,19,17,16,21,7,26,9,10,28,24,23,6,3,18,12,11,13
376;90;10397;6228;8,18,11,25,19,17,20,12,3,26,28,15,23,27,21,9,16,2,22,29,0,5,13,14,6,1,24,4,10,7
377;106;12190;6319;27,23,21,28,8,25,9,1,24,5,14,12,2,15,0,29,7,16,3,19,18,10,4,20,11,13,6,26,17,22
378;66;7669;3832;25,11,12,1,0,18,16,24,15,3,10,22,27,28,8,7,5,9,19,21,2,29,13,23,26,14,4,20,17,6
379;91;9940;5836;16,6,26,19,10,17,7,22,4,20,29,12,27,28,5,14,21,25,13,8,18,3,1,9,11,23,15,0,2,24
380;58;6330;3241;27,21,1,28,9,25,8,24,23,5,10,15,19,20,16,7,3,14,4,29,12,2,11,18,0,13,22,26,17,6
381;113;14402;7435;29,9,23,14,8,28,5,21,25,27,15,4,3,19,10,0,26,7,2,20,6,16,24,17,13,22,11,12,18,1
382;106;12175;6917;3,13,4,14,19,10,7,24,2,29,18,11,25,1,8,5,17,9,27,21,26,28,22,23,12,6,0,20,15,16
383;72;8119;4107;28,22,15,9,25,26,8,0,6,5,11,4,16,19,7,18,3,29,12,20,10,27,13,14,2,17,23,21,1,24
384;77;9028;4655;7,2,15,13,11,4,12,0,24,18,28,21,27,29,14,9,10,16,5,25,1,8,20,19,23,3,22,26,17,6
385;80;10336;5871;2,20,0,7,4,16,10,15,24,19,9,12,5,25,1,8,23,14,28,29,18,27,13,21,11,3,6,22,26,17
386;90;9938;5030;17,10,4,16,7,3,19,6,13,20,12,23,14,5,28,18,26,8,11,27,21,29,1,25,9,22,2,15,0,24
387;83;9036;4690;3,18,11,7,17,4,19,12,20,10,14,22,21,23,9,27,13,25,29,1,8,28,6,5,26,2,15,0,16,24
388;92;10382;5782;27,9,23,25,26,28,8,21,22,5,3,15,20,19,16,14,13,7,17,10,2,29,24,4,0,6,11,12,18,1
389;83;9912;5054;14,0,16,29,2,19,10,20,15,7,28,22,9,23,8,5,3,25,27,21,26,17,24,1,6,13,11,12,18,4
390;63;7243;3802;29,7,10,14,20,19,13,4,24,16,2,15,21,9,23,27,18,25,3,8,1,28,12,5,0,11,6,22,26,17
391;103;13481;7385;1,16,0,28,21,5,23,15,14,9,25,12,22,26,18,3,19,4,8,17,6,10,24,20,11,7,13,27,29,2
392;55;5898;3075;3,7,2,16,19,29,20,13,10,14,25,22,5,28,9,8,15,23,1,21,26,27,24,17,6,0,11,12,18,4
393;99;11295;5790;17,26,22,27,8,28,25,6,9,5,13,0,14,29,2,7,18,16,3,19,11,10,12,20,15,4,24,21,23,1
394;62;6784;3561;2,0,4,16,23,17,21,6,15,20,29,26,27,28,9,19,3,5,14,7,8,10,13,25,22,1,11,12,18,24
395;49;4986;2900;19,17,4,7,26,20,22,6,24,10,12,21,28,27,9,18,0,29,11,14,2,5,13,15,23,16,25,1,8,3
396;98;12148;6524;19,23,17,7,26,21,9,20,22,28,0,12,8,25,1,15,3,27,16,14,18,5,2,29,11,13,6,4,10,24
397;112;13067;6769;3,0,20,7,4,16,10,17,15,19,29,23,25,8,1,14,13,26,2,5,9,27,22,28,21,6,11,12,18,24
398;87;10356;6003;27,25,1,28,21,8,9,24,23,5,29,12,20,19,16,2,3,0,14,15,18,7,4,10,11,13,6,26,17,22
399;74;9024;4525;27,21,1,28,9,25,8,24,23,5,29,15,20,19,16,13,12,10,14,7,2,3,4,18,0,11,6,26,17,22
400;82;10346;5340;28,1,15,5,23,25,9,0,21,8,19,6,7,3,10,20,26,12,16,18,13,17,24,11,4,22,2,14,29,27
401;54;6753;3706;19,20,10,28,23,7,21,4,17,9,1,15,16,5,14,25,12,29,3,27,2,8,13,18,0,11,24,22,26,6
402;65;7662;4394;19,23,17,10,8,9,26,20,21,7,5,12,0,14,15,16,22,2,28,29,18,27,6,13,11,4,1,25,3,24
403;50;5004;2583;23,14,0,1,29,16,27,15,2,21,28,6,8,17,26,9,19,10,5,3,4,25,24,7,22,20,12,18,11,13
404;57;5886;3041;18,0,12,29,20,16,19,11,15,14,17,23,25,8,1,27,10,26,3,9,22,5,6,28,21,4,24,13,7,2
405;55;5881;3129;8,22,13,25,20,26,17,24,6,3,27,12,5,28,18,2,1,9,29,23,15,14,0,21,11,16,10,19,7,4
406;109;13067;7330;25,22,7,8,5,26,28,24,6,9,21,12,27,29,18,1,20,2,23,14,0,19,15,16,11,17,3,4,10,13
407;64;6798;3460;7,14,2,20,10,29,16,13,3,19,15,23,28,5,9,27,17,26,0,8,22,1,6,25,21,24,11,12,18,4
408;62;6360;3450;21,18,11,5,27,2,29,12,13,14,9,0,22,26,6,28,19,17,23,20,24,7,4,16,15,10,3,25,8,1
409;96;11263;6260;3,23,21,9,26,25,17,1,22,8,16,12,10,14,4,19,28,2,20,29,18,7,13,27,11,5,24,15,0,6
410;100;11746;6140;5,23,21,28,12,25,9,1,11,8,27,15,20,19,16,4,3,14,18,29,2,10,24,7,0,13,6,26,17,22
411;84;10344;5253;20,10,3,16,14,7,29,13,2,19,28,15,21,9,23,5,17,26,27,8,22,1,24,25,0,6,11,12,18,4
412;91;11680;6596;27,8,26,21,5,9,28,22,25,23,29,15,16,19,20,13,17,7,14,10,2,3,24,4,0,6,12,11,18,1
413;99;12598;6485;2,15,10,7,20,0,16,4,24,19,29,12,8,25,1,27,21,3,14,5,18,28,13,9,11,23,22,17,26,6
414;91;10376;5317;18,0,11,3,10,16,19,12,15,7,14,23,25,8,1,27,2,26,29,9,22,5,6,28,21,13,24,17,20,4
415;75;8569;4954;2,20,0,7,4,16,10,15,17,19,5,12,23,21,1,9,29,3,28,25,18,8,13,27,11,14,6,22,26,24
416;64;6362;3446;3,0,4,20,16,10,19,24,15,7,12,25,5,28,9,11,17,23,18,21,8,27,22,26,1,6,13,14,29,2
417;127;15321;7799;27,23,21,5,8,9,25,1,24,28,13,4,19,20,7,29,18,15,3,16,2,14,12,0,10,11,22,26,17,6
418;81;9907;5465;5,23,15,28,26,21,17,0,22,9,25,12,14,29,2,1,10,20,8,16,18,27,4,19,11,3,24,13,7,6
419;70;8569;4315;1,0,28,25,23,9,21,5,15,8,14,12,16,20,18,29,3,10,27,19,4,2,24,7,11,13,6,26,17,22
420;76;9439;4857;5,2,15,9,7,13,10,0,4,28,29,12,16,14,20,19,21,1,27,25,18,8,17,3,11,23,6,22,26,24
421;134;17097;9353;17,0,15,3,10,16,19,2,7,20,14,12,21,23,5,27,26,25,29,9,18,28,1,8,11,22,6,4,13,24
422;74;8161;4145;27,19,20,14,10,16,3,2,7,29,25,12,17,26,18,8,23,22,1,28,0,5,15,9,11,21,24,4,6,13
423;107;13482;7452;7,0,16,10,2,19,29,20,15,14,28,22,9,23,17,5,3,8,27,25,26,21,24,1,6,13,11,12,18,4
424;89;9957;5137;8,16,0,25,1,20,3,15,14,19,23,6,28,17,26,9,10,11,21,12,4,5,24,18,22,7,13,27,29,2
425;64;7655;3976;17,14,3,20,7,29,19,13,10,16,12,22,5,28,8,18,21,9,11,25,0,27,15,23,26,1,24,6,4,2
426;105;11310;6186;16,3,13,19,10,17,7,6,4,20,14,15,9,23,21,5,26,25,29,8,1,28,2,27,0,22,11,12,18,24
427;77;9468;5184;28,21,15,5,9,1,8,0,23,25,20,12,14,29,2,16,3,13,27,7,18,19,4,10,11,24,22,26,17,6
428;78;9915;5029;8,12,25,29,2,11,18,1,3,27,5,15,9,21,23,28,20,22,14,26,6,16,24,17,0,4,7,10,19,13
429;85;10366;5502;5,13,15,28,23,7,21,0,24,9,10,1,16,8,25,19,12,29,4,27,14,20,2,18,3,11,17,22,26,6
430;56;5896;3497;2,24,0,7,22,4,26,15,6,10,14,21,28,5,9,27,3,1,29,25,11,8,12,18,23,13,20,19,16,17
431;96;10390;5425;3,2,15,27,21,1,8,0,23,25,22,4,16,19,20,17,11,7,26,29,10,18,13,14,6,12,24,5,28,9
432;58;6764;3503;2,16,0,10,20,7,4,15,24,19,12,21,25,8,9,18,29,5,11,28,1,3,13,27,23,14,6,22,26,17
433;106;12613;7293;7,16,0,10,14,20,29,15,2,19,28,22,9,25,8,5,3,23,27,21,26,1,24,17,6,13,11,12,18,4
434;70;9012;4692;2,18,12,16,17,15,20,11,4,0,7,14,29,27,28,10,21,9,19,8,5,3,1,25,13,23,24,26,22,6
435;78;9474;4824;27,14,2,20,7,29,19,24,13,16,15,22,12,11,17,18,1,8,0,28,9,5,23,25,26,21,4,6,3,10
436;78;9448;5388;21,8,25,28,26,9,5,1,22,23,14,15,16,19,20,29,3,7,27,10,2,13,24,4,0,17,12,11,18,6
437;74;8566;4331;1,15,21,27,29,0,14,23,2,16,20,22,28,5,17,7,25,4,19,9,26,10,24,8,6,3,11,12,18,13
438;59;6343;3345;3,21,1,9,15,25,0,24,23,8,16,12,14,29,2,19,10,5,20,27,18,7,13,28,11,4,6,26,22,17
439;112;13097;6864;5,9,23,19,14,28,29,21,2,27,25,12,3,4,18,1,7,22,8,26,6,10,24,17,11,13,0,15,20,16
440;102;11300;6203;21,18,11,23,17,5,9,12,4,28,25,15,27,29,14,1,10,16,8,20,2,3,13,19,0,7,24,26,22,6
441;90;10377;5261;7,29,27,10,20,14,19,2,13,16,28,15,18,11,12,9,26,4,5,23,6,21,24,22,0,17,1,25,8,3
442;67;8553;4645;3,16,0,29,10,20,19,15,4,14,28,22,21,9,23,5,18,17,27,8,26,1,11,25,6,12,24,2,7,13
443;86;9930;5490;18,14,13,7,16,29,20,24,2,19,10,22,28,5,9,27,1,8,3,23,26,21,6,25,4,17,15,12,11,0
444;94;10845;5467;19,17,26,7,12,20,11,22,6,16,21,4,8,25,1,9,29,18,23,5,3,28,13,27,10,14,15,0,2,24
445;80;9454;4976;29,10,3,14,16,7,20,13,4,19,17,21,22,26,9,28,18,8,27,25,11,5,12,1,23,6,24,0,15,2
446;80;10347;5908;18,17,11,7,16,3,19,12,20,10,29,22,28,9,5,27,1,8,14,23,26,21,6,25,13,2,24,0,15,4
447;83;10371;5238;9,21,15,28,29,23,14,0,27,5,25,6,10,19,7,1,16,26,8,20,22,3,24,17,4,13,11,12,18,2
448;64;6801;3499;28,19,7,5,14,10,29,13,2,27,23,12,8,25,1,9,6,26,21,17,18,3,24,22,11,4,0,15,20,16
449;99;10837;6209;3,2,15,7,11,4,18,0,12,10,29,23,25,8,1,27,5,20,19,16,9,28,17,14,21,26,6,22,13,24
450;55;5879;2977;17,10,3,14,20,19,16,13,7,29,26,23,8,25,1,27,11,9,22,5,0,28,15,18,21,12,24,6,2,4
451;74;8151;4174;13,16,0,7,14,20,29,15,2,19,5,21,22,26,9,28,3,8,27,25,6,17,4,1,23,10,11,12,18,24
452;55;5453;2751;10,4,13,3,18,22,17,24,6,26,20,21,29,14,27,19,8,9,7,28,23,16,1,5,2,25,11,0,15,12
453;72;7242;4379;27,21,1,5,9,25,28,24,23,8,4,0,11,20,12,18,7,14,3,19,16,10,2,29,15,13,22,26,17,6
454;83;9915;5032;28,21,0,5,25,23,8,15,1,9,16,12,14,29,2,20,26,13,19,27,18,17,24,7,11,22,6,4,10,3
455;82;10359;5366;5,26,22,28,0,17,9,6,15,23,2,10,14,29,16,27,25,19,21,20,3,1,13,7,4,8,11,12,18,24
456;79;9034;4878;10,22,4,19,20,26,16,6,17,7,5,21,27,8,9,14,11,25,28,3,1,29,13,18,23,12,2,15,0,24
457;78;9464;4910;13,8,25,5,18,27,14,1,2,29,9,6,7,19,10,23,16,26,28,20,22,21,24,17,4,3,11,0,15,12
458;56;6314;3303;28,25,23,5,29,8,27,21,1,9,3,15,11,17,12,4,7,22,10,26,6,18,24,13,0,2,16,19,20,14
459;69;8105;4149;1,9,21,2,14,28,29,23,5,27,8,22,20,16,17,3,10,0,25,15,6,19,24,7,26,4,11,12,18,13
460;82;9911;5553;3,7,10,29,16,19,14,4,20,13,15,12,9,28,5,1,27,22,0,8,18,25,6,26,11,2,23,21,17,24
461;82;9471;4798;3,17,6,7,16,20,10,24,4,19,25,12,22,27,2,8,28,29,1,14,18,26,13,5,11,9,15,21,23,0
462;75;8557;4391;5,19,16,28,10,14,29,20,7,27,8,12,21,23,1,25,15,17,9,26,18,3,24,22,11,0,6,4,2,13
463;88;10380;5616;20,25,3,0,26,8,17,1,22,15,19,23,14,29,2,7,5,9,16,27,11,10,12,28,21,18,4,6,13,24
464;76;9030;4887;25,5,10,8,22,28,26,4,6,9,21,16,11,12,19,17,18,14,23,29,0,27,15,2,20,1,24,13,7,3
465;78;9008;4629;19,22,13,10,20,26,3,24,17,7,28,15,16,29,14,5,25,2,9,27,11,8,12,18,0,1,6,23,21,4
466;55;5458;2767;5,14,2,8,1,29,25,13,18,27,9,6,17,20,26,23,16,7,28,19,4,21,24,10,22,3,11,0,15,12
467;83;9913;5583;28,26,22,9,7,17,21,6,24,23,20,15,27,29,2,16,25,18,19,14,12,8,11,5,0,1,4,3,10,13
468;51;4993;2814;5,12,18,28,23,11,21,24,4,9,25,15,27,29,14,1,10,16,8,19,2,3,13,20,0,7,17,26,22,6
469;90;11248;6109;18,26,22,12,4,17,10,6,24,11,15,21,25,8,9,3,29,5,0,28,1,2,13,27,23,14,20,16,19,7
470;86;10362;5767;5,23,15,28,8,2,9,0,21,27,29,11,20,19,18,16,26,10,14,7,4,13,6,17,12,22,24,3,1,25
471;94;11719;6550;22,9,23,3,25,17,8,21,1,26,5,15,14,29,13,27,10,16,28,19,0,7,6,20,2,4,11,12,18,24
472;74;9007;4942;27,7,2,14,19,20,16,24,13,29,5,12,26,9,8,22,15,25,28,23,18,17,1,21,11,0,4,6,3,10
473;54;5889;3535;14,2,0,29,7,16,19,15,13,20,21,12,28,9,5,23,1,22,27,8,18,25,6,26,11,17,4,3,10,24
474;66;8105;4529;5,25,3,14,2,8,27,13,1,29,0,22,16,20,17,21,28,7,15,19,6,23,4,10,26,9,12,11,18,24
475;90;10820;5719;18,12,0,7,16,11,19,15,2,20,5,26,9,25,8,28,10,23,27,21,22,3,6,1,17,4,13,14,29,24
476;61;6336;3397;3,12,13,10,4,11,7,2,24,18,29,21,8,5,25,27,20,9,19,14,23,28,0,16,1,15,22,17,26,6
477;88;11698;6619;28,17,23,10,16,9,19,21,20,7,29,6,5,8,26,27,18,25,14,1,13,2,24,3,22,4,15,12,11,0
478;85;11235;5919;8,18,11,25,29,5,27,12,14,1,28,22,20,19,17,16,23,7,9,10,6,3,24,4,26,21,13,15,0,2
479;96;11725;6341;2,18,12,16,17,15,20,11,4,0,29,26,1,5,25,27,10,9,14,28,22,19,13,7,8,3,24,23,21,6
480;77;8143;4584;5,29,27,28,19,14,20,2,7,16,3,26,8,0,15,25,12,23,18,9,17,1,24,21,22,11,6,4,10,13
481;58;5903;3654;18,6,11,5,26,22,9,12,17,28,25,4,14,29,3,1,16,7,8,2,10,27,24,19,13,20,0,21,23,15
482;79;10339;5686;28,20,14,27,19,29,7,5,16,10,1,12,21,9,23,25,6,17,3,26,18,8,24,22,11,4,13,15,0,2
483;68;8115;4387;5,3,1,14,29,25,27,21,13,8,9,6,10,26,22,28,7,17,23,20,0,19,15,16,4,24,12,11,18,2
484;87;9924;5731;7,15,2,19,16,14,20,13,0,29,5,26,9,25,8,28,10,23,27,21,22,3,6,1,17,4,11,12,18,24
485;86;10355;5893;10,1,4,3,18,25,5,6,27,8,9,15,21,23,26,7,11,17,28,20,0,19,24,16,22,12,13,29,14,2
486;84;9935;5820;3,26,17,21,7,23,28,13,22,9,25,12,19,16,20,1,0,29,8,14,18,5,2,27,11,15,6,4,10,24
487;77;8598;4324;29,7,13,14,20,10,16,24,4,19,15,21,28,5,9,2,18,1,0,8,11,27,12,25,23,3,22,26,17,6
488;91;10386;5473;8,1,3,23,29,25,27,13,14,21,5,22,18,11,12,28,19,17,9,4,26,10,24,7,6,20,15,0,16,2
489;81;9894;6096;5,26,22,9,10,17,7,6,4,28,25,0,23,21,20,1,3,14,8,19,16,27,2,29,15,13,11,12,18,24
490;82;10364;5310;14,4,12,29,19,18,20,11,10,16,28,22,23,21,17,9,0,8,5,25,26,27,15,1,6,2,24,13,3,7
491;72;8553;4414;2,15,4,7,3,0,13,6,24,10,29,18,27,9,28,14,20,22,19,8,12,16,11,26,5,17,1,21,23,25
492;84;10359;6285;19,14,2,10,28,29,27,13,5,7,12,0,25,8,1,11,20,22,18,26,6,3,24,17,15,16,21,23,9,4
493;83;8178;4058;29,26,22,14,9,28,5,13,8,27,12,15,10,7,4,18,17,16,11,19,0,3,24,20,2,6,21,1,25,23
494;113;13080;6616;9,17,26,18,11,23,12,22,6,21,5,13,27,29,10,8,1,19,28,14,7,25,2,16,3,20,24,15,0,4
495;84;9905;5574;29,9,23,14,8,28,5,21,25,27,10,15,16,20,4,19,13,17,3,26,6,7,24,22,0,2,12,11,18,1
496;73;8133;4078;3,18,11,8,15,1,0,12,24,25,14,13,23,9,21,29,16,10,5,28,7,27,4,19,2,20,17,22,26,6
497;82;10366;5195;9,4,15,21,22,17,26,0,6,23,5,13,7,19,10,20,8,29,28,14,3,16,1,27,2,25,12,11,18,24
498;69;8553;4791;22,7,10,26,16,19,20,4,6,17,8,12,1,5,14,25,9,29,3,27,18,28,13,21,11,23,15,0,2,24
499;79;9893;5021;7,14,2,10,16,29,19,13,20,27,23,11,15,0,18,9,5,22,21,26,6,28,24,17,12,4,1,25,8,3
