0;66;9795;4520;20,24,5,27,11,34,18,13,25,0,22,28,16,30,3,6,29,19,32,12,26,10,4,21,2,23,17,15,31,7,14,9,33,8,1
1;77;11043;5294;21,25,10,1,15,18,28,7,14,17,31,34,23,27,2,9,33,24,8,26,12,22,4,0,29,19,13,16,5,11,32,6,20,3,30
2;91;16461;7934;16,0,1,4,22,33,23,7,13,20,18,29,27,11,19,8,32,28,12,26,31,30,14,10,25,15,9,21,3,17,2,24,34,6,5
3;81;11622;5285;25,30,5,22,31,27,17,29,24,23,6,28,21,3,10,34,20,2,9,26,13,7,19,0,1,4,8,16,15,11,18,33,32,14,12
4;108;18931;9230;8,33,25,20,21,30,19,11,1,2,28,14,0,15,7,24,4,17,32,12,29,18,23,6,22,10,5,16,27,3,13,34,9,26,31
5;103;17092;7835;28,15,10,7,17,31,16,18,0,21,23,13,19,14,2,9,1,11,33,26,12,27,4,6,34,3,5,29,20,32,8,22,30,25,24
6;119;20739;10079;27,5,24,3,10,30,2,21,34,29,25,31,17,6,22,20,32,4,12,26,13,33,9,16,11,7,0,1,15,18,8,19,23,14,28
7;89;15264;7002;25,30,15,2,23,21,9,7,24,5,28,6,10,3,34,14,17,22,33,26,8,4,31,0,16,27,13,18,19,29,1,11,20,12,32
8;60;9181;4739;0,30,16,18,24,1,23,15,3,28,13,20,7,11,19,33,14,25,8,26,6,4,22,29,2,27,17,21,32,34,5,12,31,9,10
9;70;10398;4783;8,10,25,3,1,24,7,28,9,17,4,31,23,2,21,32,30,33,12,26,14,0,18,15,11,29,19,22,13,27,20,16,34,6,5
10;98;13466;6204;19,9,11,18,30,16,25,27,31,28,0,3,20,10,23,13,1,24,33,26,12,4,22,5,32,7,6,34,8,15,14,29,21,2,17
11;92;17667;8778;24,30,10,28,31,23,18,7,3,4,25,20,1,12,32,9,33,27,8,26,15,22,21,5,29,2,6,34,0,17,14,13,19,16,11
12;80;13458;6307;4,29,16,1,21,18,25,9,8,17,11,13,10,32,2,19,31,24,12,26,34,28,3,6,22,23,5,20,15,30,27,14,7,0,33
13;97;14690;7670;33,20,18,19,5,16,4,29,14,34,1,15,6,22,27,8,11,7,0,13,26,28,17,9,23,32,10,21,24,2,31,25,12,3,30
14;96;17063;7940;0,16,5,15,17,14,21,23,13,22,6,29,7,11,19,34,28,2,33,26,3,18,31,30,25,27,24,9,8,10,20,1,4,12,32
15;113;20111;10006;3,13,24,1,9,28,7,23,0,19,30,18,10,16,11,25,33,4,8,26,14,17,31,5,22,21,6,34,29,27,15,20,2,12,32
16;73;11619;5347;29,5,16,19,17,11,2,4,6,14,13,22,21,34,15,0,32,7,12,26,24,31,23,3,20,9,30,28,1,10,25,33,18,8,27
17;82;15245;7958;24,30,4,21,11,2,19,31,25,23,9,28,7,3,10,32,17,0,12,26,33,34,16,1,22,13,8,27,6,18,20,5,29,15,14
18;57;7969;3652;33,22,16,29,34,13,15,11,20,5,18,27,14,19,6,1,0,7,8,26,21,23,4,24,31,12,25,2,9,32,17,10,28,3,30
19;76;15187;7064;32,8,11,19,21,16,15,33,4,17,13,2,7,29,1,0,18,14,12,26,28,27,9,30,25,31,24,3,22,10,23,20,34,6,5
20;92;15278;7832;3,30,11,27,28,18,23,14,20,6,19,24,15,22,5,16,34,25,13,0,26,33,9,21,2,7,17,31,8,10,29,1,4,12,32
21;112;19534;9111;0,3,11,18,23,1,10,9,13,28,16,20,7,30,33,19,4,31,8,26,25,29,2,15,34,27,14,21,6,17,24,5,22,12,32
22;83;14653;7442;34,15,22,8,7,29,17,13,14,18,5,33,16,27,1,6,4,2,32,12,24,23,19,30,28,21,25,0,3,11,20,26,31,9,10
23;69;9814;4512;34,5,25,28,15,24,18,11,6,16,27,29,19,22,13,20,0,14,30,3,12,2,23,32,8,7,4,31,33,10,9,1,17,26,21
24;77;14624;7355;24,28,20,5,10,34,17,15,25,23,30,31,21,27,22,3,6,2,14,26,8,18,7,4,12,9,32,1,16,33,29,13,19,0,11
25;73;11019;5192;28,9,24,14,7,21,17,30,23,4,25,0,3,10,2,32,15,11,12,26,22,13,19,34,6,16,5,27,8,18,20,29,31,33,1
26;58;7980;3710;28,10,24,34,7,14,4,32,23,17,21,9,15,31,2,25,27,33,12,26,1,13,11,5,8,0,6,16,22,19,18,29,3,20,30
27;64;8011;3887;15,5,17,4,7,2,9,31,6,8,14,22,10,34,29,21,32,23,12,26,20,16,1,25,30,18,24,28,13,27,33,3,19,0,11
28;83;12249;6184;6,34,2,17,10,21,8,32,5,9,15,23,4,22,7,14,29,31,12,26,33,30,27,11,13,20,16,19,3,18,1,0,24,28,25
29;93;15864;7592;20,30,5,27,32,34,2,21,3,29,22,8,17,24,25,6,14,4,12,26,0,31,15,11,19,10,16,28,9,23,13,18,7,1,33
30;116;20721;10081;19,11,18,31,17,9,32,10,0,2,8,13,21,16,4,1,7,29,33,26,15,3,12,6,22,23,5,34,30,27,14,20,28,25,24
31;75;10438;4806;24,30,4,1,2,8,17,7,25,10,28,9,21,3,23,32,33,31,12,26,0,34,18,13,15,29,14,16,5,19,11,6,27,20,22
32;61;9190;4419;6,34,30,8,25,29,21,18,5,24,20,14,17,22,27,3,1,15,16,13,26,19,2,12,4,10,32,7,0,9,33,11,31,28,23
33;97;17075;8603;32,3,11,18,28,19,27,33,12,0,4,24,20,30,13,16,1,25,8,26,14,7,34,15,17,22,21,6,31,5,29,2,23,9,10
34;92;16464;7810;3,20,11,0,34,13,33,23,30,6,19,27,7,22,5,16,28,18,14,15,26,24,17,10,25,29,31,21,1,2,9,8,4,12,32
35;94;14073;7339;23,21,5,14,24,34,9,32,28,2,15,25,7,17,29,6,22,10,12,26,33,11,4,8,18,30,1,20,16,27,31,19,3,0,13
36;100;15890;7373;9,10,7,4,14,8,16,18,31,21,1,15,19,2,17,33,32,11,12,26,34,25,29,5,3,13,6,22,24,20,27,30,0,28,23
37;57;7973;3967;13,19,23,7,10,15,21,14,16,9,0,31,2,11,18,28,1,17,33,26,8,27,25,32,20,3,12,30,22,24,4,29,34,6,5
38;63;11586;5684;18,27,0,28,21,11,17,15,9,14,13,34,2,25,10,16,23,24,19,31,26,3,7,33,8,29,1,32,30,4,12,20,22,6,5
39;97;17651;8316;6,34,29,32,7,8,9,21,5,2,15,23,10,22,17,14,4,31,12,26,13,28,18,0,30,27,3,11,25,19,16,24,1,20,33
40;77;15211;7740;20,15,5,27,23,34,24,3,14,7,22,28,30,33,1,6,29,25,8,26,13,10,19,21,2,18,17,16,9,11,0,31,4,12,32
41;102;18323;8664;20,30,5,27,4,34,2,17,3,32,22,25,21,24,12,6,29,10,8,26,1,11,9,18,16,23,19,33,0,7,31,13,28,14,15
42;98;15288;7830;5,15,22,33,29,20,16,7,6,18,34,8,19,14,1,27,31,13,12,26,0,30,9,11,28,3,23,4,24,10,32,25,21,2,17
43;65;10405;4857;13,11,2,21,7,17,14,23,0,18,1,19,4,16,9,31,10,15,33,26,12,25,8,6,34,28,5,3,30,29,32,24,27,20,22
44;92;12865;6655;34,5,16,19,3,11,4,12,6,29,13,20,32,22,27,0,18,30,15,14,26,28,17,10,23,7,9,21,1,2,31,33,24,8,25
45;84;14657;7081;24,10,28,11,4,0,29,16,25,2,23,31,19,21,17,30,13,32,3,26,14,27,7,5,34,20,6,22,1,33,15,8,9,12,18
46;133;22579;11242;8,18,34,22,2,5,21,7,1,4,27,31,17,9,32,6,29,10,12,26,0,25,19,13,3,15,28,16,24,11,23,30,14,20,33
47;105;17731;8189;14,8,34,27,32,22,2,21,15,7,6,1,17,33,29,5,20,4,12,26,25,19,10,24,3,9,30,28,11,23,31,0,18,13,16
48;58;8579;4078;32,29,7,17,5,2,27,20,8,14,1,6,22,4,15,33,21,34,12,26,28,11,31,24,3,9,30,25,13,10,23,0,18,19,16
49;97;15900;7962;0,5,11,18,31,19,10,4,6,27,13,22,9,34,29,16,1,3,26,8,14,30,17,15,28,2,33,7,24,21,23,25,20,12,32
50;70;11016;4992;14,17,29,16,18,13,19,22,2,10,15,9,27,21,31,34,3,23,5,6,25,4,0,24,32,11,12,30,8,20,28,26,7,1,33
51;90;16448;8555;9,1,10,17,6,2,5,24,8,27,31,29,34,18,25,4,21,22,32,12,26,16,7,15,19,20,28,23,11,33,14,0,30,13,3
52;107;17114;7947;14,33,5,27,11,34,0,29,15,19,22,7,13,20,16,6,18,31,1,8,26,10,32,24,28,4,25,30,9,3,12,23,17,2,21
53;95;15874;8077;8,17,25,30,1,24,7,28,2,9,4,31,23,21,10,32,3,33,12,26,0,15,29,13,5,18,6,16,14,19,11,34,27,20,22
54;95;17659;8226;29,5,2,10,16,9,11,18,6,27,17,13,19,34,22,21,23,0,31,26,8,25,4,33,3,7,20,12,24,32,1,30,28,14,15
55;81;13447;6776;27,33,5,14,7,34,13,29,20,19,22,31,16,1,18,6,15,9,8,26,12,11,17,4,30,10,32,2,25,21,3,24,23,0,28
56;83;13449;6354;29,5,3,24,18,30,19,4,6,16,22,13,11,34,27,20,8,0,32,12,15,31,1,28,26,25,23,33,10,7,14,9,17,2,21
57;70;12221;5656;22,31,5,14,9,6,28,7,20,18,27,19,23,33,1,34,15,10,12,26,25,11,30,24,4,3,32,2,29,17,21,8,16,0,13
58;87;13453;7083;3,20,34,16,4,29,8,19,12,22,5,32,18,30,27,6,11,24,0,13,26,7,23,21,2,28,17,9,33,10,25,31,1,14,15
59;80;12826;6057;24,3,10,2,0,9,7,17,25,28,4,11,31,30,23,32,21,19,12,26,14,18,27,5,29,20,6,34,16,22,15,13,33,8,1
60;81;12253;5950;2,9,24,4,7,32,28,29,31,1,21,23,33,10,17,25,8,18,12,26,14,16,27,34,6,30,5,22,13,20,15,3,19,0,11
61;91;15276;7558;3,24,11,13,9,0,27,19,30,10,4,25,18,28,23,32,16,20,12,26,8,31,33,6,34,7,5,22,15,1,29,14,21,2,17
62;96;15279;7217;18,31,11,13,2,0,21,32,9,7,19,10,17,1,33,16,4,23,12,26,8,30,27,6,34,3,5,22,15,20,29,14,24,28,25
63;79;11623;6105;31,9,17,4,18,29,19,11,8,0,2,1,16,10,13,21,32,7,12,26,24,34,23,30,20,22,3,28,5,27,25,6,33,14,15
64;71;11011;5147;15,5,13,11,20,16,30,7,6,23,14,22,3,34,28,0,19,27,33,26,1,21,31,8,32,10,12,4,17,9,18,2,29,25,24
65;81;12844;6201;22,3,5,28,11,15,16,0,20,25,34,27,13,30,24,6,23,19,14,26,12,10,7,2,4,33,32,17,9,29,21,31,18,8,1
66;96;16475;8117;15,5,33,17,23,29,13,2,6,22,14,28,0,34,7,1,21,31,8,26,20,10,19,25,30,11,24,18,9,16,27,3,4,12,32
67;100;16520;8059;28,5,14,1,24,8,11,4,6,23,15,25,0,34,7,33,32,30,12,26,3,18,29,21,10,19,2,17,9,16,13,31,22,20,27
68;65;9218;4662;5,34,15,7,2,33,21,29,6,9,14,31,17,27,18,1,22,10,8,26,20,28,4,13,3,23,0,16,24,11,19,30,25,12,32
69;75;11614;5520;13,11,14,7,27,33,6,34,16,22,0,20,5,19,18,15,1,29,23,28,26,2,9,24,21,17,25,3,4,10,30,32,31,12,8
70;103;18298;9209;30,25,8,11,1,4,18,13,24,19,3,33,16,28,20,32,0,7,12,26,22,31,21,6,34,2,5,27,15,17,29,14,23,9,10
71;62;8603;4004;13,11,4,29,20,8,30,22,0,18,12,19,3,16,27,32,34,1,5,6,25,15,31,21,26,9,2,17,28,10,24,23,7,14,33
72;105;16515;7807;24,28,0,16,1,13,31,19,25,9,30,33,18,23,10,3,11,7,20,26,22,17,21,34,6,2,5,14,8,15,27,29,4,12,32
73;67;9807;5074;5,34,15,33,2,20,25,7,6,17,22,27,31,29,21,14,1,24,8,26,28,3,10,0,16,30,13,18,19,9,23,11,4,12,32
74;121;20166;9396;3,20,11,19,24,16,7,32,30,8,0,28,4,33,1,13,18,25,12,26,22,31,9,6,34,10,5,29,15,23,27,14,21,2,17
75;63;8599;4431;22,5,28,33,3,23,25,7,6,30,14,27,24,34,20,15,1,29,8,26,0,9,21,11,16,10,13,4,18,2,17,19,31,12,32
76;84;14042;6959;14,34,24,15,29,32,6,2,0,17,25,13,5,27,21,12,7,22,33,26,8,20,23,1,18,4,9,31,30,10,28,3,11,19,16
77;61;10377;4713;23,0,20,5,4,22,9,32,28,7,30,11,10,15,33,3,6,19,12,26,8,31,16,17,21,18,2,1,24,13,29,25,27,14,34
78;70;10416;5265;4,24,17,10,30,29,3,23,32,0,2,11,28,25,13,21,9,16,8,26,14,27,7,1,34,18,33,5,20,6,15,22,19,12,31
79;82;14649;7106;1,14,19,27,2,22,17,32,8,4,31,15,29,33,7,20,18,21,12,26,6,25,34,13,3,28,0,16,24,11,5,30,23,9,10
80;69;10997;5115;0,16,30,10,33,23,7,31,13,18,3,20,1,11,19,28,9,27,24,25,26,34,2,15,8,22,14,29,5,17,21,6,4,12,32
81;93;16460;8242;8,33,28,3,2,30,17,4,1,10,25,9,21,7,23,24,32,31,12,26,14,20,11,6,34,0,5,29,27,19,15,22,18,13,16
82;70;9812;4453;22,5,15,7,24,33,3,29,6,28,20,27,30,34,23,14,32,25,12,26,13,31,21,11,19,10,16,2,18,17,0,9,4,8,1
83;65;8615;4068;19,0,32,18,17,1,21,7,11,2,4,13,10,16,31,8,9,29,12,26,14,3,33,34,6,23,5,22,30,27,15,20,28,25,24
84;79;12831;6654;4,32,17,1,23,31,27,7,12,9,2,24,18,25,10,21,33,28,8,26,15,30,29,5,3,20,6,34,16,22,14,13,19,0,11
85;94;14698;6844;14,9,33,4,10,7,11,17,15,31,1,19,21,18,2,8,32,16,12,26,34,24,13,5,20,0,6,22,30,29,27,3,23,25,28
86;110;21310;10267;20,30,5,29,15,22,7,33,3,25,34,28,14,24,27,6,32,23,12,26,1,10,4,18,13,0,16,19,31,11,8,9,21,2,17
87;71;12209;5690;28,24,16,19,5,11,17,21,25,23,13,6,34,30,3,0,15,29,14,26,8,4,2,1,18,7,9,31,32,10,33,12,27,20,22
88;60;8585;3987;10,3,25,2,0,4,13,17,9,23,24,11,7,30,28,32,21,16,12,26,6,1,15,5,22,33,34,8,20,14,29,27,18,31,19
89;73;12801;6458;29,13,14,22,11,27,7,33,8,19,15,0,1,16,18,34,20,31,5,6,26,10,17,30,25,4,24,21,32,2,3,12,9,28,23
90;67;9207;4175;0,16,18,7,21,33,23,31,13,17,9,19,10,11,2,1,4,28,8,26,6,32,15,5,27,3,34,22,12,14,29,20,30,25,24
91;72;10423;4936;14,33,34,27,16,22,0,29,15,18,6,7,13,1,8,5,20,19,12,26,9,28,17,10,30,23,3,2,25,21,31,24,11,32,4
92;100;17099;8640;8,18,16,11,2,0,21,29,1,10,3,31,17,9,4,13,19,26,5,6,22,32,7,27,12,33,20,14,24,15,34,30,23,25,28
93;83;14049;6706;0,16,28,25,2,24,29,21,13,10,3,23,17,11,4,30,32,9,12,26,8,22,6,27,1,19,18,34,20,5,31,33,7,14,15
94;81;12856;6694;30,6,28,14,22,15,7,33,3,27,24,20,23,5,34,25,32,29,12,26,8,18,17,13,11,21,0,4,19,2,1,16,10,9,31
95;55;7383;3397;0,8,3,20,9,19,27,23,13,18,11,1,10,16,4,30,28,31,24,25,34,7,32,5,15,29,6,14,33,22,12,26,21,2,17
96;142;24395;11844;27,6,30,25,23,24,10,33,34,15,20,14,7,5,22,3,28,9,12,26,4,11,21,29,1,31,8,17,0,2,32,13,18,19,16
97;107;18284;8541;34,5,16,19,3,11,24,28,6,20,13,29,30,22,27,0,18,25,15,14,12,2,23,32,8,31,4,7,33,10,9,1,17,26,21
98;82;12241;5767;14,5,23,24,2,30,29,21,6,9,3,15,17,34,10,28,25,31,8,26,20,19,7,33,12,4,1,27,16,32,22,18,11,13,0
99;85;14640;7073;6,34,29,17,10,21,7,4,5,24,15,23,32,22,25,14,2,9,8,26,13,33,28,11,19,20,16,3,1,30,0,18,27,12,31
100;94;17057;7857;28,9,11,30,27,3,14,20,23,18,19,31,15,10,25,16,24,22,13,0,26,33,2,32,29,7,12,4,1,17,21,8,34,6,5
101;105;16532;8128;28,1,24,12,9,20,18,4,33,10,3,31,27,23,25,30,32,7,8,26,6,19,22,0,16,11,13,5,15,34,29,14,21,2,17
102;90;15862;8071;28,13,5,20,14,30,34,7,0,19,6,11,23,16,15,3,22,29,33,26,1,4,17,18,8,21,9,10,32,2,31,12,27,25,24
103;125;20158;10026;18,27,31,23,5,10,6,21,14,15,9,22,17,34,2,1,7,29,33,26,28,20,13,25,30,19,24,11,12,16,0,3,32,8,4
104;65;10387;4882;32,4,17,1,23,31,15,7,8,9,2,25,14,24,10,21,33,28,12,26,6,18,20,34,3,30,5,27,16,22,29,13,19,0,11
105;97;12291;6071;30,28,25,2,11,4,7,17,3,9,24,0,31,23,10,32,21,19,12,26,34,33,20,5,29,15,6,22,1,14,27,8,18,13,16
106;84;15242;7022;3,24,34,22,23,27,21,31,30,15,6,28,10,25,14,5,20,9,12,26,8,16,7,4,11,18,19,1,13,33,32,0,2,29,17
107;65;8596;4026;21,17,1,25,7,8,14,32,2,23,31,9,4,10,28,33,24,15,12,26,0,34,30,16,29,18,13,19,5,3,11,6,27,22,20
108;91;14066;6962;22,20,5,1,19,29,21,13,14,16,34,15,17,27,18,6,33,31,8,26,12,30,7,4,28,2,32,11,25,23,0,24,10,3,9
109;93;17680;8430;8,15,5,22,19,34,7,4,14,16,29,13,11,1,18,6,27,0,32,12,9,28,17,10,24,23,25,21,30,2,31,3,33,26,20
110;66;12195;5767;29,5,2,10,30,31,0,23,6,25,17,3,28,34,24,21,32,13,12,26,14,16,4,33,1,11,8,7,19,9,15,18,27,20,22
111;66;9802;4768;14,17,24,23,34,28,6,7,21,9,15,31,5,2,10,25,32,4,12,26,8,3,22,33,18,30,1,20,13,27,29,16,19,0,11
112;92;14075;6604;19,11,33,15,2,7,10,21,0,9,31,13,17,16,18,1,14,4,8,26,6,24,23,34,22,25,5,27,30,28,29,20,3,12,32
113;68;9208;4447;28,24,10,32,16,31,17,2,25,11,23,19,21,30,3,9,4,18,12,26,15,0,27,5,29,20,6,34,13,22,14,8,7,1,33
114;72;11028;5713;21,2,24,20,6,30,28,22,31,5,25,17,23,10,34,3,27,29,12,26,0,33,32,11,19,7,16,8,1,4,13,18,9,14,15
115;121;20750;10757;3,5,24,15,20,28,31,2,6,10,30,22,17,34,23,25,21,27,14,26,12,18,7,19,0,9,11,4,13,33,32,16,29,8,1
116;101;17087;8748;28,9,24,32,18,20,16,11,23,27,3,31,19,10,25,30,4,21,12,26,8,34,2,0,29,7,13,33,5,17,1,6,22,14,15
117;83;14040;7099;22,5,28,33,32,23,30,25,6,27,14,12,24,34,20,15,7,29,8,26,31,3,21,10,18,4,9,2,13,17,1,16,19,0,11
118;90;16467;8531;31,32,17,33,25,1,18,23,12,9,2,24,28,4,10,21,7,27,8,26,0,22,14,16,29,34,13,19,5,15,11,6,20,3,30
119;89;14062;7136;13,11,31,17,7,2,14,4,0,9,33,19,10,16,18,1,21,15,8,26,12,24,29,6,22,25,5,34,30,27,32,20,23,3,28
120;71;10414;5539;34,5,15,16,31,18,21,0,6,29,27,20,11,22,19,14,13,17,12,26,8,23,7,4,10,2,9,32,24,33,1,25,28,3,30
121;70;11009;5517;14,5,31,17,23,21,18,10,6,7,33,22,9,34,15,1,2,27,8,26,12,28,29,32,0,19,13,11,24,16,4,25,20,3,30
122;108;18325;9364;33,15,11,1,30,18,3,25,14,7,19,22,24,20,28,16,27,23,13,0,26,29,10,2,8,9,4,17,12,21,31,32,34,6,5
123;112;18922;9500;22,5,15,30,21,20,2,7,6,24,14,25,17,34,23,28,3,10,33,26,12,18,29,0,16,19,13,11,1,4,32,8,27,9,31
124;68;11595;6555;31,5,29,2,18,17,7,10,6,27,8,22,9,34,1,4,21,23,32,12,26,19,33,24,28,14,25,30,11,3,20,0,15,13,16
125;90;15243;7883;6,34,16,11,9,19,10,21,5,31,29,22,2,27,18,13,17,23,0,26,25,33,15,24,12,14,32,4,1,7,28,8,20,3,30
126;55;7373;3870;31,11,1,9,17,18,10,7,19,13,8,0,2,16,29,4,33,21,32,12,3,34,28,30,22,23,20,27,6,25,24,5,15,26,14
127;74;12801;6359;29,1,34,22,31,27,3,13,8,4,6,9,16,18,32,5,20,10,26,12,33,17,11,15,28,23,14,7,21,0,19,2,30,25,24
128;86;15240;7389;0,16,30,25,10,24,1,7,13,9,3,18,33,11,19,28,23,31,14,15,12,29,17,4,6,21,32,5,26,34,2,8,27,20,22
129;68;12178;6459;14,21,34,27,10,22,23,33,15,31,6,2,7,17,29,5,20,9,12,26,1,3,24,4,11,30,8,18,16,25,32,19,28,13,0
130;66;11596;5760;14,5,33,18,17,7,16,2,6,22,15,29,21,34,27,1,9,13,8,26,0,3,31,23,25,4,28,11,30,10,19,24,20,12,32
131;108;19511;10420;33,2,4,25,7,32,15,28,31,9,1,17,23,21,10,8,24,14,12,26,3,29,18,19,16,22,11,20,0,27,30,13,34,6,5
132;72;9840;4594;2,21,9,23,13,10,0,19,8,16,1,4,11,17,18,31,7,29,33,26,15,24,27,5,20,28,6,34,30,22,14,3,25,12,32
133;112;18940;9832;8,11,31,10,13,9,29,21,19,1,4,0,17,16,18,32,2,7,12,26,14,24,27,34,6,33,5,22,30,20,15,3,23,25,28
134;68;9797;4503;33,1,34,22,16,27,3,29,8,19,6,9,13,18,31,5,20,10,12,26,30,23,4,24,28,7,25,0,14,11,32,15,17,2,21
135;96;14088;6798;11,31,16,29,10,18,24,21,19,9,0,32,25,4,2,13,17,12,1,8,34,33,3,6,22,7,5,20,15,30,27,14,23,26,28
136;71;10416;5759;28,23,16,19,34,11,27,7,3,5,0,10,22,9,6,13,18,31,14,15,26,32,2,1,33,4,8,21,24,17,29,25,30,12,20
137;57;7391;3445;14,21,5,22,31,29,9,18,15,33,34,2,7,17,1,6,27,10,8,26,0,28,19,20,30,23,3,11,25,16,13,24,4,12,32
138;78;12248;5929;3,24,22,5,11,34,19,29,30,16,20,0,18,25,13,27,6,28,32,12,9,1,23,10,31,7,2,21,33,17,4,26,15,8,14
139;75;11633;6152;14,28,5,8,1,22,11,32,15,7,34,0,4,23,33,6,29,19,12,26,31,20,17,25,9,27,24,10,3,2,21,30,18,13,16
140;120;21348;9942;30,24,13,11,2,16,4,21,28,10,3,9,17,25,23,0,19,18,31,26,1,34,7,8,15,27,14,22,6,20,33,5,29,12,32
141;70;11611;6209;14,13,5,22,19,29,2,21,15,7,34,16,17,0,33,6,1,11,8,26,12,28,18,32,10,23,9,31,24,27,4,25,20,3,30
142;76;13412;6427;31,17,7,18,16,9,0,4,2,15,33,14,11,21,19,1,10,13,8,26,30,34,23,24,27,22,25,20,32,28,3,12,5,29,6
143;97;15879;8067;10,31,28,32,1,24,14,7,9,17,23,4,15,2,21,25,33,8,12,26,22,16,30,34,6,18,5,27,13,3,20,29,19,0,11
144;100;16483;7627;6,34,29,4,24,32,0,16,5,30,3,27,11,22,20,12,13,25,8,26,33,31,19,15,23,18,14,1,10,7,28,9,21,2,17
145;54;7370;3415;32,6,24,21,30,25,10,2,12,22,27,20,31,5,29,34,17,3,14,26,33,16,23,1,19,4,8,7,0,28,15,11,18,13,9
146;86;17045;8552;29,1,34,15,2,14,24,21,8,7,6,4,17,33,32,5,22,25,12,26,28,19,10,3,13,31,0,30,11,20,23,16,27,9,18
147;92;15853;7428;15,5,16,19,18,11,7,28,6,27,0,14,23,34,22,13,20,33,30,3,26,4,25,10,31,17,9,2,32,21,24,12,29,8,1
148;115;18942;9493;10,31,25,30,11,24,7,32,9,17,23,0,4,2,21,28,3,19,12,26,14,1,20,34,6,33,5,22,29,27,15,8,18,13,16
149;77;10438;4833;14,5,23,11,25,16,2,17,6,24,15,3,21,34,30,28,19,10,13,0,26,4,31,33,8,27,1,18,32,7,9,12,29,20,22
150;93;15276;7955;23,11,25,30,7,24,31,21,0,2,28,9,17,4,10,32,3,19,12,26,33,34,13,27,22,29,20,18,5,16,1,6,8,15,14
151;73;13409;6216;25,30,31,21,1,2,4,32,3,33,10,28,7,24,23,9,17,8,12,26,15,16,20,5,22,18,6,34,13,27,14,29,19,0,11
152;63;9188;4213;16,30,29,22,25,5,17,27,3,19,13,24,18,20,11,6,34,21,0,26,14,4,28,33,8,2,1,7,32,23,15,12,10,31,9
153;63;9801;5285;14,5,10,21,29,2,4,32,6,15,9,22,7,34,23,31,17,27,12,26,33,19,25,8,28,3,1,30,11,24,20,0,18,13,16
154;90;17071;8040;29,5,16,19,8,11,1,32,6,20,13,34,4,22,27,0,18,33,12,26,31,28,30,21,10,3,2,25,23,24,17,9,7,14,15
155;102;17100;8762;27,6,30,25,15,24,7,33,34,28,20,14,23,5,22,3,32,29,12,26,31,11,17,9,18,4,19,10,13,2,21,16,1,0,8
156;81;13450;6346;3,27,24,32,13,25,0,29,20,5,30,22,11,34,6,12,4,16,8,26,14,7,28,2,31,10,15,17,1,23,21,33,19,9,18
157;75;11625;5410;0,16,11,19,9,4,7,21,13,17,1,29,10,18,2,8,31,23,33,26,28,22,32,30,20,27,3,24,14,12,25,15,34,6,5
158;69;9800;5331;2,21,33,4,24,7,15,23,31,9,1,25,28,17,10,8,32,14,12,26,34,11,18,5,16,19,6,22,0,29,27,13,20,3,30
159;82;13445;6287;6,22,32,16,3,13,19,0,5,18,12,20,11,34,27,29,4,30,8,26,14,23,1,21,31,7,2,17,9,33,15,10,28,25,24
160;84;11660;5501;19,9,16,32,17,18,23,29,31,0,11,2,7,10,13,4,12,21,1,8,26,15,27,5,20,14,6,34,30,22,33,3,25,28,24
161;59;9771;5004;25,30,10,21,27,2,16,19,3,5,9,6,18,24,34,31,17,11,15,14,26,4,23,33,8,28,1,7,32,22,20,12,29,0,13
162;82;11662;5475;20,30,5,27,2,34,4,32,3,21,22,25,31,24,17,6,29,10,12,26,1,19,9,33,15,23,14,7,0,18,8,28,11,13,16
163;94;14085;6874;1,9,17,4,33,8,18,29,31,24,2,23,7,10,25,21,32,28,12,26,14,3,27,34,6,30,5,22,16,20,15,13,19,0,11
164;83;14639;7273;14,21,5,22,9,34,0,28,2,10,15,31,29,17,23,6,7,13,33,26,20,18,25,32,4,27,12,30,1,24,3,8,16,19,11
165;84;12856;6001;1,32,10,17,22,2,27,23,8,7,9,29,18,4,33,31,21,20,12,26,0,28,19,6,34,3,5,16,14,11,13,15,30,25,24
166;83;12850;6715;3,13,22,5,19,34,15,29,0,18,20,11,14,16,30,27,6,28,12,26,32,17,23,24,21,7,25,10,31,9,4,2,33,8,1
167;70;9805;4512;3,13,25,23,2,28,29,21,0,4,30,16,17,11,10,24,32,9,12,26,20,33,19,22,34,7,27,14,6,15,31,5,18,8,1
168;72;12226;5745;13,11,10,21,23,2,24,32,0,18,9,19,25,16,4,31,17,28,12,26,8,22,29,15,34,27,14,33,6,7,1,5,20,3,30
169;59;7993;4389;29,16,5,14,11,34,21,1,13,18,22,0,31,19,27,6,15,17,8,26,28,4,9,24,3,2,30,23,32,10,25,12,7,20,33
170;105;18297;8638;3,13,24,33,18,25,10,7,0,11,30,19,9,16,23,28,1,31,8,26,32,34,2,29,14,15,12,17,5,21,4,6,27,20,22
171;81;14027;6893;27,18,5,14,10,22,21,29,1,23,34,31,17,9,7,6,15,2,33,26,12,4,28,32,3,8,30,24,11,25,20,0,19,13,16
172;82;11643;5624;23,0,24,10,4,25,29,2,28,16,30,19,17,11,13,3,21,32,31,26,12,33,18,6,34,9,5,22,15,27,20,14,7,8,1
173;77;13418;6393;24,3,5,15,0,34,2,7,25,10,28,9,4,30,23,6,32,11,12,26,33,22,17,1,20,29,8,31,18,21,14,27,13,19,16
174;78;10438;5701;19,33,16,4,21,11,14,9,1,17,13,31,10,7,2,0,18,15,8,26,3,34,23,30,22,27,20,24,6,25,28,5,29,12,32
175;88;14644;7222;0,19,23,30,5,20,6,13,15,22,28,14,16,11,7,33,3,34,12,26,31,32,18,10,2,27,9,21,8,17,1,4,29,25,24
176;122;23135;11319;8,33,25,30,7,24,23,21,1,2,4,9,17,31,10,32,3,28,12,26,0,18,34,13,16,27,11,6,22,5,29,19,20,14,15
177;67;9203;4194;27,6,30,25,15,24,7,33,34,22,20,14,23,5,28,3,32,29,12,26,13,31,21,11,19,10,16,2,18,17,0,9,4,8,1
178;75;12817;6074;21,17,24,10,22,9,23,27,2,5,25,29,4,6,34,32,31,7,12,26,20,15,18,30,13,14,3,16,28,11,19,0,33,8,1
179;107;17697;8893;20,30,5,27,4,34,2,17,3,32,22,25,21,24,12,6,29,10,8,26,33,0,23,9,18,28,1,7,13,15,14,16,11,31,19
180;94;15295;7099;13,9,18,19,17,16,29,4,0,2,33,10,21,31,7,1,11,23,8,26,15,28,22,5,12,32,6,34,24,27,14,25,20,3,30
181;62;8585;4714;15,28,11,9,22,18,6,34,14,7,19,23,5,33,1,16,27,20,13,0,8,10,12,17,21,31,2,4,3,32,29,26,30,25,24
182;88;14639;6987;15,5,24,21,20,23,31,2,6,3,28,22,17,34,30,25,10,27,14,26,12,18,7,33,1,9,8,4,16,29,32,13,19,0,11
183;112;20139;10026;23,24,4,33,2,1,17,31,28,9,8,30,21,25,10,32,7,3,12,26,14,16,18,22,5,19,34,27,29,20,15,6,11,13,0
184;72;11010;5121;5,15,27,1,10,18,17,21,6,7,34,23,2,22,9,14,31,29,33,26,25,8,20,32,4,3,12,24,0,30,28,11,19,13,16
185;102;18282;9179;30,24,13,11,2,16,4,21,28,10,3,9,17,25,23,0,19,18,31,26,8,34,32,15,12,29,14,33,5,7,1,6,27,20,22
186;99;15285;7280;20,30,5,27,10,34,2,17,3,23,22,28,21,24,25,6,29,31,32,12,26,19,7,33,1,9,8,14,16,15,4,18,11,13,0
187;63;8599;4038;2,9,17,16,1,11,7,32,31,18,21,8,12,10,4,19,29,33,0,13,25,34,28,20,22,23,27,30,6,3,24,5,15,26,14
188;62;8603;4540;24,13,20,5,19,34,21,22,0,25,30,11,29,16,27,3,6,17,14,26,8,9,4,33,12,18,1,7,23,32,15,28,2,31,10
189;92;13466;6494;8,33,29,5,17,6,20,27,1,14,4,2,22,7,15,32,34,21,12,26,19,30,31,11,13,23,16,9,3,10,18,0,28,25,24
190;79;12840;5932;24,32,22,5,10,34,4,29,12,23,27,31,8,25,28,20,6,9,30,3,26,11,2,14,1,7,33,21,13,17,15,0,18,19,16
191;94;15290;7880;30,24,10,2,11,21,18,31,3,0,23,13,19,25,28,9,17,16,20,26,14,1,33,34,6,7,5,22,8,27,15,29,4,12,32
192;109;18891;8698;10,25,21,1,28,17,30,7,9,4,2,8,23,24,32,31,33,3,12,26,0,22,18,16,34,20,13,19,6,27,11,5,29,15,14
193;88;12277;6397;20,30,5,27,28,34,7,32,3,15,22,25,33,24,14,6,29,23,12,26,18,31,21,16,0,10,13,2,19,17,9,11,4,8,1
194;58;7972;3660;14,6,24,17,20,21,7,23,15,27,28,22,30,5,34,25,2,29,33,26,1,19,10,18,4,32,8,9,16,12,31,11,3,0,13
195;87;15265;7141;23,10,24,15,4,32,1,33,9,17,25,31,7,2,21,28,14,8,12,26,3,29,27,34,6,18,5,22,16,20,30,13,19,0,11
196;65;9802;5147;29,0,5,27,20,34,4,12,13,11,22,3,32,16,19,6,18,30,1,8,26,25,7,21,10,24,31,2,23,17,33,9,28,14,15
197;64;9185;4220;0,24,23,7,16,33,27,22,20,11,28,25,18,30,19,15,1,13,14,26,8,21,4,5,29,3,6,12,2,32,34,17,10,31,9
198;90;14664;6849;1,9,13,19,10,0,29,4,33,17,18,31,21,7,2,16,11,23,8,26,28,34,3,15,12,32,14,24,5,30,25,6,27,22,20
199;89;15851;7860;14,34,31,17,5,2,29,10,15,18,33,27,6,7,9,1,21,22,8,26,0,25,23,16,3,4,13,11,24,28,19,30,20,12,32
200;89;15277;7040;4,17,25,3,29,30,5,23,2,9,32,8,6,21,10,24,28,34,12,26,0,31,20,16,19,22,11,18,33,27,13,1,7,14,15
201;64;9810;5181;19,15,16,30,21,11,34,18,28,25,0,23,27,14,24,13,20,17,3,26,6,2,22,12,4,7,32,8,10,29,5,9,33,31,1
202;107;18898;8909;14,13,5,22,33,34,21,31,15,1,29,19,17,16,18,6,27,7,8,26,12,3,0,4,30,23,32,28,25,11,20,24,2,9,10
203;60;9189;4305;3,20,16,19,10,11,27,18,30,25,0,23,9,28,24,13,4,31,32,12,26,22,21,15,34,2,14,29,6,17,8,5,7,33,1
204;89;14649;7323;14,5,13,21,23,17,10,25,6,28,0,3,24,34,15,29,2,30,8,26,33,11,22,18,31,7,1,27,16,20,9,19,4,12,32
205;63;8607;3914;8,9,2,17,16,29,7,0,1,13,4,18,11,31,10,32,21,19,12,26,33,30,6,22,14,23,20,34,28,5,27,15,3,25,24
206;98;16488;8350;14,2,5,33,9,1,23,27,15,17,34,31,18,21,7,6,22,10,8,26,19,32,29,11,13,4,16,30,12,3,20,0,28,25,24
207;87;12859;6006;4,13,30,25,2,24,29,21,0,10,3,16,17,11,23,32,28,9,12,26,8,22,18,6,34,19,5,1,15,27,31,14,7,20,33
208;103;15883;7721;20,6,30,25,8,24,10,23,22,27,3,29,4,5,34,32,28,31,12,26,14,19,17,15,1,9,33,7,11,2,21,0,18,13,16
209;101;16505;8207;34,5,18,14,13,33,11,7,6,29,27,20,19,22,16,1,15,0,8,26,12,23,17,32,10,21,9,4,24,2,31,25,28,3,30
210;86;12867;6112;14,8,34,27,17,22,21,32,15,7,6,1,4,33,29,5,20,2,12,26,28,19,31,24,3,9,30,25,11,10,23,0,18,13,16
211;61;10977;5800;1,31,19,13,17,11,7,32,8,2,18,10,29,9,4,16,0,21,12,26,20,30,23,22,5,28,6,14,27,15,33,34,24,3,25
212;93;15264;7212;1,29,5,15,18,14,9,7,8,2,6,13,27,17,21,34,22,16,33,26,3,4,10,30,25,31,24,28,32,23,20,12,19,0,11
213;95;17070;8612;30,6,25,17,10,21,4,23,3,29,24,8,32,5,34,28,2,9,15,14,26,19,7,20,1,31,33,27,16,22,12,18,11,13,0
214;107;18918;8783;29,21,16,19,7,11,33,18,17,10,13,31,1,2,9,0,4,23,8,26,12,34,28,30,20,27,3,24,5,25,32,6,22,14,15
215;94;15282;7972;15,28,5,22,31,34,10,18,33,1,14,19,9,23,7,6,27,25,20,26,3,29,21,12,4,17,32,24,13,2,30,8,16,0,11
216;83;12248;5730;2,9,7,4,28,8,15,24,31,21,1,23,25,10,17,33,32,14,12,26,34,3,18,5,29,30,6,22,16,20,27,13,19,0,11
217;107;17100;8262;24,3,4,1,2,8,17,7,25,10,28,9,21,30,23,32,33,31,12,26,14,11,20,34,6,18,5,22,16,27,15,19,29,0,13
218;59;7978;4003;15,1,5,22,13,34,2,21,8,7,14,18,17,33,29,6,27,16,12,26,0,20,4,28,24,19,25,23,3,11,32,30,31,9,10
219;93;12891;6002;34,5,15,11,30,19,7,28,6,20,14,3,23,22,27,16,18,33,13,0,8,21,1,4,12,31,32,2,25,17,29,24,10,26,9
220;56;7969;3799;22,5,15,20,16,33,0,19,6,18,14,29,11,34,27,1,7,13,8,26,12,2,28,32,25,23,24,30,10,3,4,9,17,31,21
221;92;12868;6583;14,8,34,27,7,22,4,18,15,29,6,31,32,1,33,5,20,19,12,26,13,10,11,3,24,23,30,0,9,28,16,25,17,2,21
222;55;7971;3735;20,30,5,27,15,34,4,32,3,14,22,28,8,24,25,6,29,23,12,26,31,9,2,0,16,10,13,11,18,17,21,19,7,1,33
223;96;13493;6393;8,30,11,13,21,0,5,2,3,17,4,25,6,24,29,32,16,34,12,26,15,31,19,14,1,10,33,7,18,23,28,9,22,20,27
224;107;19520;9602;20,33,5,27,4,34,16,18,12,7,22,32,19,14,15,6,29,11,1,8,3,21,17,24,28,2,25,0,10,13,30,23,31,26,9
225;108;18908;9415;20,30,5,14,0,22,16,19,3,28,34,25,11,24,27,6,15,13,33,26,8,10,7,32,4,23,12,29,2,18,1,9,17,31,21
226;84;14042;6638;28,5,16,25,22,11,18,20,6,15,0,14,27,34,19,13,24,23,30,3,26,31,7,32,2,33,4,9,17,10,12,21,29,8,1
227;63;10399;4793;22,3,34,15,17,14,21,0,20,23,6,29,13,30,28,5,7,2,33,26,12,18,24,11,16,27,19,4,1,25,32,8,10,31,9
228;121;24324;11985;25,30,10,21,13,2,7,19,24,11,23,3,16,28,0,9,17,15,31,26,12,22,4,29,20,18,8,1,5,33,32,6,27,14,34
229;55;7375;3372;30,13,25,8,29,4,2,21,3,16,24,20,17,0,11,32,28,19,12,26,33,34,23,15,9,10,14,7,5,18,1,6,31,22,27
230;68;9202;4717;10,31,25,23,1,24,7,30,9,17,4,8,3,2,21,32,28,33,12,26,0,34,18,13,14,29,15,16,5,19,11,6,27,20,22
231;59;9176;4681;23,10,24,3,12,30,29,4,9,17,25,31,32,2,21,28,20,27,8,26,33,11,7,15,16,22,14,19,0,18,1,13,34,6,5
232;60;10381;4926;25,30,31,21,4,2,11,7,24,28,10,32,0,3,23,9,17,12,33,26,8,22,13,15,6,18,14,29,34,16,1,5,19,20,27
233;51;7358;3556;1,19,15,7,4,28,24,32,8,11,14,18,25,16,0,33,23,13,12,26,9,34,29,10,3,30,31,21,5,17,2,6,27,20,22
234;73;11608;6106;6,29,34,1,4,15,25,9,8,2,5,32,10,17,21,14,7,24,33,26,0,22,23,16,3,18,13,11,20,19,28,30,27,12,31
235;128;20175;9460;0,3,19,9,25,18,27,31,13,23,11,20,10,30,28,16,1,24,33,26,14,17,7,34,6,2,5,22,8,21,15,29,4,12,32
236;66;9184;4641;27,20,33,31,32,9,11,19,12,24,18,3,4,30,25,1,10,16,8,26,15,21,7,5,29,23,6,34,2,22,14,17,28,13,0
237;104;18896;9359;8,13,2,21,11,17,19,18,0,10,31,4,16,29,9,1,7,32,33,26,34,24,15,5,20,12,6,22,30,27,14,3,23,25,28
238;79;14024;6710;2,9,4,1,5,8,22,7,31,21,29,6,23,10,17,32,33,34,12,26,20,11,15,30,0,14,3,24,16,25,28,13,27,19,18
239;81;12835;6504;34,5,28,25,3,23,7,21,6,20,15,27,10,22,30,14,24,9,33,26,8,11,2,4,12,18,32,29,16,17,1,13,31,0,19
240;113;18374;9064;34,25,22,30,10,20,2,21,27,29,6,31,17,24,32,5,3,4,12,26,15,1,23,33,0,11,28,7,16,19,14,13,18,8,9
241;71;11625;5900;0,3,11,18,15,19,22,1,28,33,13,23,7,30,20,16,27,14,24,25,26,2,21,34,6,17,5,31,32,10,9,12,29,8,4
242;59;9771;4456;5,22,27,1,16,8,17,31,6,19,34,29,21,20,18,14,33,13,12,26,0,28,15,11,24,2,25,4,3,7,32,30,23,9,10
243;74;10441;4855;16,19,18,4,6,27,22,34,13,3,31,0,5,11,10,9,32,29,12,26,8,23,17,1,14,20,33,7,28,21,2,15,30,25,24
244;64;9792;5137;24,28,3,18,19,27,21,14,25,16,30,11,15,0,13,20,1,31,33,26,8,2,17,5,12,7,6,29,4,22,34,32,23,9,10
245;86;15253;6973;11,19,29,21,10,17,33,4,16,31,0,9,7,18,1,13,2,23,8,26,14,20,32,6,34,27,5,22,30,12,15,3,28,25,24
246;57;8569;3974;10,2,24,28,16,30,19,0,9,11,25,4,13,21,17,3,23,18,31,26,14,12,7,34,6,1,5,27,20,33,15,22,32,8,29
247;107;18311;8879;23,10,28,3,4,30,7,0,9,17,25,31,11,2,21,24,32,19,12,26,14,18,13,5,34,16,6,22,20,29,15,27,33,8,1
248;113;18936;8880;17,21,29,4,10,32,23,16,2,3,13,25,28,24,30,0,11,9,12,26,8,27,19,1,14,18,33,15,22,7,31,20,34,6,5
249;61;8581;4394;22,15,34,20,2,27,21,31,14,9,5,23,10,7,18,6,1,17,33,26,19,32,30,0,16,3,11,25,12,24,28,13,4,8,29
250;74;11024;5104;29,13,4,15,5,14,23,22,0,21,8,6,34,17,2,32,7,28,12,26,1,9,27,16,20,31,18,19,3,11,33,30,10,24,25
251;78;10438;4855;3,24,11,15,2,19,17,31,30,10,28,9,21,25,23,16,14,7,13,0,6,33,34,29,26,18,20,22,1,27,5,8,4,12,32
252;63;9180;4999;14,28,34,20,24,22,25,29,15,3,6,33,32,23,30,5,27,7,12,26,31,13,21,9,1,4,8,2,16,17,10,18,19,0,11
253;65;8617;4056;3,20,16,19,1,11,27,4,30,25,13,33,18,24,28,0,32,8,12,26,31,2,22,10,6,7,9,5,14,34,23,15,21,29,17
254;65;9189;4268;28,24,5,15,10,14,17,7,25,21,34,3,2,30,23,6,22,9,33,26,0,27,29,11,16,20,13,4,18,32,12,19,31,8,1
255;90;14644;7379;33,23,5,14,19,34,4,24,28,20,15,0,30,7,22,6,32,11,12,26,31,3,25,18,8,21,1,9,13,10,27,16,2,29,17
256;67;11006;5128;3,24,16,11,32,19,17,2,30,31,9,13,21,25,10,18,4,29,1,8,15,33,20,5,22,7,6,34,28,27,14,23,0,26,12
257;110;16519;7756;31,11,10,23,21,9,18,33,0,17,4,13,1,19,2,32,7,16,12,26,14,27,28,6,34,25,5,8,20,29,15,22,24,3,30
258;70;10420;5400;5,29,27,8,11,20,4,12,6,16,34,0,32,13,18,22,1,19,33,26,28,10,7,25,30,17,24,15,23,21,14,3,2,31,9
259;92;15849;7335;28,25,1,15,17,14,31,32,23,2,8,10,4,24,21,33,7,9,12,26,34,16,18,5,20,19,6,22,0,29,27,13,11,3,30
260;103;17710;8809;0,16,28,25,18,24,6,34,13,15,3,19,5,11,14,30,27,23,22,20,33,17,7,1,26,29,8,4,21,32,12,2,10,31,9
261;99;17705;8139;27,5,24,2,31,21,30,10,34,29,25,22,3,6,17,32,4,20,12,26,0,7,14,16,19,15,11,18,33,9,13,1,23,8,28
262;90;15270;7606;24,30,4,9,7,10,31,21,3,11,25,0,17,28,23,32,2,33,12,26,6,18,8,5,27,1,34,22,15,29,20,14,19,13,16
263;83;12259;5808;32,1,0,4,20,11,25,28,12,30,16,33,24,18,3,13,19,27,8,26,14,7,21,6,15,2,5,34,23,17,29,22,31,9,10
264;71;11015;5283;6,34,29,2,31,4,7,21,5,18,8,9,1,22,27,32,17,10,12,26,15,30,33,0,16,20,13,28,19,23,14,11,24,3,25
265;108;18297;9084;25,30,10,21,7,2,4,1,24,28,9,0,33,3,23,31,17,11,8,26,15,16,18,5,22,19,6,34,13,27,14,29,20,12,32
266;96;16471;8017;30,13,4,25,19,24,1,2,3,29,8,16,17,0,11,32,21,18,12,26,28,34,10,33,14,31,15,7,5,9,23,6,27,20,22
267;75;11604;6126;6,34,16,1,20,18,11,19,14,22,29,15,0,5,27,13,33,7,8,26,12,9,17,4,10,23,32,2,24,21,31,25,28,3,30
268;60;8570;4278;15,0,5,22,16,34,19,21,28,17,14,13,2,23,29,6,7,11,33,26,20,31,25,30,12,10,3,32,1,4,24,8,27,9,18
269;74;10428;5092;28,24,10,2,11,21,16,0,25,4,23,3,13,30,32,31,17,19,12,26,14,18,20,34,6,7,5,27,1,22,15,33,9,8,29
270;98;18287;9203;31,10,5,15,7,14,1,22,9,17,6,23,18,2,21,34,27,33,12,26,20,16,29,24,3,25,30,4,19,8,32,11,28,0,13
271;108;18896;9678;30,9,24,2,14,21,19,7,3,31,28,20,15,10,23,25,17,22,33,26,8,16,6,4,11,5,12,32,13,29,1,0,34,27,18
272;61;8586;4270;3,13,24,32,29,25,34,5,0,8,30,16,6,11,4,28,12,19,14,15,1,2,27,33,31,20,9,7,23,22,18,10,17,26,21
273;87;12871;6638;29,17,5,15,10,14,23,22,8,2,6,31,7,21,4,34,32,9,12,26,33,20,18,16,0,27,13,11,30,19,1,3,28,24,25
274;123;19548;10109;14,21,5,29,9,22,16,13,15,10,34,2,18,17,31,6,27,23,3,26,30,11,19,25,12,7,24,28,4,33,20,32,0,8,1
275;81;12838;6937;14,25,5,27,7,22,17,1,15,33,34,24,21,28,23,6,29,2,8,26,12,3,20,11,16,18,19,4,0,30,32,13,10,31,9
276;93;15267;8026;33,15,17,31,34,21,6,25,14,23,1,28,24,7,9,2,10,5,8,26,12,0,27,32,11,22,4,19,13,18,29,16,20,3,30
277;73;11028;5566;19,15,16,33,2,18,17,31,0,4,13,14,10,11,7,1,9,21,8,26,6,3,32,34,22,23,5,27,30,12,29,20,28,25,24
278;111;17711;10071;1,4,17,10,7,31,34,18,8,24,2,33,27,32,25,21,9,14,12,26,0,22,23,16,3,15,13,19,20,28,11,30,29,6,5
279;66;10993;5259;23,9,24,3,17,30,16,4,0,2,28,13,11,10,21,25,32,29,12,26,1,22,31,33,27,7,20,18,15,19,8,14,34,6,5
280;98;15887;8734;4,17,25,3,6,30,5,27,2,31,32,29,34,21,10,24,20,22,12,26,18,7,23,16,0,28,13,19,33,11,9,1,15,8,14
281;88;15257;7522;13,11,30,1,23,33,9,27,0,18,3,28,10,16,19,20,31,7,12,26,24,34,4,21,29,8,25,17,5,2,32,6,22,15,14
282;119;19547;10000;2,17,10,4,34,32,27,1,21,24,9,6,18,29,25,31,8,5,12,26,3,33,16,30,0,22,20,11,23,19,13,28,7,14,15
283;106;16510;7805;19,1,11,4,3,0,10,7,8,9,16,20,31,33,18,13,32,30,12,26,28,34,2,15,22,29,14,21,6,17,23,5,27,25,24
284;114;19526;10026;28,9,30,32,17,3,7,11,23,21,25,31,0,10,2,24,4,19,12,26,33,34,18,1,29,16,8,22,5,27,20,6,13,15,14
285;91;15867;7377;20,30,5,27,10,34,2,17,3,23,22,28,21,24,25,6,29,31,9,26,0,7,18,12,4,19,32,11,1,16,13,8,15,33,14
286;93;16478;8369;1,16,15,5,0,34,7,29,19,13,33,11,22,18,27,14,6,20,8,26,3,2,4,30,25,23,24,28,10,32,12,9,17,31,21
287;99;15904;7341;6,34,13,11,7,16,17,18,5,15,29,27,4,22,14,0,19,2,1,8,33,3,9,28,25,21,26,23,30,10,31,24,20,12,32
288;95;14668;7256;8,32,5,16,18,22,7,19,12,27,29,14,15,4,34,6,11,1,0,13,3,10,33,30,25,17,24,28,21,23,20,26,2,31,9
289;84;14065;6628;25,32,17,10,7,31,0,23,24,1,2,8,28,4,33,21,9,11,12,26,14,29,18,34,6,19,5,22,13,27,15,16,20,3,30
290;71;8628;3919;3,24,11,13,33,0,1,18,30,28,4,20,8,25,19,32,16,7,12,26,15,31,9,14,5,10,34,22,29,23,27,6,21,2,17
291;180;32890;15814;13,28,11,1,2,18,21,10,0,7,16,15,17,23,9,19,31,14,33,26,8,34,3,32,29,25,12,24,5,30,4,6,27,22,20
292;48;6742;3260;34,15,22,8,19,29,7,11,14,16,5,18,0,27,13,6,4,1,32,12,31,17,30,10,2,20,9,25,26,24,3,21,23,33,28
293;93;15863;7770;4,13,30,25,17,24,21,23,8,16,3,29,10,0,11,32,28,2,12,26,14,18,7,6,34,9,5,33,27,1,15,22,19,20,31
294;65;9797;4457;27,6,30,25,23,24,10,33,34,15,20,14,7,5,22,3,28,9,12,26,4,11,21,29,1,31,8,17,0,2,32,13,18,19,16
295;100;15894;8145;16,0,18,19,17,9,21,31,13,2,8,29,10,11,4,1,7,32,33,26,14,20,23,6,34,27,5,22,30,28,15,3,25,12,24
296;115;18946;8618;8,16,5,14,17,34,2,22,13,11,29,19,7,0,4,6,15,21,32,12,24,9,23,3,20,31,30,28,33,10,25,26,27,1,18
297;106;17701;8891;14,18,5,22,2,27,23,17,15,31,34,9,21,1,7,6,29,10,33,26,12,11,4,25,30,8,24,28,0,20,32,3,19,13,16
298;98;16472;7614;22,27,5,15,0,14,7,1,20,13,34,19,33,18,16,6,29,11,8,26,12,23,17,32,10,31,9,2,24,21,4,25,28,3,30
299;101;18895;9375;34,6,18,33,29,1,16,7,14,20,27,15,19,5,22,8,31,13,12,26,23,4,17,10,25,0,28,2,32,21,9,24,11,3,30
300;59;9184;4249;15,6,24,10,17,23,7,30,14,2,28,34,3,5,21,25,9,22,33,26,8,19,31,12,4,20,32,18,16,27,1,11,29,0,13
301;74;13419;6309;27,6,4,33,14,1,19,7,34,22,8,29,15,5,20,32,18,31,12,26,13,28,9,0,30,10,3,11,25,23,16,24,21,2,17
302;81;12850;6539;28,1,30,20,9,3,2,27,8,10,25,23,18,33,31,24,4,7,32,12,15,16,21,5,29,17,6,34,13,22,14,26,19,0,11
303;95;15266;7016;11,30,32,13,25,0,28,18,3,19,12,20,27,24,16,4,29,22,1,8,31,33,23,2,26,7,21,17,15,10,9,14,34,6,5
304;75;12242;6214;27,5,30,25,23,24,10,33,34,14,20,15,21,6,22,3,28,31,12,26,8,9,17,4,18,7,1,29,16,2,32,13,19,0,11
305;59;9174;4327;20,30,5,14,25,34,11,7,3,23,22,24,19,28,27,6,15,0,33,26,1,17,21,18,16,2,8,9,29,10,31,13,4,12,32
306;94;15265;7166;11,4,16,1,10,8,7,29,19,21,0,31,9,2,17,13,18,23,33,26,3,32,22,5,30,14,6,34,24,27,20,12,15,25,28
307;65;8606;4562;15,28,1,32,21,7,17,31,14,10,33,25,2,23,9,8,4,24,12,26,0,34,29,16,27,22,13,18,5,19,11,6,20,3,30
308;84;15239;7207;22,30,6,11,18,19,23,28,20,13,34,27,29,3,16,5,0,12,15,14,33,2,4,1,31,32,8,9,21,10,7,26,17,25,24
309;73;11004;5112;27,6,30,25,33,24,7,32,34,15,20,14,23,5,22,3,28,29,12,26,0,31,21,16,19,10,11,2,8,17,13,4,9,1,18
310;88;14072;7274;22,5,30,25,19,24,0,23,6,15,20,14,7,34,27,3,28,11,33,26,13,2,21,18,1,17,9,31,29,10,16,8,4,12,32
311;93;15268;6971;23,24,15,11,9,0,17,7,25,10,28,3,2,30,21,14,19,31,33,26,1,29,13,32,8,20,12,18,5,16,4,6,22,34,27
312;92;15273;7785;28,9,24,8,17,4,15,33,23,21,25,31,7,10,2,32,1,14,12,26,0,22,18,16,34,29,13,19,6,27,11,5,20,3,30
313;76;11033;5059;24,30,10,21,4,31,33,17,3,32,25,8,7,28,23,9,2,1,12,26,0,34,20,16,19,22,13,18,5,27,11,6,29,15,14
314;67;9815;4560;28,24,16,19,17,11,8,18,25,21,13,3,1,30,14,0,15,29,33,26,9,34,23,4,12,31,32,2,5,10,7,6,27,20,22
315;91;17054;8794;3,24,16,4,10,11,7,19,30,23,0,20,33,25,28,13,32,9,12,26,14,31,21,6,34,2,5,29,27,17,15,22,18,8,1
316;73;10428;4884;11,19,29,21,10,17,7,4,16,31,0,9,32,18,1,13,2,33,8,26,6,3,15,34,22,23,5,27,30,14,12,20,28,25,24
317;62;9788;4666;8,13,27,20,19,33,5,7,29,11,18,0,34,16,4,1,22,6,32,12,26,10,17,30,25,2,24,3,23,21,31,28,9,14,15
318;86;13451;6829;3,20,11,19,1,16,4,27,30,24,0,33,32,28,25,13,18,8,12,26,31,29,7,2,17,22,21,10,15,23,9,14,34,6,5
319;84;14653;6890;30,0,25,23,29,28,2,21,3,8,24,13,17,11,4,32,10,16,12,26,33,19,9,27,22,31,20,18,15,7,1,14,34,6,5
320;130;20775;10153;24,28,4,16,21,11,17,31,25,10,32,23,2,30,3,12,19,9,13,0,8,34,18,1,22,7,33,20,5,27,29,6,15,26,14
321;89;14676;6837;22,15,34,18,4,27,23,32,14,16,5,11,10,19,31,6,9,7,12,26,3,29,2,24,28,17,30,25,13,21,20,0,33,8,1
322;70;10409;5794;29,5,3,11,27,24,18,0,6,13,20,34,19,22,16,30,4,8,32,12,28,2,10,15,33,25,14,7,21,9,23,26,17,31,1
323;61;9195;4298;14,16,33,17,34,31,22,18,15,5,29,19,27,13,6,1,21,20,8,26,9,30,7,10,28,32,23,3,24,4,2,25,11,12,0
324;95;15871;7587;22,5,3,24,17,30,21,4,34,8,27,31,10,6,29,20,25,2,32,12,26,28,1,19,16,7,11,18,0,33,9,13,23,14,15
325;68;11605;6047;3,24,19,9,12,18,27,4,30,23,11,28,32,25,10,16,31,20,13,0,26,29,7,33,8,22,1,17,15,2,21,14,34,6,5
326;99;15297;7226;23,11,25,30,31,24,7,21,0,2,28,9,17,4,10,32,3,19,12,26,14,1,20,34,6,33,5,22,8,27,15,29,18,13,16
327;79;12234;6330;13,11,29,2,18,17,9,31,0,1,4,19,10,16,8,32,21,7,12,26,3,34,23,30,22,27,20,24,6,28,25,5,33,14,15
328;97;16475;7827;18,20,33,10,19,31,11,2,12,32,9,22,4,27,7,1,23,16,8,26,28,34,21,24,3,17,30,15,5,14,25,6,29,0,13
329;116;20138;10000;20,5,24,10,17,25,2,28,6,31,30,22,21,34,27,3,23,29,9,26,12,16,7,4,11,18,8,1,13,33,32,0,19,14,15
330;90;15258;7202;3,19,24,23,22,28,5,9,20,18,30,16,34,11,27,25,10,6,31,26,12,2,0,33,8,13,1,4,17,7,32,29,21,14,15
331;95;15278;7722;15,9,25,30,17,24,11,7,14,2,23,31,0,10,21,28,3,19,33,26,8,22,20,32,29,27,12,4,16,18,1,13,34,6,5
332;112;17120;8216;25,10,30,12,1,20,27,4,31,17,24,9,8,21,2,3,32,18,33,26,28,34,7,15,13,29,0,14,6,22,23,5,11,19,16
333;66;11608;5469;2,17,4,10,16,9,7,1,29,0,8,13,18,21,11,32,31,19,12,26,3,22,23,24,20,14,30,25,34,28,33,27,15,6,5
334;66;9811;5108;6,34,17,32,7,2,23,10,14,25,29,15,9,5,24,21,4,22,8,26,12,11,30,33,18,3,1,27,16,20,31,19,28,0,13
335;68;10405;5089;8,18,4,17,6,2,34,10,1,13,31,16,27,9,29,32,21,5,12,26,3,11,22,30,28,7,20,24,0,23,25,33,19,14,15
336;85;12247;5809;5,34,14,7,2,15,23,18,6,17,22,31,9,27,21,20,1,10,33,26,0,24,28,11,13,25,16,3,32,30,19,12,29,8,4
337;95;17057;8542;10,23,2,25,5,17,22,7,9,15,31,34,6,28,14,21,24,27,33,26,8,32,29,16,0,20,13,18,4,19,1,11,30,12,3
338;85;12244;5592;9,1,17,10,13,31,28,15,33,19,2,16,0,18,7,21,23,11,14,26,34,12,25,5,20,29,6,22,3,24,27,30,32,8,4
339;78;14054;7245;3,24,34,20,10,22,16,18,30,9,6,25,19,28,23,5,27,31,15,14,26,29,7,33,8,11,1,32,13,4,12,0,21,2,17
340;89;15261;7127;30,25,10,4,11,2,19,31,24,17,3,28,7,23,21,9,32,0,12,26,1,22,20,13,29,27,8,16,5,18,33,6,34,15,14
341;114;20735;10089;27,6,3,25,31,24,21,23,34,15,20,14,10,5,22,30,28,33,12,26,19,32,2,16,0,17,11,18,4,7,9,13,29,8,1
342;88;15240;7172;31,10,7,14,18,15,25,22,9,17,1,23,27,2,21,33,19,28,20,26,12,16,8,30,11,29,3,32,13,4,24,0,34,6,5
343;66;9793;4733;16,0,11,33,14,30,10,18,13,7,19,15,9,28,23,3,1,31,20,26,8,34,22,32,29,27,12,6,25,5,4,24,21,2,17
344;98;16476;8294;14,28,5,16,21,3,2,29,15,24,34,25,17,23,30,6,11,10,0,13,12,18,4,27,33,9,20,22,8,7,32,1,19,26,31
345;70;10404;4719;1,27,25,3,31,30,13,29,18,5,8,9,10,34,6,24,4,16,32,12,33,2,22,28,14,17,15,23,21,7,20,26,19,0,11
346;83;12240;6589;12,1,16,19,20,11,27,30,8,4,13,33,3,18,32,0,28,7,24,25,26,2,23,6,34,22,5,31,17,10,9,21,29,14,15
347;83;14054;6632;29,5,4,17,13,2,16,11,6,25,8,27,0,34,24,32,21,18,12,26,14,7,22,15,23,19,28,30,1,20,3,33,10,9,31
348;73;10412;4872;25,18,3,33,21,20,7,4,1,10,24,31,2,27,9,30,32,17,12,26,14,16,23,5,15,29,6,22,11,28,34,19,13,8,0
349;60;9788;5112;29,13,17,21,30,2,5,25,8,16,4,3,6,0,11,32,24,34,12,26,14,19,28,33,31,10,1,7,18,23,15,9,27,20,22
350;81;12815;6036;14,23,5,10,25,9,27,22,15,17,34,28,7,2,21,6,31,24,33,26,20,8,1,19,11,29,16,3,0,18,30,13,4,12,32
351;109;18300;8809;13,29,16,4,22,19,20,18,8,34,0,3,27,6,5,11,32,30,12,26,31,15,24,10,25,14,9,2,28,17,21,23,7,33,1
352;96;15880;7624;29,5,21,2,24,17,9,23,6,4,14,22,10,34,32,15,7,25,12,26,20,11,27,30,13,18,3,0,19,28,33,16,31,8,1
353;84;16432;8065;27,6,24,3,10,30,2,21,34,29,25,31,17,5,22,20,32,4,12,26,0,1,23,11,15,7,19,16,33,28,13,14,18,8,9
354;95;15877;7597;3,20,16,19,34,11,18,29,30,5,13,24,27,22,6,0,4,25,32,12,26,28,17,10,23,7,9,2,15,21,31,14,33,8,1
355;80;13422;6369;29,13,4,30,17,3,2,25,6,16,8,5,21,0,11,32,24,34,12,26,31,15,28,9,1,7,18,19,14,23,10,33,27,20,22
356;73;11594;6225;18,16,33,32,24,12,25,10,19,30,31,20,9,11,3,1,4,27,8,26,14,34,7,29,22,23,15,17,5,2,21,6,28,0,13
357;61;9187;4186;13,18,29,34,9,5,10,4,16,31,8,19,3,1,27,6,22,11,32,12,30,15,0,28,25,7,24,23,14,33,20,26,17,2,21
358;56;8575;4039;30,9,24,34,19,27,6,22,3,18,20,16,5,10,31,25,21,11,14,26,28,4,2,33,8,17,1,7,32,23,15,12,29,0,13
359;87;12274;6449;13,14,11,1,27,18,7,29,0,5,16,34,22,15,6,19,33,20,8,26,12,9,17,4,10,23,32,2,24,21,31,25,28,3,30
360;98;16501;7615;3,0,17,10,25,21,28,9,13,24,4,16,23,11,30,2,31,19,32,12,26,34,18,33,8,29,1,22,5,27,20,6,7,14,15
361;87;12881;6518;24,30,10,21,11,2,13,29,3,4,25,32,0,28,23,9,17,16,8,26,1,22,7,33,20,18,14,15,34,19,31,27,6,12,5
362;83;14633;7061;8,9,3,4,17,30,16,29,31,21,25,1,13,10,2,24,11,18,32,12,26,22,23,15,34,0,14,33,6,7,28,5,19,20,27
363;120;20141;9852;2,31,7,28,19,23,11,13,9,17,14,1,16,10,21,15,0,18,33,26,22,29,30,34,6,24,5,27,32,3,20,12,25,8,4
364;83;14647;6910;19,9,13,11,25,0,12,29,31,17,18,21,32,10,2,16,4,24,1,8,3,15,23,20,22,7,26,33,6,28,30,5,27,14,34
365;96;14689;6976;10,31,24,28,11,25,16,0,9,17,3,19,13,2,21,30,23,18,20,26,14,1,33,34,6,7,5,22,8,27,15,29,4,12,32
366;60;7986;4275;16,11,29,21,22,17,18,14,19,5,0,15,27,6,34,13,2,7,31,26,1,25,23,8,32,28,4,9,24,10,33,12,3,20,30
367;101;17091;7989;16,0,8,9,17,18,21,23,13,2,19,31,10,11,4,1,7,29,33,26,22,24,15,5,20,28,6,34,3,27,14,30,25,12,32
368;69;12200;6154;29,17,5,15,30,14,4,16,21,0,6,24,11,2,13,34,3,32,8,26,12,19,7,18,27,10,9,31,22,33,1,20,23,25,28
369;77;11033;5323;24,21,8,33,31,1,15,23,25,10,4,17,28,2,9,32,7,14,12,26,34,3,18,5,29,30,6,22,16,20,27,13,19,0,11
370;96;15279;7130;34,5,33,27,2,18,10,21,6,7,14,22,17,15,9,1,31,23,8,26,20,16,19,30,11,29,3,24,13,28,25,0,4,12,32
371;72;10424;5633;25,21,32,23,11,28,16,13,2,4,24,31,29,17,10,12,0,19,30,3,14,33,20,34,6,7,5,22,1,27,15,8,18,26,9
372;88;15830;7349;14,5,13,11,17,16,2,18,6,27,15,29,21,34,22,0,19,31,20,26,30,4,9,24,28,7,25,23,32,10,3,12,33,8,1
373;63;9784;4558;31,10,11,32,24,4,30,29,9,17,19,21,3,2,18,16,12,25,0,13,8,34,20,33,15,27,14,7,6,22,1,5,23,26,28
374;96;14658;7444;29,5,16,19,2,11,10,23,6,17,13,31,21,34,22,0,7,9,15,14,26,1,27,30,20,18,3,24,8,25,28,33,4,12,32
375;83;14638;6820;1,9,19,0,10,11,30,4,33,23,18,31,3,7,28,16,13,20,8,26,14,34,24,21,29,32,17,2,5,25,15,6,27,12,22
376;79;11626;6037;31,17,18,23,34,10,6,22,2,15,1,27,5,21,14,9,7,29,33,26,20,16,13,24,3,8,30,25,19,0,28,11,4,12,32
377;77;12824;6016;23,30,10,2,22,21,6,34,28,27,24,20,5,3,31,25,17,29,9,26,12,19,14,33,8,18,1,7,11,15,32,4,16,0,13
378;88;13466;6296;31,10,33,21,22,2,6,34,9,15,14,18,5,23,7,1,17,27,8,26,24,19,20,30,13,29,3,0,11,28,25,16,4,12,32
379;101;16481;8166;15,5,17,31,27,2,18,10,6,23,14,22,9,34,7,21,1,29,33,26,12,24,19,16,0,20,13,11,30,4,32,3,28,8,25
380;71;11614;5325;9,23,18,14,17,27,19,7,25,2,31,28,15,10,21,1,34,24,33,26,12,29,13,32,30,16,20,4,8,11,0,3,22,6,5
381;93;15870;8043;4,2,24,3,11,30,7,23,9,17,25,31,0,10,21,32,28,19,12,26,8,18,16,6,34,20,5,29,1,22,13,27,33,14,15
382;78;12254;5583;14,34,33,21,31,17,10,7,6,22,29,27,9,5,15,1,2,18,8,26,24,4,23,3,20,13,30,28,32,0,25,12,16,19,11
383;86;12852;5985;29,5,16,19,15,11,7,8,6,27,13,22,1,34,18,0,4,14,32,12,26,21,33,30,25,23,24,3,10,28,20,9,17,31,2
384;85;15244;7629;3,24,16,4,21,11,2,29,30,10,13,25,17,28,23,0,32,9,12,26,8,22,18,1,20,7,33,19,15,27,31,14,34,6,5
385;95;15297;7171;28,9,24,2,19,4,16,17,23,11,25,31,13,10,0,32,21,18,12,26,14,8,30,34,6,29,5,27,20,3,15,22,7,33,1
386;54;7356;4052;11,13,24,3,29,30,18,20,0,12,28,19,27,16,32,25,4,22,8,26,31,7,17,10,33,23,9,2,15,21,1,14,34,6,5
387;102;18889;8996;19,11,30,15,5,28,27,7,0,22,3,13,34,16,23,20,14,6,33,26,12,17,29,32,25,18,24,4,2,1,8,21,9,31,10
388;57;7964;3623;5,34,15,33,13,1,16,2,6,17,22,27,18,29,21,14,7,0,8,26,23,4,25,9,3,20,10,30,32,24,28,12,11,31,19
389;124;21352;10460;1,13,15,32,19,7,21,2,8,16,14,29,17,0,11,33,4,18,12,26,25,31,10,24,20,9,30,3,22,23,28,27,34,6,5
390;95;13485;6283;8,33,5,29,2,22,10,23,1,17,34,31,21,7,4,6,32,9,12,26,15,30,19,13,28,18,0,16,24,11,14,25,27,3,20
391;82;15826;7964;9,10,1,19,21,18,13,11,31,28,33,2,0,23,7,15,16,17,14,26,8,20,22,6,24,27,25,5,3,34,29,30,4,12,32
392;84;14649;6882;16,11,5,0,9,13,7,28,19,27,34,31,23,18,22,6,3,10,14,15,26,4,17,24,20,29,30,21,32,2,25,12,33,8,1
393;82;15240;7475;27,5,18,10,13,9,2,21,34,29,31,14,17,6,22,1,3,16,8,26,20,4,7,24,28,15,30,25,32,23,33,12,19,0,11
394;108;18917;9393;12,4,30,10,11,3,16,0,32,17,24,29,13,2,21,25,31,19,23,28,26,34,9,33,14,18,15,1,5,7,8,6,27,20,22
395;89;14645;7679;24,32,20,27,0,22,7,10,12,23,30,4,9,25,28,3,34,11,5,6,26,19,2,33,8,29,1,21,15,17,31,14,18,13,16
396;76;12211;6145;29,4,5,14,10,34,23,22,8,17,32,9,7,2,21,6,15,31,12,26,25,18,33,24,3,1,30,20,16,27,28,13,19,0,11
397;105;18283;9081;24,30,17,4,16,32,31,8,25,11,21,0,10,3,13,2,29,19,12,26,9,33,1,6,22,7,5,34,15,27,18,14,20,28,23
398;81;13446;6822;34,15,22,30,23,20,10,33,14,28,5,25,31,27,24,6,3,21,12,26,0,4,7,11,13,32,16,18,8,9,19,1,2,29,17
399;95;15881;8153;29,1,34,22,31,27,23,33,8,4,6,9,7,18,32,5,20,10,12,26,13,28,17,0,30,21,3,11,25,19,16,24,2,14,15
400;55;7980;3948;13,11,5,12,20,29,3,4,0,27,34,19,18,16,22,6,32,30,8,26,14,10,7,17,2,23,21,33,9,1,15,31,28,25,24
401;99;16499;8234;27,22,5,30,16,3,0,23,20,19,34,18,11,14,15,6,28,13,24,25,26,31,29,12,4,10,32,2,1,17,21,8,9,33,7
402;129;20782;10620;4,10,24,3,11,30,18,0,9,17,25,31,16,2,21,32,13,19,12,26,34,33,29,6,22,1,5,20,15,8,27,14,7,28,23
403;84;12282;6822;12,1,5,22,4,27,11,7,8,32,6,18,19,33,29,34,20,16,15,14,26,3,9,17,25,23,21,2,30,10,31,24,28,0,13
404;108;19531;10482;22,5,24,28,21,30,2,7,6,14,25,27,17,34,15,20,23,29,33,26,12,18,1,19,0,31,11,4,13,8,32,16,10,3,9
405;93;17081;10043;6,5,8,2,20,4,14,21,3,30,29,22,25,34,24,32,17,27,12,26,13,9,15,18,0,28,16,1,19,7,33,11,23,31,10
406;108;19526;9471;13,11,5,27,9,34,10,1,0,19,29,3,31,16,18,6,22,4,8,26,14,33,17,15,25,7,28,21,30,2,23,24,20,12,32
407;85;14037;7163;21,10,14,25,1,28,4,32,9,17,23,31,7,2,33,15,24,8,12,26,22,29,30,5,3,18,6,34,16,27,20,13,19,0,11
408;109;17718;8227;15,5,3,24,7,30,17,21,6,10,14,9,2,34,23,28,25,22,33,26,1,11,20,18,16,29,8,19,0,27,31,13,4,12,32
409;73;10401;5477;29,16,34,14,11,22,21,1,13,19,6,0,31,18,27,5,15,17,8,26,20,10,7,30,24,2,3,28,9,23,33,25,4,12,32
410;71;12806;5946;8,32,11,30,27,20,7,29,12,1,19,33,22,4,18,16,3,31,0,13,15,17,28,34,25,23,14,5,2,24,6,21,10,26,9
411;115;16570;7994;24,30,17,32,14,4,34,6,25,23,21,28,5,3,10,2,29,15,8,26,12,19,7,33,31,9,1,27,16,22,20,18,11,13,0
412;72;9205;4536;13,5,24,4,16,32,21,25,0,11,3,34,17,6,29,30,8,2,12,26,31,19,10,18,33,23,1,9,22,7,27,20,28,14,15
413;78;14010;6558;28,11,30,32,31,3,7,21,0,2,25,9,17,23,10,24,4,19,12,26,22,1,15,34,6,33,5,27,8,14,20,29,18,13,16
414;55;9160;4245;24,9,2,17,28,21,11,13,25,30,4,23,0,10,3,32,29,16,12,26,8,27,19,1,14,18,33,15,22,7,31,20,34,6,5
415;68;9206;4880;8,18,0,4,2,11,21,7,1,29,16,31,17,9,19,13,32,10,12,26,28,34,25,15,3,33,14,30,5,24,23,6,27,22,20
416;89;15853;7321;13,30,11,32,23,4,9,7,3,19,0,28,18,20,16,12,33,10,1,8,14,17,27,5,34,31,6,22,21,29,15,26,2,25,24
417;110;17140;8646;0,16,9,4,21,8,23,10,13,17,18,19,31,11,2,1,7,29,33,26,12,34,28,30,20,27,3,24,5,25,32,6,22,14,15
418;72;12838;5896;14,28,5,29,2,22,31,9,15,21,34,0,10,23,17,6,7,13,33,26,8,16,27,12,4,25,32,20,19,18,1,11,24,3,30
419;86;14057;6786;13,11,17,4,1,2,18,10,0,31,29,19,9,16,8,21,32,7,12,26,3,24,27,22,30,33,20,5,15,34,6,14,23,25,28
420;92;12890;6395;4,9,24,30,7,28,33,21,8,2,25,31,17,10,23,32,3,1,12,26,6,16,20,5,14,18,34,22,13,27,29,15,19,0,11
421;64;10992;4995;20,27,24,28,11,25,7,13,12,19,30,32,0,18,16,3,33,4,1,8,26,34,23,21,2,29,17,9,5,10,31,6,22,15,14
422;74;10428;5103;22,5,15,19,16,33,11,31,6,29,20,13,18,34,27,14,7,0,1,8,26,10,17,32,9,23,12,2,25,21,4,24,28,3,30
423;79;12253;6023;30,25,5,27,31,34,17,29,3,23,20,10,21,24,28,6,22,2,12,26,14,11,32,1,19,4,8,33,16,7,15,18,9,13,0
424;101;17698;8174;30,9,24,2,13,21,19,7,3,0,28,31,11,10,23,25,17,16,33,26,34,32,15,5,29,20,6,22,12,27,14,8,4,1,18
425;110;18311;9061;27,1,5,14,2,22,21,23,33,9,34,31,10,18,7,6,15,17,12,26,20,11,32,30,0,4,3,24,16,25,28,13,19,8,29
426;112;16529;7738;12,4,30,27,16,22,18,24,8,13,3,11,0,32,29,20,34,19,5,6,26,10,28,21,2,25,17,15,9,23,14,31,7,1,33
427;82;13429;6867;27,6,30,25,15,24,7,33,34,28,20,14,23,5,22,3,32,29,12,26,31,16,1,21,17,4,2,9,11,18,10,19,8,0,13
428;91;14067;6531;3,13,25,32,2,28,29,21,0,10,30,16,17,11,4,24,23,9,12,26,31,6,18,20,22,7,27,33,5,1,19,34,8,14,15
429;71;10422;5175;4,9,1,17,16,2,7,19,32,18,8,13,11,10,29,31,21,0,12,26,22,28,33,6,34,25,5,27,15,23,20,14,24,3,30
430;102;18294;8836;34,5,25,30,7,24,17,23,6,15,27,33,21,22,14,20,28,2,12,26,19,3,10,16,4,32,11,18,13,9,31,0,29,8,1
431;93;17064;8260;22,30,34,15,10,27,16,18,20,23,5,31,9,3,28,6,14,19,12,26,25,7,21,32,8,29,4,2,33,17,24,1,11,0,13
432;74;11024;5275;8,33,10,4,25,2,30,3,1,17,31,23,24,7,21,9,32,28,12,26,22,14,18,6,34,15,5,27,16,29,20,13,19,0,11
433;100;17081;8073;3,24,34,22,21,27,17,31,30,10,6,28,2,25,23,5,20,9,12,26,33,16,14,4,8,18,1,7,11,15,32,19,29,0,13
434;87;14047;7029;3,24,16,19,34,11,22,6,30,17,13,20,5,25,21,0,29,27,14,26,12,10,18,8,33,2,1,4,31,7,32,9,15,28,23
435;82;15227;7046;29,24,4,0,34,11,5,16,25,2,8,14,6,21,17,32,13,15,12,26,33,23,7,31,30,18,3,10,28,9,1,20,27,19,22
436;78;12232;6387;30,28,25,1,11,4,31,7,3,9,24,0,2,23,10,8,33,19,32,12,26,20,17,6,34,29,5,14,27,21,15,22,18,13,16
437;124;21955;10244;30,24,5,22,10,27,17,15,3,23,6,31,21,25,28,34,20,2,14,26,1,16,7,8,32,19,12,18,11,9,33,4,29,0,13
438;95;16470;8511;29,17,4,18,34,1,25,10,6,31,8,5,27,2,21,32,9,24,12,26,15,28,22,19,16,23,11,33,13,7,14,0,20,3,30
439;107;18308;8516;29,5,2,10,18,31,1,4,6,27,17,22,8,34,9,21,32,7,12,26,24,19,14,20,28,23,30,33,11,15,25,0,3,13,16
440;86;14633;7667;1,9,16,11,17,0,14,15,33,2,19,31,21,18,7,13,4,10,8,26,12,34,23,24,3,29,30,25,5,28,32,6,27,20,22
441;107;18323;8518;25,30,4,9,34,10,5,29,24,27,3,20,6,28,23,32,31,22,8,12,26,19,2,18,13,7,16,21,11,17,1,0,33,14,15
442;72;10423;5603;3,24,0,4,18,11,9,23,30,19,16,20,10,25,28,13,32,27,12,26,33,29,22,15,6,31,14,5,8,34,7,1,21,2,17
443;51;7363;3477;27,5,18,31,7,9,17,21,34,15,33,22,2,6,14,1,10,23,12,26,20,25,29,3,24,28,30,4,0,8,32,11,19,13,16
444;89;13456;6256;23,10,5,15,25,14,27,7,9,17,34,31,22,2,21,6,28,24,33,26,0,29,30,16,12,3,13,11,4,19,20,32,18,8,1
445;140;24388;12060;31,10,5,22,14,27,7,24,9,21,34,23,25,2,17,6,29,15,32,12,26,16,28,30,11,4,3,19,13,33,20,0,18,8,1
446;75;11640;5286;29,21,16,19,10,11,24,3,17,8,13,31,30,2,4,0,32,25,12,26,28,34,20,15,22,1,14,33,6,7,23,5,27,9,18
447;112;20704;10284;29,5,1,32,17,7,0,2,6,14,8,34,21,22,15,33,4,13,12,26,19,23,31,16,9,10,18,20,30,27,11,3,25,28,24
448;127;21971;10845;11,13,4,20,1,12,7,27,0,18,8,29,33,16,19,32,30,22,24,25,26,3,23,21,31,28,2,10,15,17,9,14,34,6,5
449;90;13479;6307;25,30,10,21,28,1,7,17,3,27,9,20,23,24,18,31,2,22,33,26,13,8,12,11,19,29,16,4,15,32,0,14,34,6,5
450;103;16506;8037;0,15,11,18,10,19,17,21,14,9,13,23,2,28,7,16,1,31,33,26,12,29,4,32,30,22,24,20,8,27,25,3,34,6,5
451;64;9789;4769;27,22,3,5,11,34,28,29,20,18,30,0,25,13,16,24,6,19,32,12,31,1,23,17,21,7,2,10,8,9,4,26,33,14,15
452;106;17114;8071;11,9,25,30,19,24,18,13,23,32,0,12,16,10,4,28,3,31,1,8,22,15,33,6,34,7,5,27,26,29,20,14,17,2,21
453;73;11033;5684;9,10,18,19,13,16,0,4,31,17,33,23,7,2,21,1,11,29,8,26,14,22,28,6,34,32,5,25,12,24,15,27,3,20,30
454;95;15882;7534;23,15,10,2,5,21,22,7,14,24,9,34,6,28,25,31,17,27,33,26,12,29,30,19,0,3,11,32,13,4,20,16,18,8,1
455;91;15867;7662;15,5,28,25,21,24,17,4,6,10,3,14,2,34,23,30,32,9,12,26,33,11,27,1,16,7,19,18,0,20,31,13,22,8,29
456;73;12218;6080;6,34,13,18,19,16,17,4,5,0,29,20,11,22,27,8,1,31,32,12,33,23,2,3,24,21,30,9,28,10,7,25,15,26,14
457;53;9167;4154;34,15,0,16,7,13,18,20,14,22,5,23,27,28,19,6,11,33,30,3,25,32,17,10,31,29,9,21,12,2,24,26,4,8,1
458;67;9797;5012;14,6,11,13,20,16,28,1,15,27,19,22,7,5,34,0,18,23,33,26,12,2,17,24,32,29,25,3,8,21,30,4,31,9,10
459;80;13445;6653;24,9,30,16,17,11,32,18,25,2,28,21,4,10,23,3,19,31,13,0,26,34,7,33,22,27,20,8,5,29,1,6,15,12,14
460;91;15275;7110;27,1,5,29,7,22,10,4,8,33,34,9,31,18,20,6,32,23,12,26,28,13,2,25,30,17,24,14,0,21,15,3,16,19,11
461;92;13472;7104;28,9,30,32,17,3,33,8,23,2,25,31,1,10,21,24,4,7,12,26,6,16,20,5,14,18,34,22,13,27,29,15,19,0,11
462;102;15909;7372;13,11,5,15,17,34,21,22,0,4,29,19,7,16,32,6,14,2,12,26,31,28,10,1,20,23,33,18,30,9,27,3,25,8,24
463;71;11013;5543;0,16,28,10,31,23,2,21,13,25,3,19,17,11,24,30,9,18,20,26,14,1,33,34,6,7,5,22,8,27,15,29,4,12,32
464;77;12821;6518;23,10,17,15,30,14,5,7,31,24,2,3,34,9,25,21,28,6,33,26,0,29,22,16,18,27,13,11,8,20,19,1,4,12,32
465;56;8567;3945;32,4,10,3,7,24,0,28,12,17,9,31,23,2,21,25,30,11,33,26,8,18,20,6,34,27,5,29,15,22,1,14,19,13,16
466;78;12837;6411;9,18,10,17,11,21,28,23,1,19,31,16,0,33,7,2,4,13,8,26,14,32,29,6,22,25,5,34,12,27,15,20,24,3,30
467;104;18311;8608;24,2,8,6,3,29,27,34,25,10,4,9,31,21,17,32,5,30,12,26,20,11,23,14,28,1,15,33,0,7,22,19,18,13,16
468;82;14646;7158;15,1,5,22,4,34,31,20,8,32,14,7,18,33,29,6,27,19,12,26,9,0,17,25,28,23,24,10,3,21,2,30,11,13,16
469;79;12827;6271;14,19,31,21,11,2,23,4,15,9,33,16,10,18,7,1,17,28,8,26,12,22,25,20,34,3,27,30,6,24,32,5,29,0,13
470;61;9773;4469;8,13,32,27,19,34,7,14,0,18,29,11,15,16,4,12,22,1,5,6,26,23,17,31,10,20,9,21,30,2,33,3,28,25,24
471;64;9189;4418;34,27,3,24,15,30,17,29,20,28,5,14,21,22,25,6,32,23,12,26,0,1,7,11,19,33,16,8,9,4,13,18,2,31,10
472;79;12825;6526;29,13,2,24,30,21,28,10,8,11,17,16,23,0,4,32,25,3,12,26,33,34,9,27,22,7,20,1,5,18,31,6,19,14,15
473;121;21345;9990;10,31,25,30,7,24,19,14,9,17,23,0,15,2,21,28,3,11,33,26,22,1,32,34,6,4,5,27,8,12,20,29,18,13,16
474;110;18323;8944;13,11,34,22,9,27,10,32,0,18,6,19,4,16,3,5,29,31,26,12,30,33,17,24,28,23,25,21,15,2,20,14,7,8,1
475;75;14612;6843;8,18,30,25,23,24,22,4,1,31,3,33,28,9,10,20,27,7,32,12,6,16,15,29,21,2,17,34,13,14,5,26,19,0,11
476;83;12250;6437;22,1,5,15,19,14,21,13,20,16,34,33,17,27,18,6,29,31,8,26,0,32,2,11,28,7,4,23,24,10,9,25,3,12,30
477;110;18923;8779;13,11,29,2,18,17,10,31,0,1,4,19,9,16,8,32,21,7,12,26,14,28,22,34,20,23,27,5,30,6,15,3,33,25,24
478;105;18334;9135;11,13,33,15,2,7,21,31,0,4,19,9,17,16,18,1,14,10,8,26,20,24,29,6,34,32,5,27,30,12,22,3,23,25,28
479;126;21953;10548;14,3,34,20,31,22,17,7,15,10,6,9,21,30,23,5,27,2,33,26,12,19,24,32,8,28,4,18,16,25,1,11,29,0,13
480;74;9819;4796;28,9,30,32,17,3,7,11,23,21,25,31,0,10,2,24,4,19,12,26,22,29,33,34,6,18,5,27,14,1,20,8,16,15,13
481;85;14057;6554;15,23,14,5,21,6,10,29,28,17,33,2,31,7,22,1,34,9,8,26,13,12,27,11,3,4,16,19,20,18,0,30,32,25,24
482;92;15856;8086;10,31,25,30,1,24,18,20,9,17,23,33,27,2,21,28,3,7,12,26,8,16,34,6,13,22,29,4,11,5,32,0,19,14,15
483;120;18368;8487;29,0,5,27,11,22,4,12,13,19,6,3,32,16,18,34,20,30,8,26,14,23,33,2,31,7,15,21,9,17,1,10,24,28,25
484;92;14674;7334;34,15,22,30,23,20,10,32,14,25,5,28,21,27,24,6,3,31,12,26,13,19,17,0,16,2,11,8,1,4,29,18,7,9,33
485;87;14637;6726;17,2,0,11,10,16,25,18,31,32,29,12,9,21,4,13,19,24,1,8,26,22,7,30,20,15,3,28,5,23,33,6,27,14,34
486;130;22571;11165;28,9,24,3,17,30,0,33,23,2,25,4,7,10,21,32,20,11,12,26,22,27,19,6,34,18,5,29,15,16,13,14,31,8,1
487;87;12866;5909;15,5,0,17,19,29,18,28,6,11,14,22,23,34,16,13,21,27,8,26,33,3,7,12,30,2,20,32,25,4,1,24,10,31,9
488;58;7984;3727;31,10,14,29,7,22,11,16,9,21,15,23,19,2,17,34,13,0,5,6,26,3,18,8,33,27,1,12,30,32,4,20,24,28,25
489;111;18917;9221;8,32,29,5,28,6,23,3,12,20,11,15,30,4,19,16,22,7,13,0,1,17,24,9,31,34,10,25,21,27,18,2,14,26,33
490;113;18335;8510;14,1,5,27,2,22,21,32,8,7,34,31,17,33,15,6,29,4,12,26,13,28,19,0,30,18,3,16,25,11,20,24,23,9,10
491;83;15236;7593;8,33,5,14,17,34,2,4,1,27,29,31,7,20,22,6,15,21,32,12,26,23,18,11,13,10,0,16,30,9,19,3,24,28,25
492;72;11013;5206;29,13,5,27,11,34,7,15,8,1,22,0,4,16,18,6,14,19,32,12,26,23,31,21,24,17,25,10,30,2,9,3,28,20,33
493;87;14060;7348;16,9,11,1,21,4,14,7,13,10,19,2,15,18,31,0,33,17,8,26,3,34,23,24,20,27,30,25,6,22,28,5,29,12,32
494;69;9217;4265;0,16,30,25,29,24,9,23,13,8,3,19,10,11,4,32,28,18,12,26,22,31,17,6,34,2,5,27,15,21,20,14,7,1,33
495;110;17699;8572;1,4,23,15,31,28,25,21,8,10,7,9,17,32,2,33,14,24,12,26,0,22,18,13,6,27,29,16,34,19,11,5,20,3,30
496;103;17685;8747;14,28,5,27,2,22,9,31,15,17,34,25,10,23,21,6,7,24,33,26,12,16,30,32,8,18,4,1,13,3,20,29,19,0,11
497;82;13445;6435;25,24,27,5,21,34,17,32,28,20,15,23,29,30,22,14,6,2,12,26,8,11,7,1,16,4,18,19,0,31,33,13,10,3,9
498;99;15301;7799;29,5,16,11,18,0,4,12,6,27,20,8,32,34,22,13,19,1,30,3,25,28,31,10,21,7,9,2,23,17,24,26,33,14,15
499;65;9801;4589;29,5,27,1,11,8,4,12,6,13,22,0,32,34,16,20,18,19,33,26,14,17,7,23,25,31,28,10,2,9,15,21,24,3,30
