0;81;16740;8056;11,37,14,17,20,4,26,29,34,15,22,13,31,9,33,8,3,12,23,32,10,6,30,2,35,25,39,27,36,1,24,0,21,16,18,5,38,28,19,7
1;90;20673;9236;16,25,5,2,1,21,27,6,12,28,32,26,17,19,7,23,30,38,18,10,24,35,20,0,36,14,39,3,9,15,8,29,33,22,31,11,13,34,37,4
2;93;20681;9720;27,16,20,17,7,23,2,5,29,19,28,14,26,3,37,32,6,12,1,39,15,25,34,31,33,22,21,13,18,38,9,10,36,30,35,8,0,24,4,11
3;105;26199;12172;25,28,20,14,7,17,26,29,19,1,21,27,16,6,5,12,3,4,32,23,9,37,30,2,11,8,10,18,22,33,15,0,38,35,31,13,34,39,24,36
4;63;12756;5787;16,25,7,2,5,19,27,1,28,29,20,17,37,3,23,32,22,13,12,33,30,15,35,31,9,10,21,18,8,38,24,34,4,11,0,14,36,26,6,39
5;89;17537;8079;18,10,4,37,11,9,35,8,30,16,21,27,2,23,19,5,34,22,12,25,26,33,6,31,28,32,1,3,15,39,29,38,24,14,0,20,13,36,7,17
6;95;20686;9796;13,18,8,31,9,22,33,21,15,11,4,27,2,37,34,29,38,30,39,0,12,36,14,35,10,6,24,25,32,17,3,1,16,5,28,7,26,19,23,20
7;129;31783;14654;10,30,26,25,32,6,35,3,12,1,23,27,2,7,17,5,9,22,21,18,34,15,4,13,33,11,8,31,29,38,20,37,19,28,0,36,39,16,24,14
8;119;26270;12265;10,0,24,18,36,38,30,39,35,15,22,9,13,21,8,33,20,16,5,14,27,29,23,31,17,26,7,2,3,19,32,37,11,4,25,28,1,34,12,6
9;81;16734;7487;35,10,14,31,24,36,0,30,38,33,32,22,3,15,26,8,13,9,6,39,16,18,5,2,21,1,12,27,7,25,20,11,4,37,34,19,17,29,23,28
10;74;14364;6752;2,27,5,23,7,19,37,25,16,29,20,11,4,9,17,8,36,35,14,24,30,0,39,31,10,18,38,13,12,32,21,26,22,33,3,28,6,15,34,1
11;88;15971;7462;27,2,5,25,1,21,16,6,12,28,19,26,17,23,7,32,10,30,39,9,0,35,14,18,38,36,24,13,20,11,3,29,22,15,31,34,8,33,37,4
12;67;12765;5720;13,31,33,9,22,15,18,10,30,11,4,27,2,29,8,34,26,24,28,32,38,14,37,3,36,35,19,0,39,7,20,12,16,25,6,5,17,21,23,1
13;79;15155;7653;10,18,24,14,36,38,35,0,30,21,25,16,27,5,12,1,9,34,4,8,22,11,13,2,33,15,37,31,19,3,28,17,39,20,29,32,26,6,7,23
14;116;26247;11894;31,33,32,3,23,15,29,26,22,20,7,17,13,1,28,5,11,19,8,34,16,4,36,37,27,14,24,2,0,18,38,10,12,25,35,9,30,6,39,21
15;71;12769;6085;3,33,32,28,23,15,13,8,22,18,19,10,30,25,9,7,11,29,4,34,17,37,14,2,31,26,20,27,16,24,1,35,6,38,0,36,39,12,21,5
16;85;17538;7906;27,25,5,17,7,1,16,19,28,12,18,35,10,30,21,6,2,34,4,37,22,11,9,31,33,15,8,13,23,0,32,3,20,39,29,38,26,14,24,36
17;110;23095;11007;9,18,19,13,4,37,34,8,11,22,33,29,31,28,15,21,2,30,16,27,38,10,39,35,36,24,14,0,5,17,7,6,32,12,3,25,20,26,23,1
18;78;16717;7617;27,2,7,16,17,19,25,23,37,20,1,4,29,11,5,34,13,33,28,15,3,22,39,31,32,6,26,0,14,36,24,10,18,30,35,8,38,9,21,12
19;102;21506;10006;14,16,5,26,7,20,17,36,24,3,32,2,27,29,1,23,38,25,6,39,30,0,21,35,10,9,12,18,15,22,8,34,11,33,31,4,13,37,28,19
20;92;16761;8105;10,0,11,9,34,35,18,38,30,21,6,27,2,1,12,39,24,22,8,36,26,33,32,31,15,3,14,13,20,17,4,19,37,7,28,23,29,25,16,5
21;117;26263;11848;2,34,19,16,4,37,27,25,11,17,7,29,28,20,1,5,21,35,6,12,30,9,13,18,10,38,39,0,36,15,8,33,14,22,31,3,24,26,23,32
22;77;16710;8130;2,27,8,18,4,11,9,34,37,28,7,29,31,20,19,17,3,1,23,32,12,30,16,10,6,21,5,25,36,38,24,15,22,39,13,0,35,33,26,14
23;125;27845;12732;13,18,30,31,8,22,33,9,15,38,24,39,0,26,36,14,11,37,21,4,10,34,19,2,35,25,12,27,1,7,5,17,32,28,6,23,16,3,20,29
24;85;15966;7287;2,27,23,11,5,37,34,1,16,21,8,29,31,18,4,9,28,6,7,19,3,12,26,25,32,35,17,10,14,39,20,38,30,36,0,33,24,13,15,22
25;74;13581;6167;13,33,4,9,11,22,8,34,15,30,36,35,10,0,18,38,31,3,23,37,17,29,20,2,26,14,32,27,7,19,5,39,25,28,6,1,16,12,24,21
26;103;19141;9186;13,18,4,37,21,11,34,12,9,22,8,19,25,28,15,33,35,6,30,10,3,39,23,0,32,29,38,31,36,14,24,27,26,17,2,7,20,16,1,5
27;89;18330;8618;18,9,36,35,38,30,10,8,0,14,26,3,2,23,24,32,22,13,34,33,37,15,28,31,4,19,11,29,39,1,20,16,12,21,27,5,25,6,17,7
28;111;24656;11988;29,31,10,18,30,39,13,3,20,22,23,26,33,6,15,32,38,35,14,36,11,0,8,2,34,4,24,37,9,19,21,16,1,25,27,5,12,28,17,7
29;80;15158;7916;18,13,15,35,6,21,12,39,9,33,38,30,10,34,22,0,31,1,20,29,19,16,17,27,28,7,5,25,23,14,32,37,4,3,2,24,26,11,8,36
30;87;16752;8273;10,18,32,3,6,12,35,21,30,38,36,26,0,14,39,24,15,33,9,13,11,22,4,31,34,37,8,2,29,28,23,16,1,5,27,7,19,25,17,20
31;91;18318;9425;25,10,19,2,4,11,37,35,34,1,7,16,27,23,28,5,21,9,30,12,22,18,29,13,15,33,8,31,36,0,24,39,32,3,6,14,38,26,17,20
32;80;15943;7921;22,31,4,13,37,34,15,11,33,25,21,1,28,26,19,12,18,35,8,9,36,30,14,2,38,24,10,0,7,20,5,16,3,39,27,29,17,6,32,23
33;79;16722;8502;25,12,7,19,5,16,28,1,21,10,30,2,27,9,35,18,32,14,17,6,38,26,24,3,39,36,20,0,8,34,22,29,4,11,31,15,33,37,23,13
34;81;14380;7074;31,29,39,13,20,22,15,34,33,32,26,12,6,21,3,14,1,28,23,5,37,16,17,27,19,25,7,2,4,30,11,9,38,35,18,8,10,0,24,36
35;99;22271;11382;34,37,15,33,28,4,22,19,11,35,38,0,31,36,8,24,13,16,9,18,6,27,1,2,12,39,21,25,5,20,7,30,26,3,10,32,17,14,29,23
36;96;21459;10362;31,25,19,28,37,22,2,34,33,26,32,3,27,29,1,23,4,9,8,11,10,15,12,13,18,30,21,35,6,36,17,38,14,39,0,20,24,16,5,7
37;74;15138;7245;36,38,33,31,26,14,0,39,24,20,15,17,29,4,22,8,35,30,32,3,9,10,25,18,12,21,6,13,34,28,11,27,37,16,2,23,1,19,7,5
38;132;27077;13854;18,13,8,34,4,11,37,15,9,30,21,31,22,10,33,12,3,17,23,32,39,6,14,2,29,20,26,27,24,5,36,28,19,1,16,0,7,25,35,38
39;60;11174;5478;2,27,7,31,5,23,29,1,16,19,34,37,25,4,28,11,26,3,20,17,38,14,24,0,6,36,32,39,35,33,10,18,15,22,13,8,30,9,21,12
40;101;23843;12232;31,0,35,15,38,22,13,39,33,36,14,30,10,29,24,20,12,1,21,6,37,25,16,27,28,19,34,2,5,17,23,9,4,11,18,26,7,8,3,32
41;98;22243;11288;37,34,17,27,26,4,2,1,11,22,28,29,31,15,33,19,6,25,32,3,30,12,13,35,10,9,21,18,8,16,23,38,24,36,0,5,39,14,7,20
42;71;12782;6373;34,31,28,19,22,4,37,33,11,9,8,18,13,21,15,16,20,39,23,29,17,3,14,2,6,26,32,27,7,36,5,35,10,38,0,25,24,30,12,1
43;81;16730;8447;2,11,28,1,19,37,27,4,34,12,24,0,35,38,25,36,30,9,8,10,22,18,29,13,15,33,21,31,5,20,7,32,39,26,3,17,23,6,14,16
44;99;22301;10224;37,2,28,31,19,4,29,34,11,8,14,33,22,36,20,24,25,5,17,7,21,1,15,27,16,12,23,13,26,9,32,30,35,18,10,39,6,38,3,0
45;71;12779;6287;3,29,32,14,6,39,26,17,20,22,7,28,31,25,33,19,13,9,23,15,37,18,34,2,11,4,8,27,16,36,5,30,38,35,10,24,21,0,1,12
46;83;14389;6827;2,37,25,16,19,34,27,4,11,28,5,29,31,23,1,7,10,36,21,12,0,30,8,35,38,9,24,18,14,6,32,15,22,39,13,26,3,33,20,17
47;106;24628;11746;2,18,15,31,16,13,27,21,9,33,8,23,29,1,22,5,10,38,14,30,6,36,25,35,12,39,24,0,32,17,3,19,4,28,37,7,26,11,34,20
48;71;12782;5626;31,13,6,27,39,33,2,15,22,11,4,37,29,26,34,17,18,38,21,9,36,0,8,35,30,24,12,10,16,7,14,3,28,1,25,20,5,19,32,23
49;67;13551;6284;25,19,20,17,1,5,16,28,7,14,24,35,10,30,26,36,31,37,23,29,34,27,8,2,11,9,4,18,22,21,33,0,39,6,13,12,15,38,3,32
50;99;23061;10570;33,31,37,34,19,15,13,28,22,4,8,29,2,23,11,9,3,14,32,26,36,35,18,10,30,38,24,0,6,25,39,16,5,1,27,17,12,21,20,7
51;87;15186;7229;0,35,14,27,24,36,2,39,38,17,23,16,29,5,20,7,30,3,26,10,22,18,28,31,33,15,32,13,9,12,8,11,37,4,34,21,6,19,1,25
52;110;19188;8687;13,18,8,31,9,22,33,21,15,3,26,4,11,29,34,32,38,35,36,0,6,30,14,10,12,39,24,25,1,7,5,27,28,19,2,17,16,37,23,20
53;111;26230;12299;31,29,9,18,6,39,13,3,20,36,14,38,0,35,30,24,17,4,32,26,19,11,7,2,37,28,23,25,1,21,5,16,22,33,27,12,34,15,10,8
54;60;12736;5740;2,37,28,1,19,34,27,4,11,21,5,12,25,17,16,7,33,29,26,22,3,15,39,31,32,6,23,13,20,38,14,30,35,36,10,24,0,18,9,8
55;92;15985;7701;26,3,13,39,15,32,6,22,33,11,17,37,28,19,34,4,0,35,24,14,10,38,8,31,30,9,36,18,12,5,25,27,23,16,2,1,21,29,20,7
56;93;19107;8479;0,35,14,20,24,3,39,36,38,17,5,31,29,27,7,16,30,9,25,10,34,18,19,2,11,4,8,37,22,1,33,15,12,21,13,26,28,6,23,32
57;129;33349;15394;34,37,19,25,8,9,18,4,11,0,38,35,10,24,30,36,3,22,32,28,13,33,23,31,15,29,26,2,21,1,12,16,7,5,27,20,6,17,14,39
58;73;16702;7939;35,0,32,12,3,39,6,18,38,9,23,20,29,17,21,7,28,33,37,19,10,22,34,31,15,30,25,13,4,1,8,27,14,26,2,36,11,16,5,24
59;144;34161;15590;27,2,12,35,21,30,10,9,18,38,32,0,25,39,6,3,22,34,13,15,4,33,23,31,11,37,8,29,28,5,1,17,20,7,26,16,19,14,36,24
60;120;27025;12151;27,2,23,29,22,15,31,33,13,20,7,39,16,21,17,5,3,8,32,26,11,9,19,18,4,34,28,37,1,35,6,30,38,36,10,12,25,0,14,24
61;111;21534;10133;37,25,32,34,3,4,11,28,19,22,8,13,31,9,33,15,29,17,20,23,16,26,14,2,5,1,7,27,24,38,36,35,30,0,10,6,39,18,21,12
62;71;12013;5312;35,18,38,39,0,12,6,21,9,10,36,15,13,14,30,24,11,34,25,4,1,37,16,2,27,28,19,31,7,23,5,33,3,32,26,29,17,22,8,20
63;105;23838;11386;18,30,28,17,32,3,6,26,10,4,8,34,11,37,9,19,36,35,14,24,15,38,33,0,13,22,39,31,29,21,20,27,1,16,2,5,12,25,23,7
64;85;18313;8424;27,2,20,29,5,7,16,23,17,39,26,13,31,15,21,14,19,11,1,28,12,37,32,25,34,6,4,3,9,35,8,30,38,36,10,24,18,0,33,22
65;113;27811;12973;10,35,24,39,36,38,0,14,30,20,5,25,13,17,16,7,6,9,21,12,28,18,26,2,3,1,32,27,23,11,8,33,15,22,31,4,34,29,19,37
66;72;13558;6881;2,31,1,11,25,34,37,13,27,19,22,29,4,28,33,15,39,38,12,6,30,35,14,0,36,10,24,18,32,20,9,17,5,7,26,21,3,16,8,23
67;82;16731;7608;35,10,24,13,36,38,18,0,30,9,8,27,2,21,15,12,39,32,17,14,29,6,22,3,26,33,20,31,23,19,7,37,11,34,25,1,28,4,16,5
68;82;15164;7256;25,27,5,17,1,7,16,28,19,32,29,3,26,14,23,20,11,31,4,37,22,34,9,2,33,15,8,13,21,35,12,38,30,36,0,24,18,10,6,39
69;108;23082;10481;35,0,14,10,24,36,30,18,38,20,29,25,3,7,39,17,15,33,9,13,11,22,4,31,34,37,8,2,26,28,32,16,1,21,27,23,19,5,12,6
70;104;23860;11426;27,2,17,14,6,32,26,23,3,36,38,10,35,30,24,0,29,15,20,39,33,13,8,31,22,9,28,18,7,19,5,11,37,4,34,21,16,25,12,1
71;111;25432;11918;37,11,23,27,32,3,2,4,34,13,15,6,31,12,29,21,14,36,8,26,30,0,9,35,38,18,24,10,33,7,22,28,1,19,25,5,17,16,39,20
72;89;16773;7684;2,18,4,37,34,11,27,8,9,16,1,28,19,25,21,5,30,38,14,10,6,36,13,35,12,39,24,0,32,20,26,29,15,33,31,17,3,22,7,23
73;127;25504;11928;0,18,21,35,12,6,38,9,39,3,15,10,30,32,13,23,4,25,34,11,17,37,20,2,29,7,19,31,22,28,8,16,26,1,27,5,33,14,36,24
74;88;15199;6909;26,17,7,5,20,24,16,36,14,19,8,37,28,11,1,4,0,10,39,38,12,35,18,27,25,6,30,2,21,3,32,13,22,15,31,29,9,33,34,23
75;91;18319;8890;27,2,23,29,5,1,31,21,16,17,20,12,25,6,7,39,22,37,28,15,11,33,9,13,4,8,19,34,36,38,24,10,0,30,35,14,18,3,32,26
76;72;13563;6155;27,2,1,34,13,12,25,39,6,19,16,11,37,4,28,21,10,35,32,3,36,30,24,18,38,14,26,0,8,23,33,29,7,20,31,5,9,17,15,22
77;94;21451;10152;10,0,24,18,36,38,30,31,35,15,8,2,13,33,9,22,26,20,32,14,6,3,5,29,39,7,23,17,28,19,1,37,11,4,27,25,16,34,21,12
78;119;30955;14412;27,2,4,29,11,34,31,23,37,33,22,18,9,13,8,15,0,30,24,36,6,38,32,35,39,12,3,10,14,17,20,28,19,7,25,5,26,16,21,1
79;126;30195;13904;0,18,24,10,36,38,35,2,30,3,26,6,39,12,14,32,29,15,8,9,34,13,37,31,22,11,4,33,23,28,21,16,1,5,27,7,19,25,20,17
80;86;17531;8182;35,10,24,14,36,38,18,0,30,8,26,11,3,4,9,32,6,25,13,39,27,12,5,2,16,1,21,31,7,29,20,19,33,22,28,15,17,37,34,23
81;97;20708;9658;2,13,22,33,15,9,27,8,18,34,4,17,26,37,11,21,36,38,14,24,10,0,20,31,35,39,30,29,5,1,7,25,6,12,3,28,16,32,23,19
82;99;20707;9277;27,2,20,17,7,23,29,5,16,14,32,0,3,36,26,24,19,11,1,28,33,37,8,25,34,22,4,31,15,12,21,13,10,35,18,6,9,30,38,39
83;110;24649;11552;35,10,14,0,24,36,38,18,30,6,20,26,3,32,39,17,21,1,9,12,28,16,7,27,25,19,5,2,23,34,8,15,33,22,13,11,37,31,29,4
84;86;16741;7363;37,34,1,27,19,4,2,28,11,7,5,17,25,29,16,23,35,38,14,24,15,0,26,31,22,33,36,13,32,39,8,30,6,18,10,9,3,12,20,21
85;103;24630;11418;35,18,6,25,12,30,10,21,9,28,11,37,3,19,32,4,0,15,38,39,31,13,1,2,22,33,34,27,16,20,5,14,24,36,26,7,29,17,8,23
86;100;19137;8710;27,2,19,25,4,34,16,11,37,7,5,17,28,12,1,21,18,30,8,9,38,10,14,35,36,0,24,31,22,13,15,26,32,39,3,20,33,6,23,29
87;83;17518;8142;31,2,13,0,15,22,27,34,33,39,6,35,10,38,25,12,4,19,23,11,20,37,32,29,17,7,28,3,8,14,5,9,21,16,18,36,26,30,1,24
88;87;18315;8562;0,13,22,33,15,38,31,18,39,24,8,29,30,14,36,20,16,1,9,21,6,27,7,2,12,17,5,25,23,19,32,35,11,37,10,34,28,4,3,26
89;102;19170;8758;10,35,39,6,38,12,25,0,30,24,32,14,3,17,36,26,9,11,21,18,33,34,4,13,15,22,8,31,19,1,28,27,23,16,2,5,37,29,20,7
90;78;13572;6041;18,31,20,10,39,6,30,17,29,38,36,0,35,12,14,24,26,15,32,3,11,33,9,13,4,8,22,34,37,19,23,27,25,1,2,7,28,16,21,5
91;99;19141;8902;10,3,12,25,6,26,35,32,30,14,20,38,0,36,39,24,33,13,23,22,37,29,4,31,34,11,15,2,19,1,8,16,9,21,27,5,28,18,17,7
92;63;11168;4938;27,2,21,32,12,6,3,39,16,5,20,1,25,17,23,7,18,38,13,9,36,0,8,35,30,24,14,10,15,33,26,29,34,11,31,4,22,37,28,19
93;103;22281;10536;26,3,20,39,14,17,6,33,32,15,21,28,13,1,22,12,18,34,8,9,31,11,23,2,37,29,4,27,19,36,7,35,30,38,0,24,25,10,16,5
94;83;15182;6720;31,33,4,13,11,15,29,34,22,9,21,0,18,39,8,20,1,16,23,37,28,27,17,2,19,7,5,25,32,10,6,24,36,14,35,30,26,38,3,12
95;92;17550;8312;10,18,24,14,36,38,35,0,30,32,12,6,3,39,26,21,22,34,13,15,37,33,9,31,11,4,8,2,29,28,23,16,1,5,27,7,19,25,17,20
96;88;18326;8103;18,9,30,2,10,12,35,25,21,38,36,39,6,14,0,24,15,33,28,13,11,22,8,31,34,4,19,37,27,32,1,3,17,26,29,7,23,20,16,5
97;135;34124;15515;35,3,26,30,32,12,10,17,6,11,4,9,18,34,21,37,28,16,23,1,19,27,20,2,7,29,5,25,14,0,24,13,22,15,31,38,39,33,8,36
98;79;14370;6912;35,18,24,0,36,30,38,9,10,3,32,6,39,12,14,26,33,11,8,22,37,34,28,31,4,19,15,13,29,25,23,16,1,5,27,7,2,17,21,20
99;69;13576;6065;12,25,19,16,4,37,21,11,34,28,5,6,27,17,1,7,18,30,8,9,36,10,14,35,38,24,2,0,39,15,20,29,33,22,31,3,13,26,23,32
100;151;35745;16307;31,33,4,13,11,15,29,34,22,9,0,30,18,36,8,38,2,25,23,37,5,19,17,27,1,7,28,16,20,32,14,6,12,39,10,3,26,35,24,21
101;75;15938;7334;37,2,19,16,4,34,27,25,11,5,7,3,28,32,1,23,6,30,21,12,38,10,13,35,18,39,9,0,36,15,8,33,29,22,31,14,24,26,17,20
102;106;26220;12197;13,18,8,29,33,22,31,9,15,32,26,39,3,6,23,20,34,19,4,11,25,37,7,2,28,1,17,27,5,12,21,35,38,30,10,36,16,0,14,24
103;79;15156;7649;37,28,26,34,32,4,11,3,19,22,23,31,33,29,8,15,25,27,1,6,10,12,9,2,35,30,21,18,36,0,24,39,14,16,13,5,38,20,17,7
104;80;16719;7576;0,39,26,33,32,3,31,38,6,37,28,11,34,4,22,19,30,9,35,10,27,13,25,18,21,16,12,2,24,5,36,20,17,7,29,1,14,23,8,15
105;85;18309;8956;2,27,22,33,15,13,31,23,29,11,34,18,9,37,8,4,16,38,7,5,24,39,17,0,36,14,20,35,26,12,1,30,3,25,10,32,6,28,19,21
106;111;23863;10989;13,35,15,9,21,30,18,12,10,33,8,11,34,37,22,4,39,25,38,6,20,0,5,31,17,7,16,29,36,3,24,27,1,26,2,32,14,28,19,23
107;89;16769;8060;18,9,6,25,12,10,35,21,30,28,19,16,27,5,1,7,11,13,8,4,22,34,29,2,15,33,37,31,23,26,32,38,36,14,0,39,3,24,17,20
108;94;23828;11498;27,16,12,35,21,10,2,5,1,34,37,9,18,11,30,4,17,14,7,25,32,39,19,6,26,28,20,3,23,0,24,33,15,22,31,38,29,13,8,36
109;148;33402;15224;37,34,28,27,19,4,2,25,11,7,5,17,16,29,1,23,22,30,15,33,38,10,24,31,35,36,8,0,14,39,26,9,12,6,18,3,13,21,20,32
110;79;14368;6941;27,2,5,12,1,16,21,39,6,10,7,9,18,30,25,17,13,33,23,15,26,29,20,31,32,14,22,3,24,8,36,11,37,4,34,0,28,19,35,38
111;77;14366;6589;29,3,23,2,6,39,13,32,20,10,12,18,27,9,30,21,33,24,15,26,38,14,8,31,36,35,22,0,11,37,4,28,1,19,25,17,34,16,5,7
112;78;12792;6342;35,18,6,25,21,12,10,9,30,32,23,28,3,16,1,5,27,13,38,0,22,2,34,31,15,33,39,29,11,8,4,14,24,36,26,20,37,17,7,19
113;116;23888;10758;31,2,20,39,15,29,13,22,33,38,24,35,3,14,0,36,11,37,8,34,28,9,17,18,19,7,4,25,23,1,32,16,12,21,27,5,26,6,30,10
114;86;17523;8546;30,18,36,35,38,0,10,8,9,14,12,3,25,16,24,21,34,27,4,11,22,2,29,31,33,15,37,13,19,32,23,17,39,6,26,1,28,20,5,7
115;91;16780;7664;37,34,1,10,28,19,25,4,11,8,0,9,18,36,30,38,3,33,32,26,15,27,29,2,22,13,23,31,20,16,7,39,12,21,6,5,17,35,24,14
116;98;22260;10659;27,16,20,17,7,23,2,5,29,36,24,30,10,35,14,38,15,33,39,13,12,22,1,31,6,34,21,25,32,3,26,9,4,11,18,37,28,8,0,19
117;81;15949;7352;31,13,8,11,22,33,34,9,15,37,19,29,2,23,4,28,36,0,14,24,25,38,21,35,30,12,18,10,6,5,39,16,17,7,27,20,1,26,32,3
118;100;25387;11821;35,31,39,38,22,30,0,33,10,24,8,15,13,14,36,26,6,34,32,3,19,12,1,25,11,4,28,37,5,21,7,27,9,16,2,17,23,18,29,20
119;90;22232;10386;27,2,1,6,28,32,3,23,26,5,19,39,16,20,17,7,11,29,4,37,22,34,9,31,33,15,8,13,21,35,12,30,38,36,10,24,18,0,25,14
120;76;15134;6912;6,3,22,15,33,39,13,26,32,11,8,37,34,29,23,4,38,35,14,36,10,0,27,31,30,18,24,2,12,16,21,17,19,7,25,5,9,28,20,1
121;98;17586;8479;35,10,14,18,24,38,0,36,30,20,6,31,3,29,39,32,16,19,23,5,28,37,17,2,25,1,7,27,21,15,12,4,8,9,11,22,34,13,26,33
122;63;11975;5276;18,30,32,21,3,6,12,10,9,17,14,29,2,23,26,20,15,22,39,13,36,33,8,31,38,24,35,0,11,37,4,16,28,19,27,1,34,25,7,5
123;137;26321;12506;35,10,24,18,36,38,0,14,30,16,5,27,2,21,12,1,6,17,26,39,19,32,29,3,28,7,20,25,23,11,4,33,15,22,31,34,37,13,9,8
124;66;11190;4888;33,31,8,11,9,15,34,13,22,30,36,29,37,10,4,24,35,38,21,18,6,0,25,2,39,16,12,27,5,32,23,26,20,17,3,7,1,14,19,28
125;91;19144;9396;31,13,6,15,32,33,22,3,26,28,8,37,29,19,23,4,0,36,14,39,10,38,18,2,30,35,24,27,21,1,9,16,7,5,25,20,12,17,11,34
126;87;19889;8831;27,2,20,39,17,15,13,23,29,16,5,9,18,21,7,1,37,28,4,11,33,34,32,31,22,26,19,3,14,36,24,35,10,38,0,25,8,30,6,12
127;79;15931;7897;0,35,26,27,14,36,2,24,38,22,15,34,31,11,33,8,39,30,32,3,18,6,21,10,13,9,12,25,1,7,5,19,37,17,28,20,16,29,4,23
128;107;22308;9896;22,13,32,28,26,33,31,3,15,34,11,37,29,19,23,4,9,36,14,8,35,30,2,18,38,10,24,0,12,5,6,16,7,25,27,1,21,17,20,39
129;64;11177;5735;39,29,14,17,32,3,6,26,20,38,24,10,35,30,0,36,33,34,28,22,37,13,19,31,11,4,15,2,23,25,7,16,21,9,27,5,8,18,12,1
130;84;15943;7291;35,25,3,6,32,30,12,26,10,38,24,18,0,14,39,36,33,22,1,34,13,31,19,27,15,37,28,2,5,16,7,4,8,11,29,21,23,9,20,17
131;72;12007;5313;31,0,22,33,15,39,13,38,29,32,26,30,10,3,6,23,14,17,20,36,12,24,5,35,16,21,7,25,19,34,28,27,9,37,2,11,1,18,8,4
132;84;16751;8134;35,0,24,30,14,36,10,26,38,21,8,9,18,16,12,5,39,22,32,6,29,33,23,31,15,20,3,13,17,19,7,27,34,37,2,4,28,11,1,25
133;92;16781;7567;27,2,5,25,21,12,1,6,16,19,23,28,17,26,7,32,10,38,39,30,14,35,20,0,24,29,36,31,3,8,9,15,33,22,13,34,18,4,37,11
134;84;15955;7682;2,27,8,18,4,11,9,19,37,36,0,35,10,24,30,38,28,34,3,22,6,33,26,31,1,12,32,25,15,39,21,17,7,20,29,5,13,16,14,23
135;66;11979;5302;27,2,3,17,24,14,16,36,26,7,5,19,25,28,20,1,35,30,38,0,22,10,39,31,33,15,18,13,9,11,8,12,4,21,6,29,34,37,32,23
136;96;21485;10318;18,9,6,25,12,10,35,21,30,32,28,3,27,26,1,23,37,34,8,2,33,11,29,13,15,22,4,31,24,14,19,38,17,39,0,20,36,16,5,7
137;95;16779;7436;13,34,19,27,4,37,2,15,11,30,0,18,9,36,8,38,22,26,1,28,6,33,39,31,3,12,32,25,29,17,23,35,16,5,10,7,20,21,24,14
138;122;26256;12179;0,18,24,10,36,38,35,9,30,21,14,6,39,16,12,27,37,34,8,2,22,11,29,31,33,15,4,13,23,26,32,19,7,28,25,20,3,17,5,1
139;65;11181;4866;31,33,21,18,9,15,13,8,22,0,36,35,10,38,30,24,19,11,7,28,27,4,17,37,34,16,25,2,5,32,1,3,6,20,29,26,23,39,12,14
140;140;29453;13559;35,0,14,10,24,36,30,12,38,6,26,27,2,3,39,32,9,22,21,18,34,15,4,13,33,11,8,31,29,19,23,1,16,5,28,7,37,25,17,20
141;71;13571;6481;27,2,4,29,11,34,31,23,37,22,8,15,13,28,33,19,0,36,26,14,10,38,32,35,30,3,24,18,39,7,20,12,21,25,6,5,17,16,9,1
142;133;30190;13583;10,35,14,18,24,36,30,0,38,3,26,13,2,8,9,32,17,12,20,39,1,6,21,25,16,5,7,27,28,37,23,29,33,34,31,11,19,22,15,4
143;121;26255;12213;35,0,24,14,36,30,10,18,38,3,26,12,6,17,39,32,15,33,9,13,11,22,4,31,34,37,8,2,29,28,23,16,1,21,27,5,19,25,20,7
144;83;15969;7671;34,11,8,13,15,22,31,4,33,21,1,30,18,10,9,28,23,19,20,29,16,37,17,2,7,25,5,27,14,36,26,38,6,39,0,3,24,35,12,32
145;73;15125;6923;27,2,26,28,32,12,1,3,6,22,15,34,25,23,33,21,35,38,14,24,10,0,39,31,30,13,36,18,9,29,8,17,19,7,16,5,20,37,11,4
146;76;12798;5779;31,33,34,0,29,15,13,26,22,8,4,18,9,12,11,21,3,28,23,32,19,27,30,2,37,10,1,25,5,20,7,24,36,14,35,39,16,38,6,17
147;85;15174;7425;27,2,23,20,5,17,29,7,16,14,32,3,31,39,26,6,19,11,1,28,9,37,12,25,34,21,4,18,8,15,33,10,38,30,35,13,22,0,24,36
148;99;19927;9017;31,13,34,27,29,33,2,15,22,4,8,19,37,28,11,23,0,35,39,38,10,9,6,18,30,12,21,25,24,14,20,26,32,17,3,7,36,16,1,5
149;92;17564;8463;10,30,7,17,19,12,35,28,25,36,5,38,0,14,24,1,18,13,21,9,22,27,29,2,15,33,16,31,4,34,8,26,6,32,3,23,11,39,20,37
150;100;23051;10918;26,3,4,22,19,28,33,37,32,14,8,13,31,36,15,24,34,9,1,11,16,18,6,2,21,12,25,27,5,39,7,10,38,30,35,20,17,0,23,29
151;73;12798;5931;35,10,19,25,4,37,2,34,11,1,24,26,27,14,28,12,0,9,36,38,15,30,33,18,13,22,8,31,21,5,23,39,17,20,3,7,29,6,32,16
152;102;22277;10419;10,35,32,12,3,18,6,26,30,11,34,2,21,37,9,4,36,0,14,24,22,38,8,13,15,33,39,31,29,5,23,16,17,7,27,1,20,25,19,28
153;93;23050;10237;25,12,7,31,20,17,29,39,6,16,21,2,27,23,5,1,9,10,14,13,38,35,8,18,30,36,24,0,3,15,32,22,34,11,33,4,26,37,19,28
154;90;18325;8842;34,37,15,31,22,4,33,8,11,38,36,35,0,14,29,24,13,3,23,9,10,18,39,2,30,6,32,27,21,5,12,17,28,7,25,1,16,19,26,20
155;66;13534;6019;2,27,38,13,39,0,31,9,18,6,23,33,22,3,15,32,17,19,20,29,11,28,1,25,4,34,7,37,5,12,21,35,26,14,10,24,16,30,8,36
156;78;17515;8126;39,6,36,14,24,38,0,12,35,34,8,37,10,4,30,11,16,25,5,21,18,1,19,27,9,28,7,2,17,29,20,13,22,15,31,3,23,33,26,32
157;81;15185;7326;2,31,3,34,4,11,37,20,29,33,15,17,27,26,13,22,0,38,14,24,18,36,39,35,30,9,8,10,12,5,6,16,19,7,25,1,21,28,23,32
158;127;29435;14407;26,3,5,28,16,14,1,23,32,37,19,11,34,33,21,4,17,29,7,20,39,27,12,2,6,13,25,31,24,38,15,10,18,30,35,36,0,9,8,22
159;90;19878;9394;18,30,4,37,34,11,2,8,9,19,21,25,10,28,35,12,22,13,26,33,38,15,39,31,36,24,14,0,20,17,3,16,5,7,27,23,29,1,6,32
160;132;28634;13946;2,37,21,18,8,34,9,4,11,15,22,0,31,12,13,33,19,7,23,29,16,28,17,25,5,1,20,27,26,3,14,6,35,10,39,24,32,38,30,36
161;82;15173;8002;0,18,6,35,12,39,38,21,9,36,24,3,30,32,10,14,1,5,17,25,29,16,20,27,31,23,7,2,19,34,4,22,15,33,28,11,37,13,26,8
162;95;17555;8632;31,35,4,27,11,37,2,34,10,28,12,1,25,16,19,21,22,18,8,33,38,15,24,13,30,36,9,0,39,20,29,26,32,17,3,23,14,6,5,7
163;118;24667;13133;35,0,14,10,24,36,30,18,38,12,26,6,39,21,3,32,15,33,9,13,11,22,4,31,34,37,8,2,29,28,23,16,1,5,27,7,19,25,17,20
164;105;23865;12870;2,13,21,16,12,9,27,6,18,5,17,1,25,23,15,7,30,38,24,36,0,10,20,35,39,29,14,31,26,33,32,11,37,4,34,8,3,19,28,22
165;108;23077;12040;2,31,34,29,33,15,27,22,13,5,23,17,16,7,1,20,18,6,21,9,10,39,25,0,38,30,12,35,24,11,8,32,26,14,3,4,36,28,19,37
166;76;15945;7573;2,11,1,25,19,37,27,4,34,5,7,29,16,20,23,17,26,22,32,28,18,33,8,31,15,9,3,13,21,35,12,30,38,36,10,24,6,0,39,14
167;81;18306;9537;18,2,12,35,21,30,10,25,9,36,24,27,0,16,38,14,15,33,28,13,11,22,8,31,34,4,19,37,1,23,5,26,17,32,3,7,29,6,39,20
168;108;23078;10534;27,2,7,17,5,1,25,23,16,14,24,35,10,30,26,36,37,34,28,19,22,11,29,31,33,15,4,13,8,3,20,9,21,6,18,32,39,12,38,0
169;87;15968;8215;29,14,6,31,32,39,3,26,20,22,34,15,13,21,33,12,28,19,23,17,16,37,5,2,25,1,7,27,4,9,11,10,35,30,18,36,8,38,0,24
170;79;14368;6578;13,31,8,18,33,22,9,29,15,36,20,38,0,24,39,14,3,4,23,32,37,26,17,2,11,34,6,27,28,16,19,12,10,21,25,5,1,35,30,7
171;76;14360;7143;30,0,14,10,24,36,35,3,38,34,11,27,2,37,12,4,29,9,20,39,22,18,21,31,33,15,8,13,5,23,7,26,32,28,17,1,16,6,25,19
172;68;13549;6087;2,27,23,29,8,4,37,9,11,28,7,3,18,17,19,20,21,12,5,16,15,34,25,31,33,22,1,13,26,39,32,30,38,0,10,36,6,35,24,14
173;128;29415;13623;0,31,14,39,24,35,29,36,38,3,26,12,6,17,20,32,30,15,33,10,11,13,4,18,8,34,22,9,19,21,28,27,1,16,2,5,37,25,23,7
174;96;20693;9559;31,13,8,2,9,22,33,18,15,34,4,37,27,16,11,21,30,36,29,3,39,10,20,35,38,14,24,0,32,12,26,17,28,7,25,1,6,19,23,5
175;74;15919;7302;35,0,12,25,24,30,10,36,38,17,7,39,6,20,14,5,18,4,8,21,37,9,19,2,11,34,16,27,22,33,28,31,3,29,13,23,15,26,1,32
176;105;25428;11949;37,11,20,28,7,19,29,17,4,21,5,18,9,8,16,23,22,13,25,15,27,33,12,31,39,6,34,2,3,24,32,35,36,38,10,14,0,30,1,26
177;88;15179;6685;27,16,20,14,7,17,26,5,1,28,23,3,2,19,25,32,21,9,6,12,33,18,29,13,15,22,39,31,8,38,24,10,34,30,0,36,35,11,37,4
178;81;14375;6781;27,2,7,25,5,1,16,19,28,30,36,0,35,38,10,24,11,9,4,37,22,34,18,31,33,15,8,13,23,3,32,39,6,20,29,26,21,12,14,17
179;75;13582;6506;10,35,14,18,24,36,30,0,38,15,8,26,13,33,9,22,31,20,3,39,17,29,23,2,16,7,5,27,19,11,4,1,12,34,25,21,37,6,32,28
180;97;19133;8720;27,2,5,25,1,21,16,6,12,28,19,26,17,32,7,23,38,24,39,0,30,36,9,35,10,18,14,13,8,22,20,29,34,33,31,11,15,3,37,4
181;117;24664;11295;22,13,26,28,32,33,31,3,15,11,8,23,29,37,34,4,0,30,6,39,24,38,12,10,36,14,18,35,21,17,9,27,5,16,2,7,25,1,19,20
182;81;16727;8168;37,34,32,3,23,4,2,29,11,28,20,25,27,17,19,7,33,39,15,22,38,13,21,31,0,12,6,35,9,36,8,30,14,10,18,16,24,26,1,5
183;72;14363;6432;0,29,7,17,5,20,38,23,39,24,3,26,14,6,36,32,27,9,8,16,15,18,33,2,13,22,21,31,34,4,1,37,10,19,25,28,11,35,30,12
184;89;16765;7931;13,6,9,2,21,16,27,12,39,20,7,29,25,1,17,5,18,30,32,3,36,10,26,35,38,24,14,0,22,8,15,34,4,11,31,28,33,37,23,19
185;94;18347;8350;33,34,8,13,4,22,15,37,11,18,21,10,30,35,9,12,31,32,23,29,17,3,1,2,26,6,28,27,5,39,7,38,36,14,0,16,20,24,25,19
186;123;27048;12547;0,38,26,10,14,24,35,30,36,16,7,27,2,1,17,5,3,22,20,39,18,15,8,13,33,9,29,31,32,34,23,11,19,4,37,28,6,25,21,12
187;99;23046;10244;25,37,28,35,4,11,10,19,34,38,22,30,0,36,8,33,17,20,1,7,27,29,23,31,16,39,5,2,9,12,18,6,32,26,13,14,21,3,24,15
188;72;12774;6264;35,31,24,0,36,30,38,18,10,29,39,27,2,3,14,20,11,19,8,34,15,37,9,13,22,33,4,28,25,21,7,17,32,12,26,23,1,6,16,5
189;90;19119;8597;37,25,34,27,11,4,2,28,19,7,23,17,16,21,1,5,12,30,32,6,36,10,14,35,38,24,3,0,26,33,8,13,18,15,31,22,39,9,29,20
190;82;13627;6842;34,37,15,13,22,4,33,8,11,29,39,0,31,25,19,20,18,21,28,9,6,27,23,2,12,32,1,3,5,17,7,30,14,26,10,24,16,35,38,36
191;82;15174;6881;38,35,14,18,24,36,0,10,30,20,17,29,31,25,39,7,3,37,32,26,11,28,1,2,4,34,19,27,6,21,12,15,33,22,13,8,23,9,5,16
192;77;15928;7735;13,31,23,2,33,22,27,29,15,4,8,11,34,28,37,19,16,39,5,7,14,17,24,0,38,36,20,26,21,30,9,10,12,6,35,3,18,25,1,32
193;80;15153;6876;18,9,7,12,5,1,25,16,21,20,28,39,6,14,17,26,11,27,19,34,29,37,15,2,23,13,4,31,33,0,8,10,30,38,35,36,22,3,32,24
194;115;26225;12196;6,39,7,17,5,21,16,20,12,1,29,2,27,31,25,23,36,0,14,24,18,38,13,35,30,9,8,10,15,33,3,11,37,4,34,26,22,19,28,32
195;71;12759;5637;2,27,32,39,23,3,6,20,29,35,10,31,0,18,38,30,5,7,12,1,14,16,36,25,17,24,21,26,28,8,9,11,34,4,37,22,19,33,13,15
196;105;22294;10604;10,35,32,25,3,6,12,39,30,21,15,9,18,29,13,23,38,26,24,36,33,0,8,2,31,22,14,27,1,17,28,11,4,19,37,7,34,16,20,5
197;158;33437;15430;35,10,1,27,6,12,2,30,25,5,17,39,16,20,21,7,3,29,23,32,22,26,34,31,33,15,28,13,4,11,19,18,38,9,0,8,37,36,14,24
198;96;23058;10354;2,29,5,16,7,17,27,20,23,21,19,12,25,24,14,37,13,33,39,15,32,22,1,31,26,28,6,3,11,0,4,9,10,30,18,38,34,35,36,8
199;92;19111;9289;37,3,33,4,26,34,11,23,32,19,8,25,28,7,22,17,13,21,6,15,30,9,35,2,18,10,12,27,1,39,5,38,24,36,0,14,16,31,29,20
200;115;28583;13268;2,18,1,16,12,21,27,25,9,30,39,10,35,0,6,38,15,33,28,13,11,22,8,31,34,4,19,37,23,3,32,14,24,17,26,20,29,36,5,7
201;130;29431;13504;10,0,39,18,6,38,30,12,35,13,24,27,2,16,36,14,34,22,1,25,26,33,37,31,28,32,19,3,7,17,5,4,8,11,29,20,23,9,21,15
202;76;13584;6166;35,0,12,10,6,36,30,39,38,15,21,25,13,33,24,22,18,34,8,9,31,11,23,2,37,29,4,27,3,17,32,14,1,16,26,5,20,28,19,7
203;73;14360;6457;29,2,32,3,23,6,31,37,39,15,12,18,0,9,13,21,27,5,20,26,19,1,14,16,7,28,17,25,4,36,11,10,38,30,35,8,24,22,33,34
204;70;11980;6092;18,9,5,25,7,19,28,21,16,17,23,2,27,26,1,37,22,29,8,33,24,15,39,31,14,36,20,13,4,34,11,35,10,30,0,12,38,3,32,6
205;114;24678;11000;2,37,8,18,28,11,9,19,4,1,21,10,25,30,34,12,16,20,5,7,39,17,32,27,29,6,23,3,24,26,36,13,33,15,31,0,14,22,35,38
206;84;18304;8676;35,18,36,0,8,30,38,9,10,14,21,39,2,6,24,12,33,11,15,22,37,34,28,31,4,19,13,29,1,7,23,16,26,17,27,5,25,3,32,20
207;94;19110;8602;27,2,7,25,5,1,16,19,28,14,24,26,17,3,20,36,29,11,23,37,15,34,8,31,33,22,4,13,21,18,12,35,30,38,0,39,9,10,32,6
208;87;16753;7736;31,0,32,27,23,3,2,33,29,39,14,17,6,16,26,20,35,30,24,38,15,10,8,18,9,22,36,13,21,11,12,37,28,19,25,34,4,1,7,5
209;80;15962;7099;37,2,19,4,21,34,11,12,25,15,8,13,18,33,9,22,16,35,5,1,38,27,14,10,30,36,24,0,17,6,7,39,3,20,31,32,26,29,28,23
210;120;24686;11666;2,37,22,33,8,34,31,4,11,9,21,18,13,0,15,12,27,5,23,29,19,1,17,16,7,28,20,25,26,14,32,30,38,36,10,24,3,35,6,39
211;99;19920;9384;13,34,8,31,4,22,33,11,15,23,19,3,29,32,37,28,18,12,21,9,35,30,1,2,10,25,6,27,36,5,24,39,14,16,0,7,38,20,26,17
212;133;29432;13130;35,0,14,10,24,36,30,18,38,6,26,13,39,3,12,32,34,4,8,9,25,11,7,2,37,19,17,27,1,28,5,33,15,22,31,23,16,29,20,21
213;79;13572;6473;2,37,28,25,19,34,27,4,11,32,23,6,3,12,1,26,22,13,8,33,30,15,35,31,9,10,29,18,24,38,21,39,14,20,0,5,36,16,17,7
214;100;21492;9559;13,2,20,29,39,33,31,22,15,32,26,0,3,38,23,14,21,1,6,12,19,16,17,27,28,7,5,25,37,11,4,9,10,35,18,8,34,30,36,24
215;114;26253;12216;2,27,19,4,28,37,11,1,34,22,15,29,31,33,13,8,30,9,25,10,39,35,21,18,38,6,12,0,36,5,24,14,17,20,3,7,16,26,23,32
216;120;27065;12595;31,29,32,26,23,33,3,15,22,39,20,0,6,38,17,14,13,9,10,30,34,18,4,2,11,37,8,27,19,5,28,25,21,16,35,7,1,12,36,24
217;88;17532;7792;25,12,5,2,1,16,27,6,21,3,32,33,31,26,34,23,18,30,9,13,36,10,14,35,38,24,39,0,17,15,7,4,11,8,29,22,20,37,28,19
218;88;14407;6955;35,12,32,25,3,30,10,21,6,38,36,16,0,5,39,1,13,22,9,18,11,33,8,31,34,4,15,37,19,23,28,27,26,17,2,20,29,14,24,7
219;78;16724;7605;31,29,23,37,21,35,2,12,10,11,34,15,13,22,4,33,5,25,28,1,20,16,6,27,7,39,19,17,26,3,32,0,30,38,18,36,14,9,8,24
220;104;23071;10789;2,37,9,18,8,34,27,4,11,15,19,16,13,21,22,28,26,3,23,33,39,17,14,31,6,20,32,29,36,0,24,10,12,30,35,7,38,25,1,5
221;127;29419;13461;37,11,21,27,12,4,2,6,34,3,32,26,17,14,16,23,18,30,8,9,38,10,24,35,39,36,13,0,15,20,33,29,19,25,31,7,22,28,1,5
222;62;10405;4603;2,18,4,34,8,11,37,13,9,38,36,10,30,35,0,24,33,28,15,22,26,29,20,31,32,14,23,3,39,5,6,16,17,7,27,21,1,25,19,12
223;78;15148;6939;18,30,21,25,12,9,13,35,10,33,22,34,31,11,15,8,0,14,36,38,32,39,20,6,26,17,24,3,7,16,5,27,19,28,2,1,23,37,4,29
224;81;15932;7485;18,9,7,10,19,25,30,17,28,5,20,27,16,23,1,29,6,3,21,12,22,39,26,13,15,33,32,31,35,14,38,34,11,4,2,24,0,37,8,36
225;88;18344;8211;26,29,39,17,6,20,14,32,3,38,24,35,10,30,0,36,22,13,23,33,16,15,5,31,27,1,28,2,7,4,25,34,9,11,37,8,19,18,12,21
226;106;25450;11675;35,0,14,2,24,36,10,30,38,3,32,16,27,5,26,23,39,9,12,6,22,18,8,13,15,33,21,31,11,29,34,37,7,19,25,20,4,17,1,28
227;81;15165;7074;33,25,1,29,28,15,31,19,22,5,23,17,16,21,7,20,34,13,4,37,18,11,10,2,9,30,8,27,3,24,32,38,39,36,0,14,35,6,12,26
228;89;16729;7613;2,37,15,13,4,11,29,23,34,32,26,39,3,6,20,14,25,1,7,19,22,16,17,27,28,33,5,31,21,35,12,18,38,30,0,9,10,36,8,24
229;123;29409;13321;35,10,19,1,28,12,25,30,6,16,5,39,0,38,21,7,37,34,32,4,18,11,8,2,3,9,23,27,22,26,15,29,14,13,31,17,33,20,36,24
230;74;15155;6779;2,35,14,16,36,24,27,38,0,17,4,29,31,37,26,19,30,9,15,10,6,18,1,13,12,39,21,25,5,32,7,33,34,22,3,23,28,11,20,8
231;120;29382;13516;0,38,20,17,39,14,26,24,36,5,1,18,16,9,7,21,35,3,12,6,10,29,23,31,30,27,32,2,22,34,15,25,19,37,13,11,33,28,8,4
232;85;18326;8447;27,2,21,12,32,17,6,3,26,35,10,0,18,38,9,30,4,34,23,37,15,11,8,31,33,22,29,13,20,5,39,19,16,7,28,14,1,25,36,24
233;90;19121;8591;6,31,15,21,22,13,12,33,39,38,24,10,35,30,0,36,29,26,20,17,32,16,28,27,3,23,14,2,5,19,7,11,34,4,37,25,1,18,8,9
234;87;18328;8528;31,13,12,25,21,33,34,15,22,6,26,2,27,28,1,32,9,10,8,3,38,35,14,18,30,36,24,0,11,19,4,39,17,20,29,7,37,16,23,5
235;79;13603;6138;2,27,4,34,19,37,11,16,25,9,21,18,35,30,10,12,28,32,5,1,17,23,14,3,26,20,7,29,24,6,8,0,38,39,31,33,36,13,15,22
236;73;15147;6854;27,2,17,39,26,32,6,23,3,35,25,38,0,30,10,12,11,34,29,4,22,37,28,31,33,15,19,13,20,16,7,9,24,14,18,5,8,36,1,21
237;78;15158;7305;2,0,14,35,24,36,27,39,38,10,12,9,18,21,30,16,26,28,6,17,11,3,1,37,19,4,32,34,7,29,20,33,15,22,31,23,25,13,8,5
238;83;17533;7829;37,2,19,16,4,11,27,25,34,26,32,33,28,22,1,3,12,30,39,6,36,10,14,35,38,24,18,0,9,7,21,29,13,20,31,5,17,15,8,23
239;72;13564;6786;37,18,4,8,19,11,9,28,34,15,23,27,2,16,13,21,33,30,32,22,38,10,6,31,35,39,3,0,36,14,24,17,7,20,29,12,26,25,1,5
240;82;16744;7478;37,2,20,29,39,11,4,28,19,8,24,9,18,38,14,36,17,25,5,7,0,16,26,27,34,33,1,31,32,12,23,15,10,22,13,21,6,30,35,3
241;116;23902;11159;2,27,15,0,22,33,34,13,31,8,4,18,9,21,11,37,28,32,23,29,6,3,1,26,14,39,20,17,5,24,7,35,25,12,10,36,16,30,19,38
242;124;30185;14063;10,35,26,25,32,6,3,30,12,34,4,19,28,37,1,11,0,22,38,39,13,33,21,31,15,9,18,29,36,14,8,27,5,16,2,20,24,7,17,23
243;67;12773;5692;11,13,8,37,22,15,4,33,34,18,19,27,2,21,9,28,0,38,29,31,24,30,20,10,36,14,39,35,32,26,23,12,25,17,6,7,3,1,16,5
244;68;13545;6158;13,31,18,30,29,15,10,33,22,12,21,6,3,32,35,23,34,37,8,9,25,11,1,2,19,28,4,27,7,17,5,38,14,36,0,24,16,26,39,20
245;89;17542;8423;31,34,8,19,22,4,37,33,11,38,36,26,0,14,28,24,13,21,25,15,10,9,27,18,30,35,12,2,1,29,5,39,3,20,6,23,16,32,17,7
246;109;26204;12505;37,31,23,27,4,11,2,29,34,28,7,25,16,1,19,5,3,33,20,32,22,26,17,13,15,6,14,39,24,38,8,30,18,35,10,0,36,9,21,12
247;70;11994;5227;31,13,4,34,11,22,33,8,15,23,26,2,29,3,37,32,9,30,12,21,36,18,14,35,38,24,10,0,6,7,39,16,1,5,25,20,17,27,28,19
248;77;15143;7343;27,2,7,25,5,1,16,19,28,12,21,6,10,39,17,20,29,11,23,37,15,34,8,31,33,22,4,13,9,24,26,38,30,36,0,14,18,35,32,3
249;102;19161;8618;31,3,26,27,32,23,2,6,29,33,20,15,13,22,39,17,38,30,14,0,9,10,24,35,12,21,36,18,16,4,5,34,37,11,25,1,8,19,28,7
250;107;23075;10767;27,2,26,28,32,25,1,12,6,22,34,29,31,15,33,13,3,30,20,39,36,10,18,35,38,24,14,0,7,16,5,8,11,4,9,19,17,37,23,21
251;79;17508;7881;13,18,12,6,21,15,39,30,9,36,24,33,22,26,8,14,35,31,38,10,11,0,4,2,34,37,29,27,23,1,32,19,7,28,25,5,3,17,20,16
252;74;13581;6411;2,27,8,18,4,11,9,19,37,33,22,29,31,13,34,15,24,36,17,16,39,14,5,35,38,20,7,0,30,3,26,12,21,6,25,32,10,1,28,23
253;87;15967;7236;33,34,9,13,8,15,31,11,22,30,12,3,18,32,21,6,37,19,28,4,17,2,35,27,25,7,10,16,5,24,23,20,26,14,29,36,1,39,0,38
254;86;15201;7037;31,22,32,26,23,29,3,15,33,20,7,39,6,16,17,5,4,11,28,19,18,37,8,2,13,9,34,27,1,10,25,38,36,35,0,12,30,24,14,21
255;101;25406;11891;2,25,20,29,28,19,31,39,37,17,23,16,27,1,7,5,38,24,14,0,12,36,32,35,30,6,3,10,26,8,34,9,15,22,18,11,33,13,21,4
256;74;15157;7361;27,29,5,23,7,17,2,20,16,6,3,12,25,21,1,32,36,35,14,24,30,0,39,31,10,18,38,13,15,8,22,11,4,9,34,26,33,37,28,19
257;95;16767;7719;37,31,23,27,29,34,2,4,11,16,7,28,25,1,19,5,15,35,33,22,30,13,24,0,38,36,8,10,18,39,9,26,6,32,3,12,14,17,20,21
258;107;19953;9509;27,2,33,29,26,23,31,32,3,15,20,28,13,1,22,34,39,38,12,6,30,35,14,0,36,10,24,18,9,16,8,37,4,19,25,7,21,11,17,5
259;119;27029;12150;2,37,21,18,8,34,9,4,11,22,15,0,31,29,33,13,28,1,32,19,7,16,26,27,5,17,23,25,20,39,14,35,12,6,10,24,3,30,38,36
260;77;18289;8778;13,15,10,30,8,9,18,33,22,38,24,0,35,12,36,21,11,37,4,34,23,31,32,2,29,3,26,27,28,20,1,17,6,7,25,5,19,39,14,16
261;68;13558;6143;6,39,5,21,7,12,16,20,17,25,28,2,27,23,1,19,10,14,32,3,36,30,18,35,24,38,26,0,9,33,8,34,4,11,31,22,13,37,29,15
262;83;14385;7186;27,16,20,17,7,5,2,25,1,3,32,26,29,14,23,28,39,38,12,6,18,35,0,10,30,9,21,13,36,8,24,33,34,22,31,11,15,37,19,4
263;91;17531;7842;18,10,23,27,32,3,2,26,30,34,1,11,37,4,28,19,38,39,17,35,13,6,20,0,25,29,12,31,24,7,36,21,22,15,16,5,14,33,9,8
264;82;16720;8219;18,30,4,37,8,34,11,10,9,29,20,25,2,17,19,7,33,35,15,22,38,13,14,31,36,39,24,0,3,6,32,16,1,21,27,12,26,5,28,23
265;86;17531;7905;9,18,8,29,4,15,13,11,21,30,24,10,35,38,12,36,31,19,33,22,25,37,16,2,28,1,34,27,5,17,23,26,6,32,3,20,7,39,0,14
266;62;10388;5251;35,10,23,26,28,32,2,30,3,11,19,33,34,22,37,4,25,16,7,17,21,1,6,27,12,9,5,18,14,29,24,0,38,39,31,36,20,13,15,8
267;93;18318;8423;2,37,5,16,7,23,27,17,19,1,34,31,25,33,28,22,11,8,29,4,36,9,3,18,14,24,20,30,15,38,21,35,12,39,10,0,13,6,26,32
268;140;34146;15670;2,3,21,16,12,6,27,26,32,5,23,25,17,7,1,20,18,30,39,9,36,10,14,35,38,24,13,0,15,33,8,34,37,11,31,4,22,29,28,19
269;147;34167;15601;37,11,1,27,28,19,2,34,4,7,5,17,29,20,16,23,33,10,15,22,6,25,30,31,12,39,13,35,21,38,9,36,14,24,0,3,18,26,8,32
270;99;18366;8289;35,10,24,14,36,38,0,18,30,20,17,16,39,5,29,7,15,33,9,13,11,22,4,31,34,37,8,2,19,21,26,25,12,1,27,32,28,6,3,23
271;96;19121;9030;37,2,34,29,11,4,31,28,19,22,8,26,33,32,23,15,25,16,7,17,9,1,6,27,21,12,5,18,39,30,20,38,24,36,35,14,10,0,3,13
272;78;17496;8193;2,27,39,9,12,21,18,6,16,10,30,35,13,0,25,38,17,29,5,7,14,20,1,3,32,28,23,26,19,11,4,33,22,34,31,8,37,15,36,24
273;77;15939;7461;2,37,8,18,28,4,9,19,11,32,26,3,29,17,23,6,34,22,21,1,27,33,16,31,15,25,12,13,5,30,7,35,38,36,0,24,10,39,20,14
274;94;20695;9722;10,0,24,18,36,38,30,14,35,8,15,33,22,34,9,11,20,17,5,39,31,16,23,27,29,13,7,2,12,25,21,32,28,1,3,19,6,26,4,37
275;136;27881;12872;37,28,33,34,22,4,11,8,19,9,21,18,13,30,15,10,29,7,20,23,16,31,1,2,17,25,5,27,3,14,32,38,24,36,0,39,26,35,12,6
276;92;18332;8742;2,18,4,31,8,11,37,34,9,15,22,29,13,10,33,30,35,36,21,12,16,38,5,0,14,1,24,27,7,17,19,39,32,26,6,20,25,3,23,28
277;124;29410;14525;34,37,19,31,8,22,33,4,11,38,36,10,35,30,0,24,13,18,29,15,1,9,23,2,16,5,21,27,7,17,28,6,12,3,39,32,20,25,14,26
278;108;23871;11190;37,34,1,27,19,4,2,28,11,21,5,12,25,17,16,7,3,22,32,26,29,33,9,31,15,18,23,13,8,36,20,30,0,38,10,24,14,35,6,39
279;100;20700;9770;2,27,6,39,12,9,13,21,18,10,15,31,35,33,30,22,1,19,5,16,11,28,17,25,34,4,7,37,23,29,8,26,32,14,3,24,20,0,38,36
280;94;19917;9325;13,31,4,22,11,34,15,37,33,30,36,10,0,35,8,38,26,3,23,29,39,17,14,2,6,20,32,27,28,16,19,9,12,21,18,5,7,25,24,1
281;97;19900;9548;18,2,5,21,7,16,9,17,27,19,12,28,1,37,25,6,29,38,20,39,10,0,24,31,36,30,14,35,15,33,22,26,34,32,3,8,13,11,23,4
282;96;20684;10026;27,2,23,5,32,28,16,6,1,17,7,39,3,14,26,20,12,37,19,21,34,25,29,10,35,11,4,31,0,9,38,18,22,15,13,8,30,33,24,36
283;79;15144;7393;0,37,4,29,19,11,31,25,34,30,35,9,18,8,10,38,1,16,5,28,12,27,3,2,21,32,23,6,17,20,7,15,33,39,13,14,26,22,36,24
284;86;18319;10291;29,31,5,25,7,17,3,23,20,26,1,12,6,21,32,28,36,35,14,24,27,38,19,0,16,37,39,2,11,8,34,15,9,22,13,33,4,18,10,30
285;96;16001;7720;16,25,7,17,5,19,27,1,28,23,26,29,2,3,20,32,12,24,39,6,38,10,18,35,36,30,14,0,9,13,21,22,33,15,31,11,8,34,37,4
286;93;19117;9600;13,18,20,27,39,29,2,15,9,5,7,21,16,1,23,17,24,38,8,14,35,36,33,0,30,10,22,31,11,37,4,26,28,32,3,19,34,6,12,25
287;117;19978;9510;27,2,20,29,7,17,31,5,16,19,23,28,1,37,25,39,9,10,12,21,38,35,14,18,30,36,24,0,8,22,6,15,34,33,13,32,3,11,4,26
288;74;12789;6125;27,2,4,29,11,34,31,23,37,28,1,25,16,7,19,5,26,22,32,3,9,33,12,13,15,21,6,18,8,36,14,0,30,38,35,39,24,10,17,20
289;85;14392;6627;31,3,26,27,32,23,2,20,29,15,22,28,13,9,33,8,39,36,14,6,10,38,12,0,30,35,24,18,1,16,5,37,4,19,25,7,21,11,34,17
290;76;16711;8298;10,25,28,18,32,6,3,12,30,26,21,29,31,23,1,5,38,24,39,35,27,36,19,0,16,37,14,2,8,11,9,15,22,34,13,17,4,33,20,7
291;61;10408;4617;37,34,1,27,19,4,2,28,11,16,7,9,18,21,25,5,3,29,23,32,22,26,39,31,33,15,6,13,20,14,8,38,30,36,0,24,17,10,12,35
292;134;27868;13061;9,18,32,13,3,21,6,30,12,39,23,16,27,5,15,1,10,37,28,35,11,25,29,2,4,34,19,31,22,26,8,38,24,36,0,17,33,14,20,7
293;82;15160;6707;18,30,21,27,12,9,2,10,13,5,15,1,25,7,16,23,38,24,39,35,26,36,17,0,14,32,6,3,20,22,8,29,19,28,31,4,33,37,34,11
294;108;22314;10638;16,25,19,28,7,5,1,12,21,34,4,2,27,17,37,11,35,30,9,10,38,18,8,31,36,14,24,0,20,3,29,15,33,22,13,32,39,26,23,6
295;84;15960;7311;31,29,15,6,22,13,39,26,33,20,7,21,12,16,17,5,34,4,32,3,19,11,1,2,37,28,23,27,25,38,8,9,10,30,18,36,0,35,14,24
296;99;20713;9782;22,13,32,28,26,33,31,3,15,37,19,23,29,11,34,4,39,38,12,6,30,35,14,0,36,10,24,18,17,7,20,27,21,16,2,5,25,9,8,1
297;94;21473;10082;35,10,24,14,36,38,18,0,30,39,6,17,26,20,3,32,37,34,19,4,16,11,1,2,12,21,25,27,5,22,7,33,13,15,31,23,28,29,9,8
298;99;18339;8208;25,12,5,2,1,16,27,6,21,28,19,26,17,32,7,23,10,18,39,35,22,30,0,13,15,33,38,31,36,8,24,11,37,4,34,29,9,3,14,20
299;112;21538;10299;2,27,8,18,4,11,9,19,37,22,28,15,13,33,34,1,25,30,7,16,38,10,14,35,36,24,5,0,12,6,21,39,29,20,31,26,17,3,23,32
300;57;10374;4626;13,18,15,29,9,10,31,21,30,8,33,11,4,37,22,34,35,36,6,12,27,38,16,0,24,14,39,2,20,26,32,17,28,7,25,1,3,19,23,5
301;76;12796;5762;27,12,5,25,1,16,2,6,21,7,23,37,34,19,17,28,24,38,26,14,10,36,32,35,30,3,0,18,39,8,20,13,22,33,31,29,9,15,11,4
302;109;19172;9247;10,18,12,2,21,25,35,9,30,0,38,16,27,5,1,36,11,34,8,4,22,37,28,13,15,33,19,31,32,26,23,39,20,6,29,17,3,14,24,7
303;77;16710;7599;31,33,4,29,37,11,2,22,34,26,32,17,27,6,23,3,9,38,15,8,10,0,24,18,30,35,36,13,14,5,20,12,16,21,25,7,39,1,28,19
304;66;11974;6030;31,13,24,14,29,22,26,15,33,17,23,39,3,6,20,32,4,37,35,8,18,11,12,2,9,21,34,27,30,1,36,19,28,16,25,5,10,7,0,38
305;123;27841;12901;2,27,8,18,4,11,9,34,37,15,22,10,30,28,13,19,26,3,23,33,39,17,14,31,6,20,32,29,7,24,5,38,35,36,0,12,16,25,1,21
306;88;19104;8555;26,29,23,17,32,20,14,6,3,36,7,21,12,16,24,5,39,0,15,33,10,13,18,31,38,30,22,35,9,11,8,27,19,37,2,4,34,25,1,28
307;79;15925;7649;35,10,14,31,24,36,0,30,38,33,22,3,13,32,26,15,12,16,9,18,28,21,7,25,1,19,5,27,17,23,6,11,4,34,37,20,2,29,8,39
308;101;20725;9466;2,0,24,11,36,35,34,38,27,8,23,16,37,5,4,1,10,39,14,30,32,29,17,31,6,26,20,3,12,22,25,18,9,15,13,28,33,21,19,7
309;77;13586;6461;27,2,7,12,5,21,25,1,16,3,32,17,6,39,23,20,37,11,28,19,15,4,9,34,22,33,8,13,31,36,29,38,35,30,0,24,18,10,26,14
310;89;18322;8387;35,10,24,14,36,38,18,0,30,39,8,26,3,32,9,6,25,13,21,12,22,27,34,2,15,33,1,31,11,19,4,28,17,7,29,16,37,20,23,5
311;80;17514;8265;2,27,12,39,21,6,13,9,18,38,0,10,35,24,30,36,11,4,1,34,17,37,5,25,19,7,16,28,20,3,23,33,22,26,31,32,29,15,14,8
312;94;20698;9499;33,13,4,37,11,34,31,15,22,28,26,3,29,23,19,32,30,38,8,10,18,36,14,0,35,9,24,2,20,21,5,16,6,12,27,1,39,25,17,7
313;63;11978;5744;31,35,38,27,0,30,2,18,10,11,4,28,37,1,34,19,12,6,9,21,20,25,7,13,39,17,15,29,24,16,36,26,32,23,3,5,14,33,22,8
314;93;19101;9089;15,33,24,30,36,8,13,38,22,9,28,26,14,3,18,32,34,4,35,0,27,11,19,31,37,25,10,2,21,16,1,6,39,17,29,7,12,20,23,5
315;128;28633;13377;31,29,39,13,20,22,15,3,33,36,8,38,0,30,14,24,11,4,23,34,28,37,26,2,19,1,32,27,5,25,7,9,12,21,18,17,16,35,10,6
316;102;19925;9041;2,27,8,18,4,11,9,34,37,38,36,10,35,30,0,24,26,29,14,17,6,33,23,31,39,32,20,3,7,22,5,15,12,21,13,1,16,25,19,28
317;78;15929;7758;28,25,5,7,21,16,19,12,1,23,20,15,13,29,37,39,10,30,14,27,38,35,9,2,36,18,24,0,17,32,6,3,33,26,31,34,8,22,4,11
318;108;21503;9971;0,34,36,2,38,4,37,8,11,14,19,16,27,1,24,28,15,9,33,22,30,13,12,31,18,35,21,10,39,32,25,29,17,20,3,23,6,26,5,7
319;92;19118;8959;25,29,23,37,5,7,19,20,16,1,39,3,28,32,17,6,2,35,14,27,38,10,18,31,36,30,24,0,12,8,21,15,33,22,13,11,9,34,26,4
320;100;20694;9984;16,25,5,2,23,37,27,7,19,4,21,11,34,9,1,12,6,3,28,17,20,26,33,31,39,14,32,29,22,0,15,30,35,38,10,36,13,18,8,24
321;97;21478;9546;2,29,5,16,7,23,27,20,17,25,12,18,31,9,1,21,39,36,14,6,10,38,32,0,30,3,24,35,8,11,4,33,22,34,13,37,26,15,28,19
322;121;29366;13751;13,31,12,6,21,33,39,22,15,26,11,3,29,32,34,4,18,38,8,9,30,35,14,0,36,10,24,2,16,7,5,28,19,1,25,17,27,37,23,20
323;91;18329;8725;26,29,5,16,7,20,14,39,17,25,28,33,31,22,1,19,3,10,6,32,18,27,15,2,30,9,23,13,21,8,4,0,36,38,35,11,12,24,34,37
324;93;17548;8029;39,6,32,29,26,14,3,17,20,31,33,13,2,15,23,22,16,28,7,5,10,1,21,27,25,12,19,35,24,36,4,9,38,30,18,8,37,0,34,11
325;78;12815;5915;37,2,25,19,34,11,4,16,27,22,8,31,28,33,1,15,9,10,12,21,38,35,14,18,30,36,24,0,7,6,5,39,3,20,13,32,17,29,26,23
326;95;18333;8872;2,27,15,29,22,33,31,34,13,4,21,37,11,8,23,9,12,6,1,25,3,35,26,10,30,32,28,18,24,38,36,39,7,20,0,5,14,17,19,16
327;101;22285;10447;9,18,8,12,4,34,21,37,11,36,24,10,30,0,35,38,19,7,1,28,23,25,20,2,16,29,5,27,15,33,22,13,39,26,31,32,17,6,14,3
328;109;23098;10388;35,0,14,10,24,36,30,18,38,9,8,21,12,4,25,11,34,22,19,37,13,33,1,31,15,27,28,2,16,7,5,17,39,20,29,3,23,6,26,32
329;86;16749;8122;9,13,8,31,33,22,18,21,15,36,10,38,0,35,30,24,11,19,12,4,28,37,16,2,25,1,34,27,7,17,5,6,26,32,3,20,23,39,14,29
330;86;15167;6867;6,2,37,26,19,32,3,23,28,11,34,35,12,24,4,14,17,16,1,7,39,27,25,29,20,13,5,31,33,21,22,38,30,18,0,9,15,36,10,8
331;93;17565;8581;31,13,34,27,22,33,2,15,29,4,8,3,37,32,11,23,0,30,39,38,12,18,21,10,35,6,9,25,36,5,24,17,14,7,16,20,1,26,19,28
332;113;23108;10219;18,30,4,37,11,9,2,8,10,19,21,25,27,16,34,12,35,0,24,36,39,38,3,31,29,20,14,13,15,32,22,17,28,6,26,23,33,1,7,5
333;74;12788;6396;18,13,12,35,21,30,10,15,9,36,8,0,38,33,24,22,11,37,6,4,29,34,20,2,31,17,39,27,7,16,23,28,26,1,25,5,19,14,3,32
334;74;14347;6362;39,13,14,17,20,26,6,32,3,38,36,10,30,35,0,24,33,29,15,22,11,31,8,2,34,4,23,37,19,1,7,16,9,21,27,5,28,18,12,25
335;99;21489;10026;2,18,28,19,4,11,37,8,9,29,20,16,27,5,23,7,3,30,32,26,38,10,31,35,36,24,14,0,22,15,34,39,12,6,13,25,33,21,17,1
336;84;18317;8048;35,10,32,6,28,1,12,3,25,14,24,17,26,29,39,20,38,33,36,30,9,0,11,31,22,8,34,18,15,4,21,27,16,37,2,23,13,19,7,5
337;84;15167;7505;35,10,38,0,39,12,25,6,30,24,14,31,13,29,36,20,18,1,9,21,3,16,23,27,28,32,5,2,7,37,17,11,33,4,34,26,19,22,15,8
338;74;14361;6536;10,0,24,18,36,38,35,14,30,8,20,27,2,23,9,29,15,33,39,13,32,22,17,31,26,6,28,3,12,34,21,11,19,4,37,16,1,25,7,5
339;71;12008;5333;35,10,24,13,36,38,0,39,30,6,25,33,31,22,12,15,14,26,7,20,9,17,1,18,16,21,5,27,3,29,32,37,11,4,2,19,23,34,8,28
340;86;18308;8893;31,37,28,22,19,34,33,4,11,9,8,18,13,21,15,1,26,6,23,32,39,3,14,2,29,20,17,27,7,36,5,38,10,35,0,24,16,30,12,25
341;91;16759;7567;10,35,14,18,24,36,30,0,38,8,34,37,2,4,9,11,6,3,21,12,22,39,26,13,15,33,32,31,20,1,23,28,7,17,25,5,29,19,27,16
342;70;13556;6849;35,13,21,31,12,38,0,6,39,20,1,25,29,7,16,5,18,11,23,9,10,37,32,2,30,3,34,27,8,22,4,28,14,19,26,15,33,24,17,36
343;100;18356;8244;35,10,29,31,9,18,2,13,30,37,19,34,11,8,4,28,12,16,1,21,39,25,20,27,6,7,5,17,23,0,32,14,36,24,26,38,3,33,22,15
344;120;30145;14278;10,0,24,18,36,38,35,14,30,12,8,6,39,25,9,21,26,22,32,3,27,33,23,31,13,29,15,2,20,28,7,34,4,19,37,1,17,11,16,5
345;114;21536;10191;18,13,15,25,6,21,9,39,12,20,5,17,29,23,1,7,10,38,31,30,24,35,16,2,36,14,0,27,22,34,8,11,19,4,37,26,33,28,3,32
346;109;25420;12176;0,39,1,25,34,12,35,38,6,37,4,30,10,28,11,19,18,13,21,9,22,27,29,2,15,33,16,31,23,7,8,17,14,20,26,24,5,3,32,36
347;88;20661;9414;16,27,24,36,12,5,14,21,1,10,30,0,38,39,35,6,4,37,8,34,9,11,7,2,25,17,19,18,20,3,23,29,22,33,31,32,28,15,13,26
348;122;26247;12455;31,13,34,27,33,22,2,29,15,26,32,1,28,17,23,6,3,38,20,39,30,14,8,0,36,9,24,18,11,10,4,21,12,5,16,7,35,25,37,19
349;81;17514;7771;10,0,24,18,36,38,35,14,30,8,12,11,2,4,9,21,6,13,32,3,22,39,20,31,33,15,26,29,17,7,23,16,25,19,27,5,28,37,34,1
350;105;23864;11136;2,11,23,3,29,37,27,4,34,6,39,17,26,14,32,20,31,15,8,33,10,22,21,13,18,30,9,35,36,0,24,16,7,5,25,12,38,1,28,19
351;73;12798;5612;16,25,19,2,7,28,27,5,1,11,4,34,37,23,17,8,24,36,21,12,38,35,9,10,30,18,14,0,6,29,20,13,22,15,31,3,39,33,26,32
352;119;26241;12217;33,31,1,28,34,26,22,32,3,23,5,2,27,29,15,16,6,38,21,12,30,0,9,35,18,13,39,10,36,4,8,37,17,19,25,11,24,7,20,14
353;97;18330;8761;33,31,4,37,11,15,34,13,22,3,32,17,29,6,26,23,18,35,8,9,36,30,14,2,38,24,10,0,12,19,21,16,1,5,27,7,25,28,39,20
354;88;19893;8810;2,37,25,16,19,34,27,4,11,12,5,28,1,17,21,7,18,36,8,9,38,30,31,10,24,0,14,35,22,3,15,39,29,20,13,32,33,6,23,26
355;116;27027;12565;10,13,12,31,6,25,35,39,30,36,24,33,0,22,38,15,21,17,5,16,4,9,8,18,20,11,7,29,37,28,19,27,32,3,2,1,23,26,14,34
356;86;17549;7845;29,3,23,27,32,20,2,6,39,7,5,26,17,28,16,1,0,36,12,14,30,38,25,31,35,10,24,18,21,15,8,34,4,11,13,22,9,37,19,33
357;66;11973;5888;35,10,16,21,19,6,12,37,25,7,24,17,39,20,5,14,2,22,1,27,26,28,0,31,33,32,34,3,11,15,4,18,29,9,13,8,23,30,36,38
358;106;19148;8634;33,31,21,18,9,15,13,8,22,6,39,10,30,35,12,38,23,16,20,29,19,27,17,2,7,37,5,25,11,1,34,14,32,28,26,24,4,3,0,36
359;70;15140;7471;31,27,22,25,28,34,2,1,33,4,15,11,37,8,19,13,26,7,23,32,39,17,16,3,20,6,5,29,12,24,21,38,30,36,0,35,14,18,9,10
360;92;18330;8107;35,10,6,12,39,38,18,0,30,24,14,9,25,8,36,21,13,29,22,15,3,31,26,2,23,32,33,27,1,17,20,34,4,19,37,7,28,11,16,5
361;66;11981;5796;0,13,24,33,36,22,31,38,15,39,8,3,26,32,14,6,18,35,21,9,25,30,1,2,10,16,12,27,5,19,7,11,4,37,34,23,28,29,20,17
362;93;20680;9175;27,2,7,17,5,23,16,20,29,19,1,11,37,4,25,34,36,35,14,24,30,0,39,31,10,13,38,18,21,12,15,6,26,32,3,22,9,28,8,33
363;88;17535;8329;10,18,12,25,6,3,35,32,30,38,36,26,0,14,39,24,11,19,9,34,22,4,28,37,33,15,8,13,23,1,7,27,29,16,2,5,21,31,17,20
364;142;33367;15142;30,0,14,35,24,36,10,18,38,6,39,3,25,29,12,20,16,13,5,21,22,27,34,2,15,33,1,31,8,11,23,19,28,4,37,7,9,17,32,26
365;97;18362;8272;35,0,12,18,6,30,10,39,38,21,3,25,13,15,9,32,14,29,36,24,11,31,8,2,34,4,20,37,33,17,22,16,28,19,27,7,26,1,23,5
366;93;16780;8178;2,27,1,34,28,4,11,19,37,22,8,13,31,9,33,15,32,6,25,23,20,26,7,3,39,14,17,29,5,36,16,35,10,38,0,12,24,30,18,21
367;102;19177;8612;17,27,23,20,5,7,29,1,16,14,26,38,0,36,39,24,37,34,28,19,22,11,13,2,33,15,4,31,8,12,21,30,10,25,18,6,9,35,3,32
368;98;19143;9302;18,16,1,2,12,21,27,25,9,37,34,13,28,4,19,11,10,38,7,5,24,30,20,35,36,14,39,0,17,26,6,29,22,33,31,32,3,15,8,23
369;110;21532;9534;11,34,8,9,19,4,2,28,37,30,0,35,10,36,18,38,33,3,23,22,6,15,20,31,29,39,32,13,17,5,7,16,12,21,27,1,26,25,24,14
370;87;15200;7582;0,35,16,27,14,24,2,36,38,20,7,26,17,1,39,5,30,37,25,10,11,13,8,18,4,34,19,9,21,28,12,33,3,22,31,32,15,29,6,23
371;102;18387;8197;3,26,20,39,14,17,6,23,32,7,19,16,27,1,28,5,2,34,37,29,15,11,8,31,33,22,4,13,36,38,24,30,10,35,18,0,9,25,21,12
372;93;19912;9523;18,0,14,27,24,36,2,30,38,9,21,39,13,8,16,15,10,37,12,35,22,25,1,31,34,28,19,33,32,3,6,4,29,17,11,7,26,20,5,23
373;78;14375;6453;10,35,14,18,24,36,30,0,38,39,6,13,31,29,12,20,3,23,26,32,19,28,7,2,37,25,17,27,5,4,16,34,22,11,33,8,1,15,21,9
374;113;23867;11291;11,37,21,9,12,25,34,19,4,13,8,10,35,30,18,15,1,17,6,28,16,26,7,2,23,5,32,27,20,14,29,0,38,39,31,24,3,36,22,33
375;130;31785;14781;2,37,25,16,19,4,27,34,11,7,23,9,18,21,17,5,26,32,1,28,6,33,38,31,3,39,22,0,20,36,29,30,13,35,10,24,14,15,8,12
376;95;19134;8484;31,13,11,27,34,33,2,15,22,29,23,19,37,28,4,32,18,30,8,9,36,10,14,35,38,24,3,0,39,16,20,12,7,6,25,5,21,17,26,1
377;81;15170;7591;27,2,1,12,28,21,25,19,16,6,7,35,10,32,5,23,11,9,4,37,22,34,18,31,33,15,8,13,29,14,20,38,30,36,0,24,39,3,17,26
378;71;12774;5765;18,2,12,35,21,30,10,25,9,36,24,6,0,39,38,14,11,34,8,4,22,37,28,13,15,33,19,31,20,23,7,26,32,17,27,1,29,3,16,5
379;101;22282;10580;2,11,28,25,19,37,27,4,34,7,23,17,16,21,1,5,22,13,8,33,10,15,29,31,18,30,9,35,36,39,24,3,32,26,0,14,38,6,12,20
380;136;31003;14188;0,18,24,10,36,38,35,9,30,12,21,6,39,32,14,3,15,33,8,13,34,22,29,31,11,37,4,2,28,25,23,16,17,1,27,7,19,26,20,5
381;91;18338;8148;35,10,32,6,3,38,39,30,0,12,24,25,18,26,36,14,37,11,19,28,22,34,8,31,33,15,4,13,23,1,20,27,21,16,2,5,29,9,17,7
382;81;14389;6843;2,10,29,27,4,34,37,35,11,32,21,25,3,6,23,12,30,0,36,8,15,9,33,18,13,22,38,31,24,20,14,17,19,7,28,5,39,16,1,26
383;106;20734;9404;13,18,4,37,8,11,34,21,9,22,33,29,31,28,15,19,36,38,12,30,10,0,14,2,35,25,24,27,1,39,5,17,32,6,26,20,16,3,23,7
384;83;15951;7716;10,35,14,18,24,36,30,0,38,26,32,3,9,22,8,33,31,11,23,29,16,37,5,2,34,1,4,27,7,28,20,25,6,39,13,17,19,12,15,21
385;76;13585;6353;35,18,6,25,12,30,10,21,9,19,37,32,3,4,28,11,39,13,1,38,27,0,15,31,33,22,34,2,36,5,24,20,17,14,29,7,16,26,8,23
386;85;15977;7346;10,18,9,25,21,12,35,6,30,8,11,14,24,37,36,4,0,27,38,39,33,13,1,2,15,22,34,31,16,23,5,3,26,20,29,32,28,17,19,7
387;131;33346;15226;11,31,22,2,8,4,37,33,34,29,9,27,13,19,15,23,3,30,32,26,38,10,18,0,36,24,14,35,6,21,39,16,7,5,25,1,12,17,28,20
388;85;16745;8034;10,35,14,18,24,36,30,0,38,8,4,29,31,20,9,11,6,32,26,39,37,3,16,2,28,19,23,27,17,12,7,15,22,21,13,1,25,33,34,5
389;103;23856;10992;10,30,14,39,24,38,0,36,35,7,5,17,25,19,20,16,18,29,8,9,37,31,13,2,11,34,4,27,15,23,22,26,6,32,3,21,33,28,1,12
390;141;30232;13691;29,17,26,39,32,3,6,23,20,38,24,0,31,35,14,36,16,28,7,5,37,1,11,27,25,34,19,2,4,22,8,9,10,13,18,15,33,30,12,21
391;58;12735;6374;10,35,14,18,24,36,30,0,38,11,34,37,9,19,8,4,25,12,39,13,16,2,5,27,21,1,6,31,15,20,22,3,32,23,29,17,33,26,28,7
392;79;13606;6105;3,26,20,39,14,17,6,23,32,36,7,38,0,16,24,5,2,34,37,29,15,11,8,31,33,22,4,13,28,1,19,18,10,25,27,21,9,30,35,12
393;76;15927;7503;2,27,26,34,32,4,11,23,37,28,8,31,33,22,1,19,6,9,17,12,39,3,15,18,29,20,21,13,7,35,5,30,36,38,10,24,16,0,25,14
394;83;16748;8486;31,0,32,3,6,22,26,34,33,15,4,39,13,29,11,23,28,12,37,19,16,25,9,2,21,18,1,27,7,24,17,10,36,30,35,14,5,38,8,20
395;91;15969;8090;18,0,36,10,8,30,35,9,38,14,3,27,2,26,24,32,12,39,11,21,22,6,4,13,15,33,34,31,29,1,20,19,7,28,25,5,37,17,23,16
396;89;18331;8772;18,13,12,35,21,30,10,15,9,16,1,2,27,23,25,5,39,3,28,6,33,38,34,0,22,26,32,31,36,8,24,11,19,4,37,20,14,29,7,17
397;128;23935;11804;35,10,12,6,36,38,39,30,0,14,32,3,25,17,24,26,9,11,21,18,22,34,4,13,15,33,8,31,19,1,28,27,23,16,2,5,37,29,20,7
398;128;26301;13150;13,31,21,6,12,15,39,22,33,32,14,26,29,23,3,20,9,38,11,34,30,0,24,18,35,36,8,10,4,19,25,27,1,16,2,5,37,28,17,7
399;73;11999;5784;39,6,23,26,32,20,29,14,3,13,28,33,31,22,17,15,10,21,5,30,9,16,12,27,18,35,1,2,7,19,24,11,4,37,34,8,25,0,38,36
400;102;19128;10146;27,2,4,29,11,34,31,23,37,19,20,25,16,5,17,7,3,39,26,32,36,6,12,0,38,24,14,35,10,33,8,13,9,15,18,22,30,21,1,28
401;94;21468;10202;11,37,8,18,28,4,9,19,34,30,36,0,35,38,10,24,25,5,17,7,21,1,6,2,16,12,23,27,3,39,32,29,15,13,31,33,20,22,14,26
402;85;15187;8332;2,27,38,30,36,24,10,14,35,6,12,3,0,26,39,32,16,7,1,5,28,17,23,25,19,37,20,29,4,34,8,33,15,22,31,9,11,13,18,21
403;106;23863;11597;31,0,4,27,37,11,2,33,34,3,23,17,26,6,29,32,13,30,22,15,38,9,24,18,10,36,8,35,21,25,12,16,7,5,39,1,14,20,28,19
404;106;21494;10802;27,2,1,34,19,4,11,28,37,21,5,12,25,9,16,7,6,26,23,32,39,3,33,29,20,14,17,31,15,0,22,30,35,38,10,36,13,18,8,24
405;79;14383;7989;1,28,21,16,12,7,5,19,25,6,39,2,27,14,17,20,10,38,24,35,15,30,8,18,9,22,36,13,0,34,3,11,37,4,31,23,33,29,26,32
406;60;11171;4942;37,34,1,27,19,4,2,28,11,7,5,17,25,26,23,32,22,13,8,33,18,15,16,31,9,21,29,0,36,39,24,10,12,30,35,14,38,6,3,20
407;96;19906;9906;0,30,14,13,24,36,18,39,38,8,15,33,31,34,9,22,10,32,12,35,28,3,25,2,26,1,6,27,21,16,5,19,4,17,37,7,23,11,29,20
408;75;14355;6580;27,10,5,25,1,12,16,21,35,28,19,17,6,32,7,23,18,8,38,30,34,9,4,2,11,37,36,0,24,22,14,13,29,15,31,39,33,3,26,20
409;123;30966;14437;35,0,12,14,24,36,10,30,38,3,20,26,6,32,39,29,9,11,21,18,22,34,4,13,15,33,8,31,16,19,5,27,1,28,2,7,37,25,17,23
410;101;20717;9607;11,34,22,31,33,19,4,28,37,29,23,18,13,9,15,8,3,12,26,32,10,6,30,2,25,35,1,27,24,36,17,38,39,16,0,5,14,20,21,7
411;85;15202;7300;0,25,38,10,39,6,35,21,12,9,36,13,18,8,30,24,16,34,5,1,11,27,7,2,19,4,28,37,23,26,32,29,33,3,31,20,17,22,15,14
412;103;19959;9736;27,2,1,12,28,21,25,19,16,7,23,17,6,20,5,29,9,11,37,18,22,34,8,13,15,33,4,31,26,30,32,38,35,36,0,24,3,10,39,14
413;77;13582;6513;37,34,1,27,19,4,2,28,11,21,7,12,25,9,16,5,29,6,17,20,32,39,23,31,26,33,14,3,22,24,8,0,38,36,13,30,15,35,18,10
414;82;17516;8215;3,6,1,27,28,26,2,12,32,16,5,17,25,7,21,23,36,35,14,24,10,38,13,0,30,18,39,31,29,22,20,8,4,11,9,33,15,37,19,34
415;90;15169;7375;27,2,6,25,12,30,10,18,35,1,28,39,0,3,38,32,11,19,9,34,14,4,17,37,24,36,8,26,33,13,22,29,5,20,31,7,15,16,21,23
416;87;19095;8874;18,6,15,39,21,9,13,25,12,20,5,31,29,17,16,7,11,19,1,34,3,4,32,37,27,23,28,2,22,26,8,35,38,30,10,36,33,0,14,24
417;55;10370;5022;38,0,20,3,14,30,39,24,36,8,12,9,18,21,13,6,29,11,10,35,37,31,25,2,4,19,34,27,7,5,17,1,33,26,28,23,16,22,15,32
418;82;15163;7076;35,10,14,0,24,36,38,18,30,20,9,29,31,13,39,8,3,12,26,32,1,6,16,2,25,28,21,27,5,19,7,11,4,37,34,23,17,33,15,22
419;95;23058;11179;31,13,1,2,34,22,27,15,33,4,8,29,37,19,11,28,6,38,21,12,10,39,9,0,35,30,25,18,36,17,24,14,32,20,3,7,16,26,23,5
420;128;29428;13781;2,27,23,29,4,11,31,34,37,32,6,39,3,33,20,26,19,1,17,7,9,28,12,25,16,21,5,18,14,36,8,10,38,30,35,13,24,0,22,15
421;108;25416;11637;35,10,14,0,24,36,38,18,30,6,3,17,26,12,39,32,15,33,9,13,11,22,4,31,34,37,8,2,29,16,23,19,28,7,25,5,27,1,20,21
422;112;23873;10936;10,0,24,18,36,38,35,14,30,9,12,27,2,16,8,21,26,33,6,32,15,3,20,31,22,29,39,13,34,4,11,19,25,37,28,7,17,1,5,23
423;81;15976;7793;10,0,24,18,36,38,30,14,35,9,22,12,13,21,8,15,34,33,4,11,29,37,32,31,3,23,26,2,19,17,20,1,16,5,27,7,28,25,6,39
424;67;11999;5394;27,2,1,34,19,4,11,28,37,9,12,18,25,16,8,21,3,29,23,32,22,26,39,31,33,15,6,13,20,36,17,38,10,30,0,24,14,35,5,7
425;99;20712;9783;31,29,21,9,22,15,18,33,13,0,38,10,30,35,8,36,39,14,5,16,6,20,23,3,17,32,7,26,28,25,19,27,11,37,2,4,1,34,24,12
426;83;15931;7349;0,38,20,29,14,24,31,39,36,7,5,26,3,25,17,1,10,13,6,35,9,30,16,2,18,21,12,27,8,22,23,11,4,34,37,33,15,19,32,28
427;103;21499;10022;26,25,20,3,7,17,14,19,28,5,23,27,16,6,32,1,15,33,29,13,34,22,8,31,37,11,4,2,24,0,36,35,30,38,18,21,9,10,39,12
428;96;18345;8301;0,31,20,13,29,38,35,18,39,36,24,3,10,15,30,14,6,16,7,17,12,27,9,2,1,21,5,25,28,37,23,11,26,4,34,32,19,33,22,8
429;92;20677;9821;18,0,9,31,39,30,13,36,38,33,6,15,22,3,8,32,10,17,24,35,16,26,19,2,25,7,14,27,5,28,20,4,11,29,37,12,1,34,23,21
430;106;23872;10603;10,35,32,18,6,12,25,3,30,9,1,27,2,13,21,28,38,14,24,36,17,39,5,0,20,7,26,16,23,19,8,37,11,4,31,33,29,34,15,22
431;89;19094;9308;27,16,7,17,19,28,25,5,1,14,24,39,0,38,20,36,31,4,23,29,9,37,21,2,11,8,34,18,22,13,33,10,12,30,35,3,15,6,26,32
432;100;22262;10429;29,31,4,37,11,34,2,22,33,28,1,25,27,17,19,26,18,30,15,13,36,10,8,35,38,24,9,0,21,39,12,16,5,20,3,6,14,7,23,32
433;72;12004;5440;16,27,7,23,5,19,37,1,28,11,34,26,17,3,4,32,25,9,15,2,10,13,6,18,12,30,21,35,22,36,8,0,39,38,31,33,24,29,20,14
434;82;16733;7456;13,18,8,31,9,22,33,21,15,16,23,27,2,1,29,5,10,38,36,30,6,35,14,0,12,39,24,25,32,20,26,28,19,7,17,4,3,37,34,11
435;129;27840;13042;35,10,14,0,24,36,38,18,30,12,26,6,39,21,3,32,9,34,4,8,22,11,13,2,33,15,37,31,29,28,23,16,1,5,27,7,19,25,17,20
436;87;17531;8438;26,3,39,14,20,6,17,29,32,38,24,10,35,30,0,36,9,34,4,18,22,11,37,31,33,15,8,13,28,21,23,27,1,16,2,5,19,25,12,7
437;96;19124;8492;10,35,32,6,26,18,3,9,30,25,21,27,2,1,12,28,22,24,8,33,0,15,39,13,36,38,14,31,20,34,17,11,19,4,37,7,29,16,23,5
438;122;23893;11218;6,12,5,2,1,16,27,39,21,7,20,31,25,29,17,23,30,38,13,10,24,18,8,35,36,14,9,0,3,22,32,11,4,33,34,15,26,37,19,28
439;104;20725;9415;18,9,32,3,6,10,30,12,35,36,24,39,0,26,38,14,11,37,21,34,16,25,1,2,19,28,4,27,5,29,7,13,22,15,31,17,23,33,8,20
440;87;15198;7319;2,31,34,25,15,22,27,13,33,16,5,19,28,37,1,7,18,38,21,9,39,0,36,35,30,6,12,10,24,32,8,26,20,17,3,4,14,29,23,11
441;88;15196;6764;35,0,14,39,24,30,10,36,38,32,26,12,6,17,3,20,22,34,15,13,9,33,4,31,11,37,8,18,19,23,28,27,1,16,2,5,21,25,29,7
442;119;27830;12876;0,39,9,18,21,12,35,38,6,10,3,25,13,28,30,32,14,17,36,24,16,26,1,2,7,5,20,27,23,11,8,33,22,34,31,4,29,15,19,37
443;84;16743;7864;31,2,7,13,17,20,29,6,39,4,23,11,37,34,19,15,27,12,5,16,10,21,38,25,35,30,1,0,24,26,14,9,33,8,18,3,36,22,28,32
444;103;19940;9037;35,0,24,18,36,30,10,14,38,21,5,9,25,16,12,7,6,26,20,39,31,3,23,2,17,29,32,27,13,22,15,11,4,34,37,28,33,19,1,8
445;79;15163;7102;31,13,32,15,3,33,22,14,26,23,20,27,2,28,29,17,39,38,24,6,10,0,25,35,30,12,36,18,9,34,8,11,19,4,37,1,21,16,7,5
446;87;14404;6758;26,3,20,29,39,6,17,14,32,16,7,27,2,1,23,5,38,10,24,36,18,35,21,0,30,9,12,13,15,33,22,11,37,4,34,31,8,19,28,25
447;77;15917;7216;16,6,7,25,5,21,27,1,12,30,18,13,2,15,10,9,39,14,17,20,36,29,35,31,24,38,26,0,3,8,32,11,37,4,34,22,33,19,23,28
448;73;15129;7407;29,31,23,27,4,37,2,34,11,7,20,25,16,17,19,5,15,9,33,22,38,13,39,18,30,36,8,0,21,6,24,10,3,32,35,14,12,26,1,28
449;73;13582;6172;26,17,5,31,7,20,29,16,14,32,4,33,3,34,23,11,1,28,39,6,37,25,10,27,19,35,12,2,24,30,36,18,15,9,13,0,38,22,8,21
450;76;12809;6397;31,26,6,0,32,22,3,34,33,38,14,35,39,36,12,24,28,16,23,1,19,27,17,2,37,7,5,25,11,21,8,9,10,13,18,15,4,30,20,29
451;95;18324;8356;35,10,14,0,24,36,38,12,30,32,26,39,6,20,3,17,25,19,1,18,11,27,9,2,34,4,28,37,21,22,16,33,13,15,31,23,8,29,7,5
452;118;24691;11612;37,34,22,15,33,4,13,19,11,9,23,29,31,18,8,21,1,25,26,28,12,27,3,2,6,10,32,35,7,24,5,38,30,36,0,14,17,39,16,20
453;87;20685;9307;35,10,14,31,24,36,0,30,38,11,4,34,37,28,8,19,25,21,1,12,9,16,7,27,18,17,5,2,23,26,32,15,33,39,13,3,6,22,29,20
454;106;22292;10510;2,31,6,35,39,38,27,29,0,36,24,30,10,20,12,14,3,22,23,32,34,15,4,13,33,11,26,37,19,1,8,9,16,21,18,5,28,25,17,7
455;75;14374;6662;29,3,17,13,26,39,31,14,20,22,7,25,33,28,15,19,36,0,4,24,18,38,11,35,30,9,8,10,34,21,37,27,5,1,2,6,12,16,32,23
456;83;15168;7339;11,18,19,34,28,4,37,8,9,33,15,31,2,29,22,13,30,38,32,3,6,10,24,0,35,12,36,39,14,17,20,16,1,5,27,7,26,25,23,21
457;106;24649;11209;2,27,6,23,32,17,29,3,26,33,15,34,37,11,31,22,13,30,20,39,0,18,24,10,38,36,14,35,5,12,7,28,19,1,25,21,16,4,8,9
458;87;17510;7882;2,37,1,28,19,4,27,34,11,21,13,9,18,22,16,15,25,38,6,12,36,0,14,35,30,24,39,10,32,17,3,29,33,20,31,7,26,8,5,23
459;68;14327;6826;13,18,34,2,33,22,31,9,15,8,37,10,30,29,11,4,28,1,21,19,5,25,6,27,7,17,12,16,32,14,23,39,0,20,3,24,26,38,35,36
460;73;13568;6746;18,9,37,35,4,30,10,11,8,24,19,0,38,14,36,28,25,15,21,12,33,13,1,2,22,31,34,27,5,7,23,6,20,17,29,3,16,39,26,32
461;74;14351;6500;31,2,8,22,4,11,33,37,34,3,26,10,13,30,15,32,28,1,23,19,7,25,20,27,5,17,29,16,24,0,36,9,12,21,18,38,14,35,6,39
462;128;27076;12862;2,0,14,16,24,36,27,39,38,33,15,29,31,20,26,22,35,10,21,12,25,30,32,18,9,3,6,13,23,28,5,34,11,19,37,7,1,4,8,17
463;86;17532;8250;33,31,19,28,37,15,13,34,22,23,32,27,2,26,29,3,8,30,4,11,38,9,24,18,35,36,10,0,21,14,25,6,17,20,39,7,12,16,1,5
464;67;13562;6298;35,10,24,14,36,38,0,39,30,3,8,29,31,11,20,34,12,18,25,6,9,13,5,2,21,16,1,27,7,23,17,19,22,37,28,32,15,33,4,26
465;147;34171;15887;29,31,4,37,11,34,2,22,33,28,23,3,27,26,19,32,13,30,8,15,38,9,24,18,35,36,10,0,14,17,20,12,25,21,6,7,39,16,1,5
466;108;22320;10375;2,27,19,25,4,11,34,16,37,1,15,29,31,33,28,22,35,30,21,9,39,10,32,18,6,3,12,13,20,24,7,38,14,36,0,8,17,26,23,5
467;81;14387;6744;2,13,23,16,21,18,27,15,9,5,7,6,39,17,1,20,11,34,8,4,33,37,25,29,22,28,19,31,32,0,26,30,38,36,10,24,3,35,12,14
468;114;27801;13124;31,13,34,27,33,29,2,22,15,12,39,25,16,1,21,6,38,30,24,0,9,35,4,10,8,11,36,18,19,14,28,17,7,20,3,26,37,5,23,32
469;59;10388;4523;0,31,14,27,24,35,2,36,38,6,12,1,16,5,39,21,3,10,32,26,15,30,8,18,9,22,33,13,23,28,20,11,37,4,34,17,29,19,25,7
470;78;14371;6568;35,31,24,30,36,38,10,14,0,9,4,13,18,34,8,11,17,7,20,29,19,16,23,27,25,37,5,2,1,26,39,6,12,32,3,33,28,21,15,22
471;87;18322;8655;37,34,26,33,32,4,31,3,11,22,8,29,28,15,19,23,10,12,6,30,9,35,1,2,18,21,25,27,16,36,5,39,14,0,13,24,38,20,17,7
472;101;19936;9399;30,18,14,10,24,36,35,0,38,21,25,16,27,5,12,1,9,34,4,8,22,11,13,2,33,15,37,31,19,23,28,26,6,32,3,39,29,17,7,20
473;72;12767;5997;13,18,29,27,23,15,2,21,9,22,1,33,31,8,16,5,12,35,32,6,34,30,4,10,37,11,3,25,19,24,28,38,14,36,0,17,26,39,20,7
474;95;19150;8978;31,29,3,18,39,10,30,20,13,38,14,0,35,36,9,24,25,4,7,17,19,11,28,2,37,16,34,27,22,1,15,6,12,32,26,23,33,21,8,5
475;69;15901;7544;27,16,7,25,5,12,2,1,21,38,24,30,10,18,35,36,6,14,23,17,29,26,0,3,20,39,32,31,34,22,28,15,4,11,13,37,33,8,9,19
476;70;14340;6515;2,18,33,29,22,15,31,9,13,12,14,6,39,3,21,20,11,0,8,4,30,34,24,35,38,36,37,10,17,7,26,16,1,25,27,5,19,28,32,23
477;74;13571;6789;18,25,21,35,12,37,9,28,19,11,8,38,0,36,4,24,7,27,1,5,20,16,6,2,17,39,23,29,32,3,14,13,15,33,31,34,26,22,30,10
478;96;19906;8991;35,10,36,0,9,18,38,8,30,14,15,39,13,20,24,29,22,34,32,3,4,33,26,31,11,19,28,37,23,25,7,27,6,16,2,1,17,12,21,5
479;102;21513;10176;38,0,10,18,24,30,35,14,36,21,16,9,25,1,12,5,31,6,20,39,26,29,23,2,3,32,17,27,11,34,4,15,22,33,13,19,37,28,7,8
480;86;15942;7205;10,35,14,2,24,36,0,30,38,17,5,25,27,1,16,7,18,12,8,9,39,21,4,13,6,20,11,29,32,15,23,33,34,22,31,37,3,26,19,28
481;71;15135;7569;31,29,4,13,11,22,15,34,33,21,20,18,9,0,8,39,26,32,6,17,28,3,1,2,37,19,23,27,7,25,5,30,36,35,10,24,16,38,12,14
482;97;25397;11867;31,0,15,34,22,13,33,38,39,24,1,27,2,14,36,26,18,12,21,9,30,6,28,35,3,25,32,10,11,23,8,19,17,7,37,5,4,16,29,20
483;89;15200;7075;14,16,7,27,5,20,17,36,24,29,25,31,2,26,1,23,39,12,0,38,18,6,13,35,30,9,21,10,3,22,32,11,4,33,34,8,15,37,19,28
484;94;21449;10061;39,6,23,31,32,20,29,28,3,17,7,37,26,4,14,19,16,12,5,1,10,27,18,2,25,30,21,35,38,9,36,15,33,22,13,8,0,34,11,24
485;76;13590;6296;27,2,4,37,12,11,34,21,16,1,5,28,25,17,19,7,18,30,8,9,38,10,14,35,36,24,13,0,15,26,22,3,20,39,31,32,33,29,23,6
486;87;15209;6923;35,10,24,14,36,38,0,18,30,16,21,25,27,1,12,5,22,33,13,15,11,31,9,2,34,4,8,37,39,23,20,26,6,32,3,28,29,17,7,19
487;94;20683;9749;18,13,15,25,6,21,9,39,12,33,8,28,1,11,22,34,35,36,30,10,2,38,16,0,14,27,24,31,5,20,7,29,32,23,3,37,17,26,4,19
488;96;20703;9868;30,10,14,18,24,36,35,0,38,8,12,27,2,16,9,21,22,39,15,13,32,33,17,31,26,6,28,3,20,34,23,37,4,19,25,7,29,11,5,1
489;85;20661;9331;10,25,9,13,28,18,35,19,30,36,22,38,0,24,8,15,31,3,23,29,11,37,33,2,4,34,32,26,20,39,7,16,21,6,27,5,17,12,14,1
490;109;21525;10334;18,13,6,21,12,10,9,35,30,17,20,16,25,5,39,7,38,14,24,36,33,0,32,31,22,26,15,3,23,4,8,37,34,11,2,19,29,27,1,28
491;83;13598;6095;33,31,4,13,11,22,15,37,34,9,23,18,2,0,8,29,25,5,19,28,12,1,17,27,21,6,7,16,39,14,20,10,36,30,35,24,26,38,32,3
492;77;15936;7723;34,37,22,33,8,4,31,19,11,9,15,27,2,1,28,13,0,38,25,18,6,30,24,10,39,12,36,35,3,20,32,17,5,7,26,29,14,16,21,23
493;108;23872;10676;13,31,12,6,21,33,39,22,15,11,32,37,34,4,3,26,0,36,8,9,35,38,14,18,30,10,24,2,5,7,20,25,28,1,27,17,16,19,23,29
494;90;16754;8161;10,35,24,18,36,38,30,31,0,9,8,15,13,22,39,33,26,17,29,14,5,2,23,27,7,1,20,16,32,28,6,37,4,19,25,12,3,11,34,21
495;87;19100;8571;27,2,1,25,5,7,16,23,17,12,9,35,10,30,21,18,3,39,32,20,15,29,26,31,33,22,6,13,34,8,11,38,36,14,0,37,4,24,28,19
496;106;20740;10001;13,18,8,33,22,15,31,21,9,11,4,27,2,37,34,29,12,36,39,6,30,24,25,35,38,0,14,10,32,20,26,17,28,7,16,5,3,19,23,1
497;122;23134;10872;38,35,20,29,14,36,0,39,24,10,15,13,31,33,30,22,6,1,7,17,16,12,9,25,21,18,5,27,19,11,28,37,32,23,2,4,34,3,8,26
498;91;22236;9968;0,31,20,35,29,39,38,18,13,14,24,10,30,6,36,12,37,34,8,9,16,11,5,2,21,1,4,27,7,28,23,33,17,22,25,15,19,26,3,32
499;115;30155;14048;2,29,28,33,32,26,31,23,3,4,34,22,37,15,19,11,17,1,20,39,21,6,25,27,5,12,7,16,14,38,24,30,9,18,10,36,35,13,8,0
