0;128;34831;15963;25,15,45,41,44,6,11,38,23,1,28,12,37,27,9,7,32,39,34,40,36,19,29,16,47,21,35,42,46,17,24,49,5,43,48,13,0,10,20,18,14,26,30,8,33,2,4,31,22,3
1;130;38514;17596;3,11,27,23,19,9,20,1,28,46,42,22,29,44,41,33,37,31,2,6,7,38,35,32,0,45,17,49,39,34,24,15,40,21,18,16,10,25,48,13,47,4,8,14,30,43,12,36,5,26
2;110;31108;14283;46,0,40,5,13,4,23,33,48,30,8,19,29,18,32,27,28,6,45,7,43,20,22,36,47,14,3,10,31,26,2,49,25,35,37,42,1,11,44,15,39,12,21,38,9,34,16,24,41,17
3;106;32325;14909;17,3,21,9,12,46,11,40,37,15,19,22,28,29,20,1,41,44,24,26,5,14,33,30,48,31,18,13,8,2,4,34,38,39,25,7,43,23,10,36,49,16,47,32,35,0,42,45,27,6
4;97;26161;12008;36,19,20,15,23,3,25,33,37,10,22,47,16,31,26,48,30,46,5,40,0,8,13,32,2,21,29,18,14,7,17,4,9,12,42,38,27,11,6,41,35,39,43,49,44,24,34,45,28,1
5;107;32325;14583;37,5,24,44,41,27,11,19,29,28,1,25,13,17,23,14,18,8,43,47,26,10,36,22,30,46,33,48,20,3,31,35,15,21,6,0,4,9,38,49,39,32,45,2,42,34,7,16,40,12
6;84;27329;12400;1,44,49,25,43,42,28,38,27,6,35,41,40,45,9,8,18,14,13,11,7,21,15,32,0,37,39,29,17,24,34,16,4,12,19,10,2,5,36,33,3,48,23,20,30,31,46,22,47,26
7;101;29829;13899;11,21,43,5,38,35,1,17,44,41,49,37,29,24,15,45,6,28,27,12,34,8,40,4,39,9,13,18,14,16,42,7,25,32,26,10,3,23,22,46,2,36,30,48,20,0,47,31,19,33
8;94;24900;11649;43,18,27,37,11,45,24,28,44,41,6,14,4,1,8,29,47,36,17,5,2,3,22,31,10,13,26,20,33,48,30,34,38,39,12,42,19,25,49,15,0,16,9,7,21,32,40,46,23,35
9;138;49610;22254;19,14,10,22,3,33,46,25,36,31,20,47,29,23,18,35,6,43,49,9,2,15,21,0,4,40,42,12,16,32,7,26,30,48,8,45,17,37,41,1,24,5,28,27,44,34,13,38,11,39
10;98;28595;13203;41,11,8,25,7,0,23,18,43,14,32,37,38,13,5,17,46,29,24,26,22,48,10,20,3,39,30,31,33,2,34,49,35,6,4,16,19,44,1,27,40,47,12,45,9,42,36,21,28,15
11;167;58297;26272;27,41,12,25,37,16,11,42,28,15,21,44,43,9,1,19,23,29,46,35,34,0,45,38,39,6,7,49,32,17,24,4,2,40,18,30,22,5,36,33,3,13,14,48,31,26,8,20,47,10
12;125;40938;19041;29,23,49,9,40,0,12,42,21,15,6,19,25,35,46,39,45,38,34,10,16,30,48,47,36,5,13,26,14,7,32,4,18,8,33,3,43,37,28,11,24,31,20,22,44,17,2,41,27,1
13;125;43451;19754;35,48,21,1,28,40,6,38,12,15,9,46,30,39,19,22,3,20,26,7,47,25,23,16,36,32,27,10,45,42,34,49,44,0,41,43,31,29,37,13,18,17,5,8,14,4,24,2,11,33
14;128;38501;17592;29,16,13,28,9,17,15,8,21,37,11,12,19,14,30,46,35,42,43,36,2,3,20,26,47,4,33,31,22,40,18,34,44,39,1,7,48,25,23,27,0,38,41,45,6,32,24,49,10,5
15;123;37278;17667;19,28,36,31,20,26,22,47,23,10,3,46,11,25,6,32,2,0,7,45,49,41,1,43,35,27,24,44,38,39,34,30,5,48,29,21,14,33,13,12,16,9,17,15,4,42,40,18,37,8
16;121;36057;17403;21,47,3,25,9,22,15,33,37,12,20,16,36,31,26,23,46,10,19,13,17,18,8,7,29,40,2,14,4,32,0,24,11,42,44,38,34,28,48,41,35,45,1,43,6,49,27,39,30,5
17;106;37234;18898;13,30,40,37,15,9,25,39,8,38,21,26,35,18,14,27,6,43,45,47,32,4,12,0,7,36,49,2,16,42,34,17,11,29,10,22,28,23,41,48,46,20,33,3,5,24,31,44,19,1
18;118;36010;18231;4,8,11,37,40,21,12,38,39,9,15,18,13,41,14,30,5,2,34,44,43,27,1,49,35,28,7,6,45,0,32,24,29,17,19,47,48,25,10,22,3,16,46,36,20,26,42,31,23,33
19;112;32324;16412;3,33,12,1,44,27,11,21,37,9,28,20,31,15,22,5,48,41,43,29,24,14,40,2,17,30,13,18,8,4,26,16,36,47,19,49,45,10,25,39,32,35,46,34,38,0,42,7,23,6
20;136;40982;21363;1,17,18,22,3,8,41,14,9,28,40,24,35,44,27,47,13,26,36,12,42,45,6,49,16,4,7,43,2,0,32,38,11,39,29,48,31,15,21,23,10,19,5,30,25,34,46,20,37,33
21;110;34779;16323;21,22,16,23,10,47,25,40,15,9,36,20,37,12,3,5,29,48,30,26,7,8,33,32,14,31,4,13,18,0,2,42,46,19,43,24,38,28,6,1,45,49,35,27,44,34,17,39,11,41
22;91;22444;10115;11,34,9,8,18,40,14,38,2,29,4,39,28,17,35,5,37,13,22,41,43,27,1,24,49,44,7,6,45,0,32,21,12,15,25,16,33,3,20,46,26,19,23,47,10,36,42,48,31,30
23;90;23673;11416;5,10,44,11,35,24,6,43,28,41,1,48,36,49,30,27,37,45,4,22,26,31,3,8,13,20,33,14,18,2,0,34,38,39,23,19,32,17,40,21,16,47,25,29,15,42,46,7,9,12
24;101;33516;15412;6,7,28,37,41,44,5,39,27,1,11,23,25,38,45,26,8,13,24,30,0,33,10,2,32,48,22,31,20,3,34,43,18,14,36,16,46,49,15,9,17,12,47,40,21,42,4,29,35,19
25;103;27395;12874;16,12,24,36,47,38,42,17,37,11,25,15,9,29,21,44,1,41,43,26,34,8,4,39,30,40,18,13,14,7,32,2,49,0,35,33,27,5,23,31,3,48,10,20,19,22,46,45,6,28
26;103;32280;15025;23,47,9,37,13,17,5,12,21,15,29,19,26,40,25,41,1,11,24,16,49,48,10,35,42,36,30,46,39,34,38,4,45,27,20,2,44,28,8,18,32,3,33,22,14,0,31,7,6,43
27;90;28564;12807;37,5,20,25,23,22,9,31,15,21,10,48,12,3,33,36,42,47,16,26,4,14,13,18,40,30,32,8,7,2,0,46,29,19,28,1,38,11,41,35,17,45,6,44,49,24,27,34,43,39
28;106;29835;13640;19,15,37,48,5,33,23,47,46,25,10,29,17,36,21,39,38,30,34,9,42,8,13,16,12,40,18,4,14,7,32,26,0,2,20,43,24,11,44,28,27,3,22,6,1,45,31,49,41,35
29;110;29870;13764;23,46,47,22,20,31,30,36,25,26,3,48,19,10,5,39,2,11,34,28,38,41,44,27,45,6,49,1,35,24,43,0,7,32,13,40,42,33,9,21,4,18,8,29,15,17,14,16,37,12
30;118;40961;18495;19,36,43,41,44,37,23,48,46,29,11,47,28,5,10,45,6,1,27,26,13,20,33,14,8,30,31,18,22,3,2,17,25,24,21,42,0,35,38,12,39,9,15,16,4,34,40,32,49,7
31;119;32336;14792;9,34,46,23,19,30,29,32,17,5,48,39,11,42,38,21,37,15,7,41,43,6,35,24,44,28,45,1,27,49,0,22,20,3,10,47,13,25,33,2,18,36,31,16,4,40,26,14,12,8
32;145;45947;20733;18,22,5,11,15,30,14,48,8,13,37,3,2,33,31,12,9,4,16,46,40,25,23,29,21,20,10,19,36,47,26,17,39,34,38,32,42,28,1,43,45,7,41,0,6,49,24,27,44,35
33;112;34777;15780;1,24,36,13,30,26,44,46,28,19,47,41,43,35,49,12,14,42,16,5,38,23,10,45,27,48,6,25,7,32,0,3,20,31,22,18,15,29,37,40,39,8,33,4,17,34,2,21,11,9
34;112;34789;15718;13,18,47,35,28,43,23,26,46,19,6,8,5,36,14,42,16,49,34,22,30,31,20,10,48,3,7,33,2,0,32,45,25,27,4,40,39,37,11,1,17,15,12,9,44,24,21,38,29,41
35;136;38546;17560;6,35,5,44,1,38,43,23,45,27,41,28,49,25,19,32,7,0,2,33,22,30,48,31,3,46,36,20,10,26,47,24,16,42,13,17,29,12,37,4,39,18,14,40,9,34,8,21,11,15
36;113;34797;15968;9,44,29,25,37,23,11,24,15,21,19,41,28,17,1,36,47,12,16,42,34,6,35,38,39,27,7,49,45,0,32,46,5,40,13,18,26,48,30,33,31,14,8,4,20,2,43,3,10,22
37;102;28620;13444;16,19,11,37,29,40,25,39,12,15,21,46,23,9,42,47,10,36,43,6,17,44,41,24,49,28,27,35,1,45,38,34,48,5,13,22,32,4,18,20,31,26,8,3,33,2,30,0,14,7
38;108;28622;13343;8,29,1,5,13,49,14,38,44,43,35,37,18,41,11,48,33,30,46,17,34,12,4,40,39,24,15,9,21,16,42,27,6,28,45,0,22,19,10,47,31,32,25,26,36,2,7,3,23,20
39;138;47143;21583;33,3,30,41,11,43,37,47,10,48,5,20,22,36,31,19,25,23,46,29,32,8,18,7,0,26,13,2,14,17,24,34,38,39,44,45,21,6,40,4,16,35,1,27,9,42,49,15,28,12
40;105;29854;13775;3,1,31,5,46,33,19,10,22,23,48,9,28,20,40,35,44,6,49,25,47,4,12,36,26,30,27,38,45,16,42,18,8,13,14,32,43,21,37,17,39,0,29,7,24,34,2,11,15,41
41;103;33513;15381;44,27,15,25,37,16,29,42,11,21,12,1,28,9,41,19,5,23,46,38,24,49,6,34,17,35,7,39,45,0,32,43,40,4,8,2,48,47,30,26,33,18,13,3,22,31,14,20,36,10
42;99;26160;12570;41,1,4,45,6,29,5,18,13,14,43,28,27,8,44,25,10,23,38,11,22,26,33,3,20,37,24,31,17,2,0,32,48,30,21,42,36,9,40,46,39,49,15,35,19,34,7,16,12,47
43;107;27399;12211;23,46,15,45,27,37,13,40,5,9,4,19,35,21,42,24,41,1,49,25,26,48,10,36,47,12,39,16,30,38,34,17,11,29,20,31,44,28,18,7,32,3,33,2,14,0,22,43,6,8
44;115;32333;14875;27,41,46,40,21,19,11,42,28,15,29,44,43,9,1,18,8,14,2,24,7,35,6,0,32,17,39,45,49,34,38,16,4,12,25,10,13,37,48,22,31,36,23,20,3,26,47,30,5,33
45;122;36062;17535;3,20,15,1,27,11,28,21,12,9,37,22,31,40,26,35,6,44,45,23,42,36,10,19,46,25,16,29,47,17,24,38,41,39,5,43,49,33,18,13,32,30,48,14,8,7,34,0,4,2
46;80;24851;11638;1,45,29,37,11,3,27,49,44,28,22,41,5,35,6,38,26,39,34,43,24,18,8,7,17,13,4,14,32,0,2,33,20,31,48,40,25,30,46,12,36,15,9,42,10,16,21,47,23,19
47;137;52027;24177;44,29,35,17,24,49,41,27,1,6,43,5,11,45,28,15,25,37,21,23,19,33,48,10,46,30,22,20,31,3,26,38,0,2,42,16,47,13,8,12,39,7,14,4,18,34,32,36,9,40
48;139;38548;17814;13,18,19,6,28,43,36,46,5,47,29,14,8,23,7,27,1,44,45,26,0,10,48,2,32,30,22,33,20,31,3,4,49,35,12,38,24,25,37,15,39,42,40,21,9,34,16,17,41,11
49;95;28563;12709;29,47,44,6,28,27,5,37,24,41,1,17,36,11,43,32,45,0,7,8,4,26,14,2,18,13,20,33,31,3,22,19,10,23,25,34,49,48,46,9,16,15,40,39,12,42,21,38,30,35
50;92;29803;13787;28,13,45,41,1,23,44,10,6,5,27,30,26,48,8,38,35,49,4,22,43,31,3,14,18,20,0,33,2,7,32,24,19,46,47,11,42,25,9,15,29,39,36,37,21,17,34,16,12,40
51;83;26077;12220;42,47,29,4,17,40,37,21,16,12,9,36,35,15,19,49,41,11,24,25,34,46,10,38,39,23,5,26,48,30,13,8,14,18,31,32,1,33,22,6,45,43,3,2,28,0,7,27,20,44
52;126;38489;17553;20,31,17,28,11,44,37,12,21,15,29,3,33,9,22,0,6,43,32,26,34,18,4,30,39,40,14,2,8,13,7,16,36,47,19,35,45,48,5,25,24,46,10,49,23,38,42,27,41,1
53;122;39720;18097;5,1,43,18,14,46,28,49,13,8,19,44,27,35,41,12,38,4,16,42,40,29,11,21,9,37,39,15,17,24,34,7,45,6,32,36,30,23,48,10,26,2,33,31,20,47,0,3,25,22
54;124;38488;17596;33,31,8,36,47,17,37,18,26,13,29,3,20,14,22,23,19,25,10,9,42,15,21,16,12,40,2,4,7,32,0,11,28,30,44,38,46,5,6,43,49,41,1,39,35,34,24,45,48,27
55;94;27366;12880;18,4,15,12,0,7,14,9,29,21,32,8,2,40,37,16,5,13,42,43,34,1,44,38,39,11,27,41,45,24,17,49,28,6,35,22,26,25,48,10,19,31,33,20,23,46,3,47,30,36
56;91;26118;12322;13,4,41,27,28,24,11,5,14,44,1,8,37,43,18,21,15,9,40,33,2,22,26,3,31,48,39,20,30,34,38,45,0,6,7,42,12,23,25,19,36,35,32,46,47,16,49,17,10,29
57;97;24901;11131;25,19,26,33,31,30,13,10,23,5,20,46,2,48,35,39,12,38,34,6,43,47,36,7,14,45,42,49,16,32,0,3,28,22,27,21,4,41,44,40,24,11,37,15,9,17,29,18,1,8
58;106;32325;14681;16,47,18,21,29,14,12,2,40,4,8,36,25,13,5,15,9,37,42,19,30,31,33,48,46,23,3,10,20,26,22,7,0,32,6,38,17,28,45,41,39,49,35,44,1,34,43,24,27,11
59;90;26128;12220;11,8,25,28,1,17,44,23,41,24,27,37,18,38,39,43,4,14,2,22,26,10,5,31,3,13,48,20,33,30,34,46,29,19,35,0,47,21,15,7,16,49,6,32,12,42,45,36,9,40
60;108;32330;14658;20,48,28,41,27,44,23,3,46,19,1,10,5,22,30,38,25,45,24,31,47,8,13,26,36,33,14,2,18,4,43,35,6,49,37,42,0,12,9,21,39,17,11,16,15,34,29,32,40,7
61;102;31084;14235;35,36,28,1,5,38,25,45,23,19,27,47,49,6,46,43,44,41,24,10,2,26,30,31,33,48,22,20,3,0,32,7,39,34,13,4,11,42,12,29,21,8,14,40,9,17,18,15,16,37
62;117;36046;16718;21,19,37,25,23,11,42,12,9,15,17,29,46,16,40,36,10,47,26,48,34,13,5,38,39,33,14,30,8,18,4,24,43,41,44,45,31,35,22,28,32,27,1,6,7,0,49,2,20,3
63;111;34764;16028;10,33,16,9,4,42,20,15,23,46,12,37,31,25,36,22,2,3,17,19,26,8,18,47,29,21,13,40,14,7,32,30,5,48,27,38,0,11,6,1,43,39,45,41,44,24,34,49,28,35
64;92;27370;12643;37,6,5,10,23,46,12,42,15,25,48,28,30,9,11,32,16,7,0,49,45,44,41,38,27,35,24,1,39,34,17,19,21,29,40,3,43,36,13,33,4,20,26,31,18,2,22,14,47,8
65;104;32305;14625;47,9,34,10,39,5,25,37,36,30,48,16,26,33,12,20,22,31,3,21,0,4,40,32,2,15,8,7,18,14,13,17,11,29,38,44,42,23,46,28,43,1,41,27,6,45,24,49,19,35
66;110;28633;12864;41,18,35,30,48,38,13,19,1,28,5,8,33,46,44,3,20,22,26,40,24,15,37,17,29,9,39,21,11,34,42,27,23,45,6,0,47,25,10,43,7,49,12,2,16,32,4,14,31,36
67;112;28656;13199;6,44,48,20,31,37,3,5,28,22,33,1,43,11,41,7,18,14,32,8,0,38,30,49,2,13,39,35,17,24,34,26,27,45,46,21,4,23,25,19,12,15,9,40,29,16,42,47,10,36
68;114;34804;16152;8,2,31,30,48,20,5,22,13,26,33,14,18,3,28,39,11,38,34,1,24,43,44,45,27,41,7,6,49,0,32,35,23,10,25,19,17,37,9,12,40,47,46,16,4,42,36,29,15,21
69;150;52114;23696;1,8,22,9,40,20,44,31,28,26,33,4,13,3,18,11,37,41,5,29,24,45,6,43,17,27,2,14,7,32,0,21,12,15,23,16,39,30,38,10,34,47,25,36,46,42,19,49,48,35
70;99;24929;11587;41,24,10,30,3,33,22,23,5,20,31,44,43,48,1,47,13,26,36,27,2,6,19,0,32,28,46,45,35,49,42,38,7,25,15,4,29,37,8,40,16,9,21,39,18,34,12,17,11,14
71;102;32306;14921;13,36,29,23,19,15,25,14,37,12,21,47,10,16,8,48,5,46,30,40,24,33,18,26,17,4,31,20,3,22,2,7,0,32,28,43,34,9,11,1,35,27,6,44,41,49,45,38,42,39
72;119;33592;15287;35,38,27,37,11,28,41,45,43,1,44,49,25,6,0,14,13,8,18,4,16,21,9,42,12,40,39,15,32,7,34,24,29,17,19,22,30,23,46,20,31,26,36,3,10,2,47,33,5,48
73;104;33520;15446;1,11,29,6,28,46,25,49,27,45,19,44,37,35,41,32,4,0,7,12,21,42,16,40,15,38,17,9,39,34,24,43,5,23,13,3,2,8,14,36,33,22,47,20,10,31,26,30,18,48
74;111;32323;15107;37,34,42,46,19,29,23,17,25,15,21,11,5,9,39,20,10,22,3,6,45,41,44,38,27,28,43,1,35,49,24,40,16,12,30,4,31,48,47,14,0,8,26,18,7,2,13,32,36,33
75;103;33531;15555;19,32,48,30,36,12,25,42,23,10,16,46,47,5,28,31,20,3,26,35,0,1,41,49,43,44,24,6,27,45,38,9,21,15,40,17,13,22,2,4,7,11,37,39,18,34,29,14,33,8
76;103;28631;13354;15,40,44,18,14,13,1,43,11,41,8,21,29,37,9,27,28,5,30,25,4,36,47,16,12,26,39,38,17,24,34,42,35,49,7,2,45,6,23,10,48,0,46,31,20,33,32,3,19,22
77;81;22392;10033;36,15,31,22,23,3,25,26,37,10,20,21,9,33,47,48,5,30,42,12,4,8,13,18,16,40,32,14,7,2,0,19,46,29,11,34,45,28,44,43,38,49,35,39,41,24,17,27,6,1
78;122;38511;17631;5,29,44,22,11,35,9,49,41,1,28,27,40,6,45,36,37,26,47,4,24,8,13,2,17,43,7,18,14,0,32,34,38,39,3,30,16,21,12,10,19,20,31,48,23,46,33,42,15,25
79;92;26113;12262;23,5,3,48,33,26,10,40,46,20,31,19,25,22,28,39,30,38,34,41,27,15,37,44,1,9,29,11,21,24,17,47,35,36,13,7,42,6,49,18,2,14,8,32,4,0,43,16,45,12
80;96;27379;12658;22,33,1,48,5,24,26,6,28,30,41,3,20,44,31,29,37,11,17,45,0,8,13,32,2,27,14,4,18,7,43,49,38,35,10,36,15,23,19,12,42,39,25,47,40,16,34,21,46,9
81;93;22440;9882;15,12,8,39,37,31,41,18,21,11,33,9,38,40,4,16,35,49,42,1,45,3,22,6,27,44,2,28,0,32,7,34,14,43,13,17,36,20,23,5,46,30,26,48,10,29,24,47,25,19
82;112;31086;14289;13,28,39,10,46,25,30,38,5,48,23,14,8,34,35,47,19,36,26,44,24,6,43,27,1,41,49,45,0,32,7,42,12,16,9,40,2,3,31,37,29,21,15,18,33,17,4,11,20,22
83;84;24857;11538;28,23,49,44,1,43,27,35,45,6,41,19,25,5,38,0,37,11,2,26,22,10,46,20,3,39,48,31,33,30,34,24,36,47,12,40,8,29,17,15,32,16,9,21,4,7,42,18,13,14
84;102;29838;13823;41,44,18,5,13,43,35,38,49,8,14,11,1,29,37,45,6,28,27,21,24,12,4,17,40,15,39,9,16,42,34,25,36,47,26,31,7,23,46,10,0,20,22,33,48,2,3,32,19,30
85;121;37261;16953;1,45,14,37,11,13,6,18,44,28,29,27,2,8,0,49,35,41,43,21,7,4,9,32,15,40,17,12,16,42,24,22,26,3,31,30,38,5,23,10,39,20,36,48,47,34,33,46,25,19
86;98;27366;12495;4,49,22,33,31,23,18,19,12,3,20,2,8,46,35,17,29,32,24,0,42,44,28,27,45,6,15,1,9,40,21,10,37,25,48,26,7,11,16,36,39,13,5,38,47,34,30,43,41,14
87;113;31103;13853;6,42,38,28,27,41,9,34,45,44,1,35,40,39,49,47,36,30,26,16,43,8,13,7,14,12,2,18,4,32,0,24,11,17,37,19,3,25,5,23,10,21,15,46,33,48,29,31,22,20
88;100;28582;13149;13,14,25,23,10,47,5,37,30,48,36,8,26,33,18,3,31,20,22,39,34,9,12,7,32,4,21,40,15,16,42,19,29,46,38,43,27,11,0,41,1,49,35,44,6,24,17,45,2,28
89;113;34772;15784;12,42,28,40,25,29,37,6,27,15,21,16,4,45,9,14,18,8,13,11,34,41,44,38,39,1,43,35,49,24,17,0,7,32,47,26,36,5,19,20,48,3,22,31,33,30,2,10,23,46
90;116;36037;16361;11,24,14,33,20,8,31,44,22,3,18,1,27,28,41,29,37,4,17,35,34,45,6,38,39,43,2,49,0,32,7,13,30,26,9,16,10,5,46,21,36,12,15,40,19,47,42,25,48,23
91;128;40977;18501;40,13,7,23,19,32,18,15,29,14,6,8,5,21,37,12,25,4,38,28,45,41,11,1,27,9,39,44,17,24,34,43,49,0,2,42,30,33,20,10,47,46,48,36,31,16,35,26,22,3
92;113;34777;15867;44,1,4,40,21,8,11,29,9,15,18,41,28,12,27,46,19,35,2,16,24,6,43,42,17,14,7,49,45,0,32,13,5,37,33,36,38,23,47,31,39,26,48,10,20,34,30,22,25,3
93;138;48402;21976;29,38,23,21,15,10,37,46,5,25,48,11,17,19,41,39,9,42,34,44,24,6,35,45,27,28,7,1,49,0,32,33,22,20,3,47,40,30,8,14,4,36,31,43,18,2,26,16,13,12
94;87;24880;11018;33,3,41,5,37,34,20,44,22,11,39,28,31,1,6,30,48,26,38,45,2,8,13,0,4,27,43,18,14,32,7,24,29,17,49,47,12,23,25,40,16,46,35,36,21,42,19,15,10,9
95;95;27347;12579;16,36,22,29,19,40,25,3,12,23,46,47,37,20,10,39,11,38,34,26,30,14,33,48,5,31,18,13,8,2,4,21,7,15,28,45,43,9,35,1,17,0,6,27,44,24,32,49,42,41
96;92;24885;11645;44,27,21,25,5,19,6,38,41,9,23,1,45,15,28,0,7,32,2,33,3,29,11,20,31,37,39,22,17,24,34,10,46,48,35,47,18,40,13,30,43,36,49,26,12,16,42,4,8,14
97;113;32339;14605;5,32,19,21,29,40,46,47,10,23,25,48,0,36,30,11,15,37,17,13,7,20,33,14,8,26,31,18,3,22,2,16,4,12,43,42,24,28,44,27,39,35,6,45,1,34,49,38,9,41
98;129;48342;21839;15,1,18,19,29,14,44,4,21,28,8,9,27,40,12,11,37,41,43,35,24,45,6,49,17,16,7,42,32,0,2,46,22,3,33,47,39,13,23,10,30,26,20,36,48,34,31,38,5,25
99;106;34775;15908;4,13,47,46,19,35,11,40,12,39,36,8,37,9,18,20,31,33,22,15,34,14,29,16,42,21,0,17,2,7,32,49,26,43,6,38,3,25,10,28,27,44,41,1,5,45,24,30,23,48
100;118;36021;16330;44,6,8,48,5,30,41,18,43,24,13,1,49,14,28,36,35,10,47,27,2,20,33,0,45,26,22,31,3,32,7,4,37,11,12,34,46,25,38,40,16,15,9,21,17,42,39,19,23,29
101;168;52150;23468;41,37,19,18,8,27,44,46,49,1,28,11,38,35,29,7,32,14,43,15,4,9,40,16,12,21,39,42,17,24,34,45,0,6,5,33,47,13,23,20,22,48,30,31,10,3,2,26,25,36
102;88;23657;11062;3,33,14,21,40,4,37,2,22,18,29,31,25,8,20,39,41,11,38,19,47,13,46,26,36,23,5,10,48,30,34,17,43,24,35,45,16,12,9,28,7,6,49,27,1,32,0,42,15,44
103;125;38497;17462;33,31,10,21,15,25,19,5,46,23,37,20,29,48,3,17,9,42,24,22,49,28,41,44,35,11,27,1,6,43,45,36,26,47,16,32,39,40,30,4,14,2,12,7,18,34,0,8,38,13
104;119;34803;15723;1,4,21,13,8,26,44,25,9,40,37,27,28,15,12,14,38,18,43,2,7,6,36,0,32,47,16,45,35,49,42,19,46,23,29,30,3,41,22,10,39,24,5,48,20,34,17,31,11,33
105;129;38523;17435;5,13,47,45,28,25,46,10,23,19,6,30,8,36,48,1,44,27,38,14,32,20,33,0,7,18,31,22,3,2,26,43,49,35,37,17,24,41,12,21,39,16,11,29,15,34,42,40,4,9
106;119;37273;16811;10,19,26,28,30,22,33,43,48,20,3,23,25,31,46,4,18,12,40,36,42,6,35,2,16,47,7,49,45,0,32,14,5,13,8,24,29,37,21,41,39,1,44,38,11,34,27,17,15,9
107;111;29847;13756;48,27,20,19,28,22,23,31,46,10,3,5,44,33,1,29,37,11,17,41,24,45,6,43,38,35,7,49,32,0,2,34,30,39,13,4,36,25,47,40,42,18,8,12,9,16,14,15,26,21
108;108;29848;13818;30,8,36,25,23,16,5,4,48,47,12,13,40,10,26,27,28,6,45,43,32,33,14,7,0,18,20,2,31,3,22,46,29,19,21,17,38,35,41,11,39,15,37,24,9,34,42,44,49,1
109;115;33563;15593;35,23,27,43,41,44,49,0,28,6,1,19,5,45,46,29,11,24,17,30,34,33,10,38,39,48,20,2,31,3,22,26,47,36,13,16,21,25,8,4,40,7,14,12,18,42,32,15,37,9
110;120;32353;14855;40,26,15,11,29,17,36,16,37,21,9,13,47,12,8,23,19,25,10,22,3,14,18,31,20,4,7,33,2,0,32,34,30,39,46,43,27,48,28,41,24,49,35,44,1,38,42,45,5,6
111;125;40983;18979;6,11,0,20,33,2,37,49,22,3,31,28,15,43,35,5,48,46,29,9,17,1,44,24,42,41,39,27,45,38,34,4,30,12,23,36,13,19,18,26,32,10,25,47,40,7,16,14,21,8
112;104;32298;14877;9,21,43,6,1,49,12,39,37,44,41,15,40,11,29,3,35,28,22,24,34,8,13,2,4,17,14,18,0,32,7,38,27,45,25,36,31,5,23,48,30,47,42,10,46,26,16,20,19,33
113;114;38497;17690;44,43,29,40,8,4,9,2,28,14,18,1,27,11,41,26,5,13,30,45,32,49,35,0,7,6,17,38,39,34,24,22,12,3,31,42,48,37,21,10,19,20,33,36,23,47,16,46,15,25
114;165;43545;19923;25,5,40,9,15,17,37,16,29,21,12,23,13,42,19,35,6,28,49,33,22,30,48,20,3,46,36,31,10,26,47,34,11,39,8,7,27,38,44,43,0,14,18,2,24,32,4,45,41,1
115;98;31054;14556;47,20,46,15,21,40,25,16,23,19,29,36,37,12,10,11,28,3,22,31,2,33,48,4,26,5,14,30,18,8,13,42,17,9,24,34,27,44,41,49,0,39,35,7,43,32,38,45,1,6
116;141;37353;17417;37,23,12,11,9,4,15,16,21,29,17,25,42,40,19,13,28,5,27,46,30,33,36,26,48,47,31,10,20,3,22,2,8,18,14,32,45,44,41,49,39,7,43,0,35,34,24,38,1,6
117;119;36042;17271;28,9,31,46,23,10,19,3,5,33,48,15,21,20,37,45,6,35,42,27,34,44,1,38,39,22,29,41,11,24,17,30,26,25,40,14,49,47,12,2,0,8,18,7,4,32,13,43,36,16
118;84;22401;10357;14,3,4,49,41,37,43,18,13,5,11,22,26,8,20,35,47,36,46,31,48,0,2,30,10,33,39,7,32,34,38,25,12,23,15,24,19,6,21,1,45,42,9,17,44,27,16,40,29,28
119;99;32274;15078;23,5,22,37,33,3,25,11,10,20,31,48,6,28,30,21,9,15,7,44,32,27,1,0,2,41,39,45,38,24,34,26,8,13,36,49,12,19,29,14,16,46,47,43,18,42,35,4,17,40
120;135;39782;18720;46,21,10,31,20,30,37,5,33,23,25,29,15,48,19,22,3,2,0,18,13,16,42,14,8,40,36,26,47,7,32,4,9,12,35,38,45,11,6,41,17,39,49,43,44,24,34,27,28,1
121;106;29862;14122;44,45,24,48,30,11,28,39,1,38,5,35,27,41,6,3,22,33,31,4,2,8,13,32,0,49,43,18,14,7,34,17,37,29,9,40,20,26,19,42,36,21,12,16,25,47,15,10,46,23
122;115;33577;16533;33,3,0,9,15,32,18,19,2,40,21,31,22,23,20,39,37,38,34,25,26,30,48,36,47,46,4,10,12,16,42,7,27,45,28,35,11,14,13,43,17,44,6,49,41,24,1,29,8,5
123;154;48443;22795;11,25,45,43,6,28,49,27,41,44,35,37,29,1,38,32,2,0,7,34,40,12,4,15,21,39,42,9,16,17,24,46,23,19,10,22,14,5,36,31,13,20,48,3,33,26,30,8,47,18
124;113;34781;15946;5,30,31,25,37,10,13,3,48,33,23,26,43,20,22,35,19,46,49,28,27,41,11,1,45,6,39,44,38,24,34,2,32,0,7,4,42,15,21,36,40,14,8,12,47,16,18,17,9,29
125;92;26123;11812;18,14,9,5,11,43,37,4,21,15,41,8,29,40,13,0,2,7,32,30,26,38,25,47,36,12,17,16,39,34,24,42,35,49,1,20,48,44,19,33,45,3,28,31,46,27,22,10,6,23
126;86;22428;10685;48,0,11,10,23,37,19,34,46,29,25,5,32,39,17,31,20,33,3,28,45,41,6,24,27,38,35,1,44,43,49,7,47,36,9,16,22,30,13,40,18,15,21,12,14,4,42,2,26,8
127;100;27359;13260;13,25,43,11,41,49,37,0,7,14,6,23,38,32,5,27,1,28,45,30,47,20,33,26,36,48,22,10,3,31,2,18,44,8,39,17,19,35,29,12,40,24,4,16,9,42,34,21,46,15
128;131;37300;17377;3,31,40,11,37,15,22,29,18,8,21,33,2,14,20,12,42,16,4,25,47,19,23,26,36,13,5,10,46,48,30,7,0,32,6,34,17,28,44,41,24,49,35,39,1,38,43,45,9,27
129;84;24867;11790;43,49,29,14,18,13,1,37,41,44,8,25,35,11,38,0,6,7,32,24,42,9,12,16,17,4,40,15,21,34,39,47,26,36,19,3,45,28,23,10,33,22,46,20,48,31,30,2,5,27
130;95;26134;11592;3,37,19,10,23,29,20,47,31,25,46,33,22,36,26,32,0,2,7,14,21,18,8,40,15,13,4,9,12,16,42,17,11,24,5,39,27,48,28,44,49,38,41,35,1,34,43,45,30,6
131;130;47101;21385;35,19,45,44,41,27,5,0,49,28,1,23,43,6,46,38,42,25,24,30,47,20,33,26,36,48,22,10,3,31,2,13,37,11,32,29,16,39,9,21,40,14,8,18,15,17,7,4,34,12
132;112;31094;13736;23,36,30,14,8,33,26,48,10,13,18,25,37,5,47,43,41,11,24,4,17,21,15,16,12,9,19,40,29,42,46,34,38,39,20,2,49,35,1,7,45,3,22,32,27,0,31,6,44,28
133;98;26140;11942;32,37,43,29,25,4,21,35,6,0,12,15,7,49,28,8,18,14,13,11,34,1,41,38,39,9,45,44,27,24,17,42,40,16,23,36,2,5,3,48,30,46,19,10,20,26,47,31,22,33
134;100;28598;13015;44,41,31,25,23,46,11,28,22,20,10,1,24,3,27,33,37,48,5,43,32,49,6,0,7,35,39,2,45,34,38,19,30,26,13,16,4,42,15,8,40,36,14,29,21,17,47,18,9,12
135;111;37221;16777;18,25,48,31,33,30,37,26,8,5,20,23,15,13,10,4,9,12,17,40,7,47,36,32,14,21,46,29,19,16,42,2,22,3,28,27,24,11,44,35,39,45,6,49,1,34,0,38,43,41
136;119;36032;16255;41,2,14,28,6,45,43,18,44,1,27,37,4,8,11,16,49,12,42,15,0,29,40,32,7,9,39,21,17,24,34,38,5,13,30,31,19,35,23,3,36,33,22,20,26,10,48,47,25,46
137;123;37273;16790;6,27,38,37,11,34,25,49,44,41,39,1,28,35,45,19,23,29,46,16,24,15,9,17,42,12,7,40,21,32,0,43,2,4,18,31,5,8,13,10,30,3,33,20,36,26,22,48,14,47
138;104;34757;15646;33,11,46,1,27,29,3,23,31,22,19,37,41,20,5,35,44,28,13,10,47,38,25,26,36,48,17,30,39,34,24,21,9,15,40,2,43,45,49,4,7,16,12,0,18,32,42,14,6,8
139;112;28634;13139;5,25,14,12,29,4,21,40,13,8,16,23,37,18,19,42,9,15,17,46,30,3,22,10,48,33,26,20,31,36,47,2,32,7,35,43,24,28,44,38,39,49,6,45,41,34,0,27,11,1
140;109;29884;13479;26,20,27,9,40,16,44,45,28,1,12,22,30,6,3,24,41,49,17,33,0,8,13,32,2,31,4,18,14,7,43,42,21,15,37,46,35,5,10,23,39,19,11,47,25,34,29,38,48,36
141;123;36052;16260;29,13,40,28,27,12,14,9,21,18,4,8,5,15,37,23,25,19,46,11,34,41,44,38,39,1,43,35,49,24,17,42,6,16,45,0,22,47,30,48,31,32,36,10,33,2,7,3,26,20
142;100;28589;12808;4,14,1,28,6,27,43,40,44,41,45,18,2,9,8,16,38,12,42,11,24,21,15,17,29,37,32,39,7,34,0,49,13,35,5,48,3,25,33,36,26,46,23,10,47,30,19,31,22,20
143;108;31080;14042;6,49,21,37,11,18,39,15,41,28,8,35,38,44,1,7,25,32,34,40,24,45,27,0,17,9,4,2,12,16,42,43,29,14,13,26,30,19,46,20,36,3,5,31,33,47,22,10,23,48
144;123;36027;16289;28,21,38,37,25,39,44,27,9,41,11,15,23,1,19,48,10,5,30,29,24,6,35,32,17,46,49,7,45,0,42,34,16,12,40,14,33,22,3,8,2,47,36,18,13,4,43,26,20,31
145;117;38490;17128;28,44,30,29,11,46,41,10,5,23,19,13,6,48,8,24,1,35,49,14,32,33,18,0,7,43,20,2,31,3,22,26,36,47,21,42,45,37,17,12,39,16,15,9,4,34,40,38,25,27
146;115;31110;14136;16,10,21,11,19,29,12,40,25,23,15,36,4,37,47,48,5,46,30,18,2,31,20,13,8,33,22,14,3,26,7,17,0,32,42,24,27,9,6,41,38,43,35,39,44,34,49,45,28,1
147;123;38514;17390;23,47,27,49,35,13,19,45,46,28,5,7,25,6,32,12,4,42,16,26,22,48,10,20,3,36,30,31,33,2,0,14,8,18,37,17,38,43,44,11,39,21,15,40,9,34,29,24,1,41
148;127;38522;17387;24,38,37,27,1,33,41,20,17,11,22,39,35,29,13,43,6,45,49,25,19,30,48,46,23,5,26,10,36,47,34,31,28,3,44,7,42,21,9,4,0,18,8,2,40,32,14,16,15,12
149;94;31038;13937;49,35,29,9,43,7,6,40,12,15,14,42,28,21,16,45,44,1,27,46,26,25,23,3,22,19,10,20,31,47,36,32,2,0,13,38,4,8,33,41,24,48,5,39,11,34,30,17,18,37
150;125;33617;15393;31,30,19,25,36,37,10,33,20,23,47,48,26,46,5,12,22,3,16,4,0,8,13,32,2,29,17,18,14,7,24,40,15,21,9,38,43,11,41,1,35,39,42,27,44,45,34,49,28,6
151;106;32305;14685;28,5,27,21,15,40,41,17,44,1,9,11,48,24,37,19,10,23,46,8,4,26,30,2,18,13,20,33,31,3,22,29,43,14,39,0,47,12,38,6,16,32,34,45,49,42,7,36,25,35
152;95;28599;12965;40,47,15,35,49,37,25,16,9,21,42,36,38,12,26,27,6,45,43,39,34,8,13,2,4,30,7,18,14,0,32,17,11,29,22,33,24,28,44,23,48,20,3,10,19,46,31,5,1,41
153;95;33487;14851;23,37,3,28,27,33,46,26,10,20,31,25,11,22,19,44,35,1,24,47,17,9,15,40,29,36,4,21,12,16,42,30,45,48,6,7,38,5,8,14,49,0,2,43,18,34,32,39,13,41
154;91;26103;11750;40,4,8,25,36,13,15,14,21,47,37,12,9,18,16,48,5,23,10,19,42,24,17,35,46,29,2,49,0,32,7,34,11,39,41,38,30,6,31,28,22,44,1,27,3,45,43,26,33,20
155;104;31066;14067;23,10,40,29,19,15,46,16,25,37,21,36,20,12,47,3,22,31,2,5,26,18,4,30,48,33,14,13,8,32,7,42,17,9,44,45,0,11,6,41,39,27,1,38,43,34,24,49,28,35
156;95;24914;11454;30,4,33,22,26,25,3,48,31,20,23,12,28,10,19,8,13,18,14,6,2,36,46,0,43,45,16,47,35,49,42,38,5,27,37,24,32,41,44,15,39,17,11,21,9,34,29,7,1,40
157;124;36055;16353;30,5,27,20,10,3,19,45,28,23,22,48,29,6,46,37,25,31,33,11,17,35,44,24,43,1,39,41,49,38,34,42,13,26,8,7,36,9,21,4,2,18,40,32,12,0,14,16,15,47
158;113;33565;15181;40,6,15,5,37,2,41,29,9,11,4,28,43,21,18,38,49,39,34,1,45,13,8,24,27,44,14,17,0,32,7,22,12,3,33,30,35,25,19,48,16,20,31,10,47,36,26,42,23,46
159;97;27372;12240;14,18,41,27,28,1,29,5,37,11,44,8,4,43,13,35,19,46,49,10,2,30,33,3,31,48,26,20,22,17,24,38,25,23,12,16,0,47,6,21,7,34,9,15,40,42,39,32,36,45
160;95;28590;13042;23,29,18,37,15,13,25,2,10,21,8,19,17,40,46,5,26,48,45,43,42,35,6,16,47,14,7,36,49,0,32,33,20,31,22,34,27,11,44,30,24,12,3,39,9,38,4,1,28,41
161;129;37310;16775;27,41,35,23,20,33,22,19,28,3,31,1,38,46,44,48,10,5,30,9,40,11,37,21,15,42,39,29,24,17,34,2,8,18,45,32,26,13,12,14,16,49,6,7,4,43,0,47,25,36
162;104;32309;14591;1,49,29,48,33,37,28,17,41,5,11,44,35,24,6,19,23,46,42,43,4,8,13,2,18,27,45,14,7,0,32,21,9,15,40,34,10,12,16,22,36,38,30,26,3,47,39,20,25,31
163;108;34771;15634;25,6,13,8,37,18,47,30,36,5,14,23,28,48,10,29,21,19,46,45,32,33,26,0,7,27,20,2,31,3,22,4,40,43,15,42,35,11,1,38,24,16,9,49,41,17,12,34,44,39
164;128;44661;20054;31,23,14,2,4,8,12,13,3,43,18,33,25,5,20,39,37,38,34,19,49,10,48,42,35,30,47,46,36,16,26,22,29,40,7,45,11,21,9,28,24,32,6,27,1,17,0,44,15,41
165;96;24888;11292;3,30,4,9,21,37,22,12,31,40,15,26,28,33,20,35,44,1,38,25,46,36,10,19,23,48,45,47,27,42,16,34,11,39,29,7,49,6,5,18,24,0,2,14,8,17,32,43,41,13
166;94;26134;11989;13,23,4,15,21,25,29,40,8,14,37,19,5,18,46,44,28,11,43,2,22,33,48,20,3,30,36,31,10,26,47,16,42,12,35,7,27,9,1,0,39,24,49,32,38,34,17,45,41,6
167;88;23655;10393;13,18,29,23,19,45,26,0,25,47,27,8,37,2,14,31,10,36,33,12,42,15,21,40,16,4,32,9,7,17,24,6,1,28,44,49,48,3,22,35,39,41,11,38,5,34,43,30,20,46
168;117;37237;16788;25,9,3,33,31,22,23,28,10,26,20,12,4,6,43,35,42,46,49,1,24,5,41,45,27,44,39,48,30,38,34,11,15,37,21,7,19,13,18,14,16,32,2,29,40,17,0,47,8,36
169;124;40967;18426;5,46,37,15,21,17,41,36,19,11,29,48,24,47,33,44,1,9,40,23,22,26,10,3,20,25,39,31,30,38,34,2,8,13,18,0,27,35,6,43,16,32,14,49,4,42,7,45,28,12
170;94;24899;11275;37,25,14,49,44,7,41,29,11,8,43,39,38,18,34,30,5,13,26,21,24,12,9,36,47,15,4,40,17,16,42,32,2,0,35,45,33,1,10,28,3,46,6,27,23,22,19,20,48,31
171;97;28606;13019;9,24,4,10,23,47,5,16,27,25,36,1,44,12,41,37,11,15,17,42,34,6,35,38,39,43,45,49,0,32,7,46,30,48,26,22,21,28,29,2,18,3,31,33,14,40,20,8,19,13
172;99;33506;15057;35,44,28,4,7,0,12,27,49,6,32,1,25,45,41,16,14,43,42,40,24,37,15,17,29,9,38,21,11,39,34,2,8,18,13,26,22,23,46,33,47,48,5,10,31,36,30,3,19,20
173;116;32360;14636;27,41,25,5,23,47,28,16,45,6,19,1,44,12,38,3,36,22,26,11,34,40,9,42,39,37,29,15,21,17,24,49,46,35,48,32,43,10,33,14,2,8,30,7,18,0,13,4,20,31
174;113;37251;16781;4,9,43,28,44,47,6,29,18,8,36,12,17,14,40,45,27,1,24,46,49,15,21,42,35,19,2,16,0,32,7,13,3,26,22,30,41,23,37,10,39,33,20,48,5,34,31,38,25,11
175;121;37276;16833;37,12,5,20,23,46,25,30,33,10,19,15,9,48,21,3,22,31,2,29,17,18,40,16,36,4,8,47,14,26,13,42,32,7,27,38,0,28,6,41,39,45,1,44,43,34,24,49,11,35
176;121;32365;14694;36,12,30,41,5,46,45,39,6,38,48,16,47,35,42,37,11,25,33,43,4,14,13,2,18,49,7,8,32,0,34,24,29,17,44,40,26,19,23,15,3,9,1,21,28,22,27,31,10,20
177;92;29798;13288;12,47,44,22,3,9,35,45,6,28,1,36,26,27,16,33,20,31,30,49,2,8,13,0,4,40,43,18,14,32,7,42,41,24,11,39,10,15,25,5,46,29,37,38,19,34,17,48,21,23
178;153;45957;20856;23,25,31,28,22,33,30,10,26,20,3,19,12,48,46,21,9,15,40,47,16,45,6,42,36,35,7,49,32,0,2,43,27,4,18,38,29,1,44,5,24,13,8,39,41,34,14,17,37,11
179;91;27342;12272;11,35,27,6,44,45,41,23,37,1,28,39,49,25,38,7,0,32,34,19,24,15,9,17,29,46,12,21,40,42,16,43,36,47,5,3,2,4,18,48,30,20,10,31,33,26,22,13,14,8
180;114;29914;13520;6,1,42,29,21,16,25,49,9,15,12,44,28,35,41,19,5,23,46,37,45,7,38,0,27,11,17,32,39,34,24,43,40,4,36,22,13,30,18,20,2,26,10,3,33,31,47,14,48,8
181;124;38515;17234;3,41,42,25,10,19,20,38,31,46,23,22,11,2,43,17,29,39,34,35,24,1,28,0,49,44,27,6,45,32,7,15,9,21,12,36,5,37,14,18,13,16,4,47,8,26,40,30,33,48
182;111;27412;12532;13,14,23,15,21,25,40,46,5,29,37,8,4,19,18,32,43,7,0,2,22,10,36,20,3,47,48,31,33,26,30,16,42,12,9,38,45,11,44,41,49,24,35,39,1,34,17,27,28,6
183;109;31091;14195;40,14,39,9,29,15,17,4,37,11,21,8,13,12,18,32,43,7,0,36,34,33,30,26,47,16,20,2,31,3,22,38,10,25,48,46,24,41,1,35,27,19,5,42,28,45,23,49,44,6
184;139;38568;17327;31,48,16,12,19,26,23,36,20,25,47,30,33,10,46,43,41,5,24,35,34,45,6,38,39,42,2,49,0,32,7,3,28,22,14,40,1,13,37,21,9,18,8,29,15,17,4,44,11,27
185;106;35995;16578;15,9,10,22,20,33,41,25,5,11,37,21,40,23,12,28,3,1,44,48,34,29,46,39,30,19,16,38,42,17,24,47,26,36,13,2,27,31,49,14,7,18,8,0,43,32,4,45,35,6
186;129;38514;17674;31,9,19,46,48,25,20,47,33,10,23,15,30,36,21,22,13,3,26,40,7,16,12,14,8,42,2,18,4,32,0,29,37,17,11,38,27,5,6,41,43,39,35,49,44,24,34,45,28,1
187;121;33588;15427;36,12,33,5,23,48,25,31,22,20,10,16,40,3,47,15,9,21,37,30,43,8,13,18,4,26,32,14,7,2,0,46,29,19,49,24,11,6,44,27,39,17,35,45,1,34,42,38,28,41
188;118;34819;16009;31,33,44,6,28,35,20,41,3,22,1,26,37,11,30,27,48,5,45,13,14,49,43,18,8,38,39,4,0,2,34,40,12,9,15,36,7,25,23,29,24,42,21,47,19,17,16,32,10,46
189;106;32312;14934;23,48,35,41,44,43,19,6,46,1,49,10,5,28,30,38,13,25,24,27,7,22,20,0,32,33,3,45,31,2,26,42,47,36,11,17,4,14,18,15,39,29,37,21,40,34,16,12,8,9
190;104;29855;13814;13,23,27,8,14,44,18,7,28,6,1,19,5,45,46,15,9,40,21,26,0,10,48,2,32,30,20,33,31,3,22,36,29,47,35,24,4,25,11,38,42,49,41,17,39,34,43,16,37,12
191;105;33530;15371;31,23,6,1,28,45,3,48,33,22,27,20,25,5,10,11,37,41,44,29,24,46,19,49,17,26,36,35,47,42,16,30,43,38,13,7,15,12,40,4,0,18,8,32,2,34,14,39,9,21
192;130;43429;19860;10,41,29,6,37,26,11,19,23,25,13,36,43,47,5,31,22,20,33,30,24,35,46,17,16,48,39,42,49,34,38,45,1,27,12,32,14,28,44,40,2,21,9,7,4,0,15,18,3,8
193;123;37264;17082;4,8,15,11,22,3,40,42,9,12,21,18,41,16,14,38,35,39,34,1,49,43,44,45,27,28,7,6,32,0,2,31,37,33,20,29,30,25,26,23,24,47,10,19,46,17,36,48,13,5
194;96;29799;13929;11,25,28,26,47,3,19,27,41,44,22,37,29,1,38,14,13,8,18,21,24,12,4,17,40,15,39,9,16,42,34,45,6,36,23,2,43,5,35,48,32,31,20,33,46,0,10,7,30,49
195;116;36019;16570;25,36,41,15,21,40,29,43,23,6,9,47,19,5,10,37,28,11,44,30,34,12,4,38,39,48,16,46,35,49,42,45,1,27,20,2,17,33,8,26,7,3,31,0,14,32,22,24,18,13
196;88;22413;10221;37,14,10,22,3,48,31,23,33,20,5,8,18,25,13,4,9,12,2,26,36,46,21,16,47,15,29,40,19,42,17,30,28,11,24,34,43,44,41,38,32,45,1,39,6,7,27,0,35,49
197;134;39780;18677;36,22,18,21,25,40,29,5,47,14,8,3,7,13,26,11,15,37,17,19,0,31,20,2,32,23,10,46,33,48,30,16,4,12,42,38,27,9,6,41,24,49,35,39,44,34,43,45,28,1
198;108;31090;14122;27,28,9,16,12,2,48,0,5,30,4,6,46,32,45,20,31,3,22,11,34,44,1,38,39,42,43,41,35,49,24,17,19,29,15,18,26,23,25,13,33,8,21,14,37,7,40,47,10,36
199;98;28598;13202;21,37,29,18,8,47,4,42,12,40,14,15,25,16,9,5,6,28,13,11,34,35,44,38,39,1,43,41,49,24,17,36,46,19,22,31,7,23,26,48,0,20,3,10,30,2,33,32,27,45
200;92;24890;11548;12,21,36,31,33,48,37,26,16,25,10,15,9,47,40,46,20,23,19,4,0,8,13,32,2,30,39,18,14,7,34,38,5,42,45,43,29,3,28,49,17,1,27,41,6,24,44,35,22,11
201;113;34791;16089;1,43,32,48,5,46,28,35,6,27,30,41,44,45,9,14,18,8,13,4,34,42,16,38,39,12,2,49,0,17,24,36,19,47,25,31,7,29,37,33,22,26,23,20,40,3,10,21,11,15
202;121;36036;16564;12,8,10,22,20,48,30,25,26,3,33,18,13,31,4,40,28,35,42,14,49,47,36,7,43,16,45,6,32,0,2,23,19,46,5,24,21,37,1,41,39,17,29,11,44,34,38,15,27,9
203;111;37237;17086;26,16,20,48,30,46,12,33,3,22,10,36,42,31,47,28,5,6,45,35,43,14,8,4,49,13,7,18,2,0,32,19,25,23,40,29,27,38,44,11,39,15,37,17,9,34,21,24,41,1
204;104;29846;13963;49,6,46,37,11,34,23,29,35,41,39,28,25,19,44,36,10,40,47,38,16,9,12,42,45,1,21,27,15,24,17,5,30,48,33,0,26,20,3,18,7,8,4,2,14,32,13,43,22,31
205;119;38503;17654;49,5,12,28,0,7,27,16,45,6,32,35,13,42,39,41,44,1,43,25,26,46,19,36,47,23,38,10,48,30,34,4,8,14,18,29,24,9,20,37,22,21,15,11,33,17,40,2,3,31
206;99;27365;12670;29,23,42,4,12,9,18,16,14,21,15,19,46,40,25,48,8,33,30,10,22,26,47,3,20,36,32,31,7,2,0,43,35,49,6,24,13,28,11,1,39,45,27,38,41,34,17,5,37,44
207;109;28629;13032;48,44,3,36,10,47,22,26,33,20,2,1,35,31,30,37,6,28,11,8,34,41,5,38,39,18,49,13,14,43,24,4,12,25,9,7,27,23,19,15,17,42,40,32,21,0,16,45,46,29
208;105;33537;15559;11,21,27,23,25,45,37,41,44,28,6,15,12,1,9,7,40,32,0,16,24,46,19,42,17,29,39,49,35,34,38,5,30,48,10,43,47,8,14,20,22,33,18,31,3,2,4,26,13,36
209;160;58263;26865;37,8,25,9,21,23,16,10,47,12,15,13,14,36,40,29,19,11,17,4,34,20,33,2,39,18,22,30,31,3,26,48,46,5,42,0,24,38,41,6,27,32,35,49,43,45,7,44,28,1
210;106;32306;15025;35,43,38,37,15,42,3,34,11,22,9,49,31,39,41,48,20,33,5,28,2,27,1,0,6,44,17,45,7,32,24,4,30,12,18,16,46,25,10,40,36,13,8,26,21,47,14,19,23,29
211;142;41042;18803;23,48,1,19,28,9,43,24,5,27,44,10,30,41,25,47,16,36,26,6,7,42,35,0,32,46,39,45,49,34,38,12,21,15,11,4,3,40,14,8,22,29,37,18,33,2,17,31,13,20
212;117;33556;15404;31,36,22,41,43,29,5,33,20,3,11,10,47,37,48,19,25,23,46,30,34,14,13,24,39,26,18,17,8,2,4,40,15,21,9,7,38,44,1,49,45,42,12,32,6,0,16,27,28,35
213;99;31056;14330;27,17,14,41,28,49,6,18,1,44,43,24,29,8,45,39,37,11,34,21,2,12,9,32,0,40,16,15,4,7,42,35,5,13,19,10,22,25,30,47,31,48,23,36,20,26,46,3,38,33
214;92;29811;13913;11,19,34,30,48,12,37,38,23,5,25,46,29,39,41,17,8,13,24,35,21,28,6,9,15,49,27,44,1,42,45,43,16,4,40,7,26,10,47,31,2,14,33,32,20,0,18,22,36,3
215;95;26136;11622;35,6,23,44,28,46,1,25,36,10,19,27,38,47,45,5,48,41,43,49,0,12,9,21,40,4,16,15,42,32,7,24,29,17,11,3,30,37,18,20,26,22,39,31,33,2,34,13,14,8
216;130;39739;18371;37,24,49,28,44,35,41,45,11,1,6,25,17,27,38,18,14,8,4,40,34,15,9,16,39,12,0,21,42,7,32,43,47,36,29,46,2,13,30,10,31,23,5,48,20,33,19,3,26,22
217;88;24862;11467;37,28,20,18,8,9,26,22,33,31,40,11,13,3,44,14,6,29,43,48,17,41,5,27,45,30,39,1,38,24,34,4,15,21,23,16,2,19,35,47,32,25,10,36,42,7,12,0,46,49
218;97;26127;12218;14,46,13,26,30,5,4,37,18,33,48,29,20,8,12,3,22,31,2,40,16,25,23,47,36,19,15,10,21,7,32,42,17,9,43,0,44,28,41,27,39,35,6,45,38,34,49,24,11,1
219;132;42197;19289;1,41,19,12,25,10,9,27,44,30,23,5,24,28,48,21,37,15,11,6,7,42,35,0,32,46,39,45,49,34,38,16,47,36,26,4,29,33,31,8,17,14,13,18,40,2,43,22,20,3
220;87;24886;12000;12,18,43,6,28,35,42,44,16,1,49,40,4,41,9,32,2,0,7,14,24,15,13,17,29,8,11,21,37,34,39,38,45,27,5,30,22,25,36,23,31,48,19,10,33,20,46,3,47,26
221;114;39696;19090;11,5,35,37,28,27,1,49,44,6,45,41,29,43,38,30,3,22,26,39,34,18,8,24,17,13,0,14,2,7,32,4,40,9,12,19,20,33,48,23,16,15,25,46,10,42,21,47,31,36
222;108;28635;13649;23,30,35,21,15,49,45,46,6,28,42,48,25,19,33,12,37,27,16,36,7,22,20,32,47,10,31,26,3,0,2,29,13,5,1,24,4,9,8,11,39,41,44,17,43,34,38,18,40,14
223;95;24920;11641;40,16,30,18,14,8,46,33,19,37,13,36,12,48,47,17,9,29,42,21,32,20,23,7,15,25,22,10,31,3,26,4,0,2,35,38,24,5,28,6,27,39,49,43,41,45,34,1,11,44
224;191;58372;27287;5,19,7,14,29,27,28,0,25,6,45,23,13,32,46,8,37,18,4,30,2,22,10,31,33,48,36,20,3,26,47,43,49,35,41,24,21,1,11,12,39,16,38,17,9,34,42,40,44,15
225;104;29850;14664;20,25,22,28,30,45,33,0,31,3,6,23,48,2,10,43,41,5,38,26,36,46,19,16,47,29,49,42,35,17,24,32,14,7,13,21,34,1,44,9,12,40,8,15,37,4,18,39,27,11
226;112;32319;15479;38,39,45,19,28,0,25,7,27,23,6,9,34,32,1,49,46,35,42,41,24,8,44,17,29,5,13,11,37,21,15,40,18,14,48,3,16,43,4,20,26,22,30,31,10,2,33,36,12,47
227;116;32340;16058;46,29,9,25,23,21,19,27,42,37,15,28,5,45,6,20,31,3,22,44,17,35,11,24,43,1,39,41,49,38,34,40,16,12,36,0,26,10,33,18,14,2,47,32,8,7,4,13,48,30
228;110;33564;14964;9,1,21,23,19,46,28,42,11,37,29,44,27,15,41,12,40,25,16,45,7,38,35,0,32,6,17,49,39,34,24,5,30,48,13,33,47,10,43,20,4,18,14,31,3,2,8,26,36,22
229;136;44658;19889;15,40,24,1,41,43,9,17,37,11,44,21,12,29,8,30,5,13,26,14,32,20,18,0,7,4,3,33,31,2,22,27,6,28,45,35,48,19,25,36,39,42,16,46,47,34,49,38,23,10
230;95;29824;13802;29,18,15,22,1,9,28,40,44,11,41,8,19,21,6,33,20,3,31,36,42,43,14,16,47,35,7,49,2,0,32,4,46,12,27,38,26,37,25,48,30,24,45,39,5,34,17,13,23,10
231;104;26156;12075;25,16,1,9,19,44,47,45,23,27,28,36,12,6,10,37,21,15,11,43,42,48,5,35,49,41,30,46,39,34,38,24,29,17,26,31,4,40,14,32,0,22,20,33,7,2,3,18,13,8
232;103;28626;13225;22,37,12,34,39,42,20,15,31,3,16,33,11,9,21,47,30,36,26,29,17,8,13,2,4,40,7,18,14,0,32,25,23,10,28,38,35,19,48,44,43,27,6,1,41,24,45,49,46,5
233;130;40972;18316;27,14,31,37,11,20,1,22,44,28,33,8,45,3,18,24,6,29,17,9,16,15,21,42,12,40,7,4,32,0,2,13,30,26,41,34,19,5,23,25,36,39,43,49,10,47,38,35,48,46
234;123;33588;15271;23,46,26,13,5,7,37,47,10,48,32,19,29,36,25,20,31,33,17,15,42,40,9,16,4,21,39,12,30,38,34,14,18,8,35,44,2,11,22,6,45,49,41,1,28,27,43,0,3,24
235;101;29841;13756;40,9,8,46,19,36,35,14,17,29,47,21,24,18,15,1,28,27,44,12,42,6,43,45,16,4,2,49,0,32,7,25,10,23,31,22,41,37,13,30,39,3,33,26,48,34,20,38,11,5
236;126;40970;18288;44,37,35,5,13,36,8,38,41,1,47,11,29,49,25,45,30,27,26,39,34,9,15,17,24,21,4,40,12,16,42,43,28,6,19,2,14,23,10,20,32,3,46,31,33,0,22,7,48,18
237;135;43476;19495;10,12,22,30,19,33,23,31,46,20,48,25,4,3,26,27,28,6,45,43,32,36,47,0,7,14,16,2,35,49,42,18,13,8,5,34,1,37,21,11,24,38,29,39,41,17,40,44,15,9
238;103;32298;14701;30,23,7,29,8,40,13,3,26,14,18,19,5,22,47,15,37,25,21,33,0,48,46,2,32,20,36,31,10,42,16,45,28,6,35,24,4,27,9,1,39,17,49,44,41,34,43,38,12,11
239;129;38528;17451;41,43,27,35,11,38,44,45,6,1,39,5,24,28,49,32,37,13,7,48,0,20,30,2,33,10,22,31,3,26,34,46,25,23,19,42,14,36,18,15,40,29,47,21,9,16,17,4,8,12
240;117;36013;16112;23,27,14,8,13,11,44,29,25,15,37,28,1,21,19,12,4,9,40,47,16,45,6,42,36,46,7,35,49,0,32,43,5,41,10,31,38,18,24,30,22,33,48,20,26,3,2,34,17,39
241;119;34812;15804;37,21,3,28,20,2,33,30,11,22,31,15,29,26,13,1,41,44,24,14,17,40,18,16,42,8,39,9,12,4,34,19,36,47,10,49,38,25,23,6,7,35,48,0,45,32,46,43,5,27
242;116;33567;15088;27,21,39,28,6,35,44,49,1,41,11,15,8,38,45,14,29,7,43,18,17,4,12,24,40,9,32,16,42,2,0,34,25,37,22,20,19,13,23,30,36,31,3,10,48,26,33,47,5,46
243;112;34786;15619;49,38,3,23,10,31,43,21,35,22,20,25,41,15,12,39,37,11,34,9,17,27,1,24,40,44,36,26,47,16,42,46,28,19,6,45,4,29,13,7,2,48,5,32,14,0,30,18,33,8
244;103;31074;14092;25,26,19,22,20,37,31,15,10,23,33,40,3,21,9,1,6,28,44,47,7,4,12,0,32,36,16,2,27,45,42,46,30,48,29,34,43,18,8,35,49,24,5,39,13,38,17,41,14,11
245;104;27382;12558;13,36,17,44,1,24,27,5,37,11,41,25,28,29,47,6,43,35,45,3,30,20,33,48,26,22,23,31,10,46,19,38,34,39,9,42,49,8,18,12,32,15,40,16,4,7,21,0,14,2
246;104;29857;13666;32,28,16,25,48,47,30,42,4,12,36,0,5,9,6,29,37,11,17,45,34,44,1,38,39,27,35,41,43,24,49,7,21,15,23,2,13,40,18,20,22,19,10,31,33,3,46,26,8,14
247;111;33547;14806;19,12,20,37,10,33,46,3,25,23,31,15,29,28,21,5,13,48,30,42,16,27,1,47,36,9,22,26,40,24,17,11,35,44,41,34,45,4,18,43,32,39,49,2,6,0,38,7,8,14
248;113;37230;16621;37,5,40,12,15,29,33,14,4,9,21,41,48,18,11,38,43,39,34,30,17,28,13,24,27,8,3,1,44,26,22,2,20,31,23,0,45,25,7,47,16,46,10,32,36,42,19,49,6,35
249;143;42253;18958;28,27,14,13,8,4,5,43,11,29,18,1,2,44,41,33,37,30,48,45,32,49,35,0,7,6,17,38,39,34,24,40,12,9,15,19,31,22,26,23,36,42,21,46,25,47,16,10,3,20
250;102;29846;13288;1,45,5,3,22,35,28,49,44,11,37,27,29,41,6,21,15,9,40,13,4,24,17,18,8,43,32,14,7,2,0,34,38,39,31,48,26,12,23,10,16,30,20,46,36,42,33,47,25,19
251;91;28583;12865;25,47,27,9,12,1,10,45,23,43,41,36,19,6,16,21,29,15,40,42,34,49,35,38,39,46,0,17,24,7,32,44,11,28,4,2,5,37,8,33,30,3,20,31,18,26,22,48,14,13
252;94;29815;13580;5,21,18,25,12,30,23,28,13,19,4,15,29,8,37,16,43,14,42,27,17,1,41,24,40,11,38,9,44,39,34,26,22,47,48,31,49,45,46,10,32,20,33,2,36,0,3,7,6,35
253;98;28583;13039;15,9,23,29,47,10,40,46,21,25,36,12,38,19,16,39,41,11,34,44,42,27,28,49,35,1,7,6,45,0,32,3,20,22,26,2,5,37,30,33,8,24,31,18,14,4,17,13,48,43
254;118;33573;15074;3,11,25,33,48,19,31,5,20,10,46,22,2,23,28,39,26,30,34,6,0,1,44,49,43,35,27,41,45,38,24,17,37,29,9,42,47,13,18,12,32,15,40,16,4,7,21,36,8,14
255;113;39714;17746;44,21,29,37,28,46,1,17,41,11,19,15,40,24,9,14,13,8,18,12,2,43,35,0,4,6,47,49,36,16,42,27,32,45,7,31,38,25,23,33,39,3,26,20,10,34,22,30,5,48
256;119;42164;18687;25,16,43,11,41,0,37,39,23,5,49,12,4,38,47,8,14,18,13,10,34,20,22,30,48,36,3,33,31,26,2,6,27,45,1,24,40,28,29,42,7,46,44,17,9,32,35,21,19,15
257;111;32335;14745;39,41,15,6,12,45,38,29,11,37,28,40,5,21,9,42,35,49,16,27,7,4,44,14,43,1,13,18,8,24,17,32,2,0,19,31,34,23,46,10,47,3,33,20,36,26,22,30,25,48
258;94;28575;13063;25,19,40,37,9,21,39,16,12,4,15,23,38,42,46,49,18,35,2,47,26,31,10,3,22,36,48,20,33,30,34,17,11,29,28,45,8,41,43,6,7,27,1,0,44,32,24,14,5,13
259;124;37278;16711;13,18,43,5,41,35,24,6,1,44,49,8,4,28,14,39,37,11,34,45,32,20,33,0,7,27,3,2,31,22,26,38,48,30,10,36,17,12,40,25,42,19,23,47,29,16,46,21,9,15
260;118;32365;14405;43,22,42,40,21,46,15,49,9,29,19,11,3,35,41,20,23,31,10,44,2,6,1,24,17,28,7,27,45,0,32,14,8,18,13,38,36,37,5,26,30,12,16,39,25,34,4,47,33,48
261;141;52053;23384;13,47,29,15,11,40,37,2,8,14,21,36,25,18,5,12,42,16,4,19,30,31,33,48,46,23,3,10,20,26,22,7,0,32,28,44,34,9,49,43,17,27,6,1,41,24,45,38,35,39
262;104;28627;13144;47,26,46,25,12,19,16,10,36,5,23,13,30,48,8,27,28,6,45,14,32,33,18,0,7,4,20,2,31,3,22,40,21,29,37,17,49,43,41,42,24,9,11,39,38,34,15,35,44,1
263;110;36007;16345;40,16,27,9,15,1,21,35,45,6,28,12,29,49,42,32,17,24,0,5,26,23,25,48,30,38,19,10,46,36,47,44,43,41,11,39,2,4,22,18,7,8,37,14,33,34,13,31,20,3
264;88;24879;11051;5,11,19,15,21,47,10,46,48,23,36,41,37,25,29,31,20,33,2,17,7,49,6,32,24,35,39,0,45,34,38,42,43,16,1,40,13,9,30,3,18,44,28,22,26,4,27,8,12,14
265;106;31074;14048;12,42,11,48,30,5,25,17,4,15,37,28,16,9,6,32,46,7,0,35,34,1,41,38,39,44,27,49,43,24,45,21,40,29,13,33,47,23,10,3,31,14,8,22,20,2,18,26,19,36
266;120;34813;15604;11,15,6,5,43,35,41,45,1,28,49,9,37,27,44,22,12,4,2,40,13,0,29,14,8,21,17,18,32,7,24,39,38,34,25,16,3,30,48,46,26,19,23,47,10,36,42,31,33,20
267;110;31094;14179;9,35,24,40,28,8,11,27,41,44,18,39,17,1,38,21,37,15,29,12,34,6,43,42,16,4,45,49,2,0,32,7,13,14,5,3,25,46,23,31,10,22,48,20,33,26,30,36,19,47
268;89;29789;13605;20,33,6,1,23,5,19,44,22,28,41,3,37,11,31,26,47,27,45,29,0,8,21,32,2,15,13,18,14,7,43,24,40,17,9,16,36,25,48,38,39,12,49,42,30,34,4,35,10,46
269;95;33487;15065;37,15,48,31,33,5,29,10,19,46,20,21,27,23,25,18,8,14,40,6,7,2,4,32,45,12,47,0,36,16,42,30,13,26,35,24,22,9,28,41,39,43,49,38,1,34,17,11,3,44
270;115;36019;16213;11,39,13,4,18,43,2,30,37,8,14,41,38,33,34,21,15,9,40,44,45,3,20,27,1,31,26,28,22,24,17,5,29,48,10,47,7,6,25,35,16,19,23,36,49,42,46,32,12,0
271;149;45933;20478;25,47,31,30,46,5,10,37,23,20,48,26,36,33,19,12,42,16,4,29,2,8,21,0,40,15,13,18,14,32,7,22,11,3,28,45,43,9,6,41,39,1,44,24,38,34,27,49,17,35
272;97;31035;14064;45,40,44,28,35,24,27,43,6,1,41,9,38,49,42,5,48,30,13,16,0,18,8,32,2,12,39,4,14,7,34,17,29,11,22,19,36,3,31,20,10,21,37,46,33,23,15,47,26,25
273;109;28630;12858;10,47,21,40,9,5,12,29,23,15,48,25,38,19,36,39,1,27,34,45,7,35,46,0,32,6,17,49,16,42,24,37,41,11,43,4,26,44,30,33,31,8,14,18,20,2,13,3,28,22
274;140;37331;17264;31,36,33,9,15,37,23,22,20,25,21,47,10,3,26,46,19,48,30,13,7,16,12,32,14,40,4,8,18,0,2,17,11,29,28,24,34,5,35,6,49,1,44,45,41,43,27,38,42,39
275;122;32367;14739;28,44,37,8,14,5,21,27,15,29,13,1,9,11,41,4,12,18,40,39,24,6,35,34,17,43,45,49,0,32,7,38,23,25,47,30,16,19,46,33,31,10,36,48,20,2,26,3,42,22
276;108;32329;14399;28,9,32,25,21,5,37,0,15,7,29,27,42,6,45,16,40,12,4,1,17,35,44,24,43,11,39,41,49,38,34,23,46,19,48,31,14,47,13,22,26,20,10,3,30,2,33,18,36,8
277;105;34762;15447;13,0,3,37,33,20,18,11,8,14,31,2,5,22,28,26,48,30,4,6,49,1,41,43,35,44,39,45,27,38,34,24,32,7,23,36,12,46,15,19,42,10,25,47,29,16,17,40,9,21
278;109;38454;17315;20,3,29,23,10,19,17,21,33,37,25,22,9,15,31,1,44,28,27,26,36,14,13,16,47,12,8,40,18,4,2,7,11,32,46,49,24,30,5,45,39,42,6,35,43,34,0,38,48,41
279;94;32307;14479;40,29,43,30,28,16,13,4,8,18,14,21,5,12,15,47,36,25,26,37,34,1,27,39,38,9,44,11,41,24,17,42,35,49,19,10,7,6,3,20,0,48,23,33,31,2,46,32,45,22
280;97;29807;13394;6,46,16,18,14,4,23,36,43,25,12,49,35,47,7,13,5,8,45,32,26,30,48,3,22,10,0,20,33,31,2,42,28,19,15,34,44,40,9,11,24,38,21,39,37,17,29,41,27,1
281;97;24931;11296;5,37,4,48,30,12,27,24,41,1,38,13,33,44,11,0,45,32,2,15,7,40,21,18,14,9,29,8,39,34,17,43,6,28,35,16,22,19,25,47,31,42,46,36,10,26,49,3,23,20
282;98;32297;14621;25,47,48,31,20,30,46,33,23,10,26,19,36,5,29,4,12,16,2,15,40,13,37,18,21,11,39,8,14,7,34,22,17,3,28,27,42,9,41,6,0,1,44,45,35,32,24,49,38,43
283;99;26146;11623;11,17,43,5,28,49,1,0,44,41,6,29,37,32,24,21,9,15,40,13,7,20,33,14,8,26,31,18,22,3,2,35,48,30,46,38,4,45,23,47,16,39,10,36,25,42,34,12,27,19
284;100;27372;12285;14,7,48,28,6,27,8,13,44,1,45,43,32,5,41,49,46,35,0,11,34,29,25,38,39,37,47,30,26,17,24,36,23,10,20,33,42,19,15,40,4,31,22,18,9,2,3,16,21,12
285;104;26171;11939;23,16,26,38,10,31,25,3,47,36,20,15,12,22,21,32,7,49,0,40,46,1,6,35,19,9,27,44,28,42,45,34,30,39,48,17,2,41,29,37,8,33,5,4,13,18,24,14,11,43
286;75;18685;8453;21,12,41,28,11,43,29,38,40,44,27,15,16,1,9,18,8,14,4,17,7,35,6,32,24,42,39,45,49,0,34,22,2,3,19,31,13,25,5,33,30,20,23,10,48,26,46,36,37,47
287;113;32314;14713;25,14,2,22,33,3,10,32,23,20,31,18,46,0,7,30,8,48,26,19,47,9,4,16,36,29,15,12,21,40,42,45,28,6,27,38,43,37,5,41,39,24,1,44,11,34,17,49,13,35
288;117;29888;13774;41,44,30,10,23,12,15,24,9,5,25,1,28,48,27,22,20,11,3,6,7,42,35,0,32,46,39,45,49,34,38,19,29,21,16,43,31,17,4,8,13,47,36,14,18,26,40,2,37,33
289;99;31066;14372;6,35,8,5,13,18,0,40,7,32,14,49,28,29,43,16,12,4,42,37,34,9,15,39,11,21,1,41,44,24,17,38,45,27,25,36,2,23,46,33,31,48,47,10,20,26,30,3,19,22
290;143;42244;19172;27,28,40,23,5,15,46,42,29,19,21,45,22,9,6,31,20,3,2,11,34,41,44,38,39,1,43,35,49,24,17,0,7,32,13,4,10,37,33,30,47,18,8,12,26,16,14,36,25,48
291;104;28635;13407;9,0,8,19,29,5,15,18,40,21,13,32,2,14,7,31,20,33,3,30,4,35,46,16,12,48,39,42,49,38,34,17,11,37,23,47,22,41,6,24,45,36,10,26,1,27,25,43,28,44
292;120;32348;14952;21,12,20,23,25,22,15,10,47,37,3,16,9,36,40,46,29,19,42,26,2,5,33,18,4,31,48,14,8,13,30,7,0,32,17,38,27,11,6,41,35,39,24,43,44,49,34,45,28,1
293;138;49605;22225;23,6,26,33,31,22,28,36,19,20,3,25,27,47,10,12,43,16,4,30,34,35,46,38,39,48,49,45,42,0,2,5,41,1,11,17,18,44,13,15,32,29,37,21,40,7,24,14,9,8
294;94;32263;14528;19,44,25,11,31,37,3,10,22,20,33,28,43,23,6,21,9,15,29,5,24,35,46,38,41,48,49,1,27,45,42,17,34,39,30,16,40,12,18,13,32,47,26,14,8,7,36,0,4,2
295;96;24919;11434;5,1,10,29,37,47,11,31,48,33,36,41,6,20,22,39,17,24,34,28,49,18,30,43,35,3,14,44,8,13,26,46,23,19,21,0,38,25,9,4,16,32,15,2,12,42,7,45,40,27
296;81;24842;11297;7,0,14,37,27,13,15,5,21,43,26,6,45,29,32,9,4,12,40,25,49,10,23,42,35,48,36,46,19,16,47,8,33,18,30,38,28,20,3,41,17,39,2,11,22,24,34,44,31,1
297;120;38500;17943;42,12,47,23,25,19,5,35,48,46,10,16,30,36,45,39,41,38,34,49,32,4,43,7,0,6,8,2,18,14,13,26,28,27,31,22,11,1,9,21,17,20,33,40,15,24,3,29,44,37
298;128;42209;18895;18,20,13,10,48,47,4,26,8,30,36,33,43,14,31,41,23,5,24,22,2,6,28,0,44,3,27,1,45,32,7,49,46,35,19,40,38,25,11,21,39,16,12,9,15,34,42,17,37,29
299;129;39757;18128;9,37,20,48,5,26,12,33,22,3,30,15,11,31,21,41,1,44,24,40,17,18,8,7,29,13,4,14,32,0,2,27,28,45,23,42,38,6,25,36,35,46,10,16,47,34,19,39,43,49
300;123;37277;17068;3,26,27,44,41,38,22,45,28,43,1,31,30,6,20,37,11,33,13,25,36,19,23,10,47,5,42,48,46,35,49,24,12,16,9,0,8,15,21,4,7,39,17,2,40,32,34,18,29,14
301;105;27378;12599;9,21,14,29,11,17,37,4,39,8,13,12,15,18,40,23,19,25,10,16,47,20,33,26,36,30,3,22,31,2,34,43,28,44,1,45,38,41,48,49,7,27,6,0,35,32,24,42,5,46
302;119;39720;17980;47,8,48,25,23,5,29,30,36,19,46,40,21,10,13,11,15,37,17,18,2,20,26,31,33,14,7,3,22,0,32,16,4,12,42,38,27,9,6,41,24,49,35,39,44,34,43,45,28,1
303;129;37318;17043;38,23,13,18,33,8,48,34,41,5,14,37,25,39,11,36,10,47,16,15,49,29,19,42,35,21,32,46,7,17,24,40,44,9,1,22,43,6,4,20,0,45,28,3,31,2,27,26,12,30
304;90;26123;12045;25,19,16,40,9,21,1,42,27,12,15,23,28,45,38,35,6,36,47,39,34,33,10,30,26,46,20,48,31,3,22,44,11,37,18,0,49,41,13,7,17,2,8,32,14,24,4,43,5,29
305;115;36013;16368;37,48,44,28,6,24,27,38,11,45,1,5,33,41,30,3,20,31,22,4,2,8,13,0,18,43,39,14,7,32,34,12,15,9,21,42,26,25,10,46,29,35,40,16,19,17,49,47,23,36
306;117;34806;15840;20,3,5,33,19,30,10,34,23,46,48,22,31,39,11,47,25,26,36,6,45,41,44,24,27,28,43,1,35,49,38,2,32,0,13,7,17,37,21,12,42,14,8,4,15,16,18,40,29,9
307;89;24886;11219;11,28,12,27,1,21,41,4,37,9,15,44,39,40,43,48,38,5,34,33,22,14,18,3,20,30,8,31,13,26,2,24,29,17,45,0,10,25,19,35,16,32,6,49,46,42,7,36,23,47
308;128;43414;20020;37,29,31,30,26,3,13,18,8,22,20,17,11,33,14,36,19,47,43,2,32,9,12,7,0,4,15,40,21,16,42,44,6,28,1,38,10,25,5,41,49,27,24,39,35,34,45,46,23,48
309;113;34793;15991;7,8,45,36,47,27,28,1,32,0,26,14,18,6,44,16,19,46,42,13,30,41,49,5,48,35,38,43,39,34,24,10,23,25,37,2,17,11,9,20,22,21,33,31,40,3,15,4,29,12
310;150;53316;24678;1,6,49,23,5,46,41,48,44,43,35,28,27,10,30,26,25,24,7,38,32,20,33,0,45,39,31,22,3,2,34,19,29,11,9,40,13,37,47,12,4,21,15,16,18,17,42,8,36,14
311;100;32282;14879;27,41,15,22,29,40,28,42,11,37,21,44,43,9,1,8,18,14,13,38,24,6,49,34,17,35,45,39,7,32,0,2,31,3,33,36,5,4,16,25,48,47,20,10,23,30,26,46,12,19
312;107;29864;13891;37,21,26,23,19,47,3,27,13,28,25,15,8,5,29,14,43,18,7,40,34,41,1,39,22,9,38,11,44,24,17,30,4,12,48,42,32,20,31,46,0,36,10,35,2,49,16,45,33,6
313;103;26162;11723;19,47,3,5,46,30,23,31,10,22,48,36,25,20,26,12,9,4,16,37,40,8,13,21,15,33,29,18,14,7,17,2,0,32,6,24,42,28,35,41,39,27,1,38,44,34,45,43,11,49
314;119;37252;17210;9,15,24,37,11,17,25,27,44,41,28,21,12,1,40,39,4,38,34,47,16,6,35,42,36,43,45,49,0,32,7,29,46,19,23,30,2,14,18,20,31,48,10,13,33,26,5,3,8,22
315;118;32360;14777;47,3,5,29,46,37,19,48,36,23,25,20,22,10,30,12,21,40,16,31,0,18,33,32,2,26,13,4,8,7,14,27,6,45,1,43,42,28,9,41,39,24,44,38,11,34,17,49,15,35
316;96;32288;14934;20,23,44,38,5,24,33,43,22,48,41,31,10,1,3,47,25,36,26,28,42,45,6,46,19,27,32,35,49,0,2,17,11,29,37,40,7,30,8,12,16,15,9,39,4,34,21,14,13,18
317;111;32323;14721;48,8,27,41,44,24,10,45,5,28,1,13,30,6,26,39,37,11,34,18,7,20,22,32,14,43,3,33,31,0,2,38,25,23,46,21,49,47,35,9,16,40,29,15,12,42,19,17,36,4
318;122;39747;18194;13,18,38,5,49,35,43,37,44,41,1,14,29,11,8,0,2,7,32,12,42,21,15,40,16,4,39,9,17,24,34,27,6,28,25,46,26,22,33,30,36,19,23,48,20,10,45,47,3,31
319;102;27353;12716;38,34,44,37,11,15,24,27,41,1,28,39,17,9,35,18,40,8,14,12,16,45,6,42,4,43,7,49,2,0,32,21,29,25,23,36,13,5,3,20,33,47,46,10,31,48,19,30,22,26
320;132;47124;21154;26,41,31,44,28,19,11,20,37,22,3,1,13,33,24,49,6,35,43,46,34,10,23,30,39,5,27,48,25,38,45,15,9,21,12,16,36,29,8,2,7,40,4,0,18,32,42,47,17,14
321;114;40919;18731;40,13,23,37,25,15,16,46,4,12,21,8,14,19,18,17,5,29,24,30,47,33,48,26,36,2,22,10,20,31,3,42,7,9,38,0,43,11,1,27,35,34,39,45,6,49,32,44,28,41
322;129;39775;18384;33,31,26,18,40,13,15,23,21,37,8,20,29,25,10,4,9,12,17,46,49,47,36,42,35,19,14,16,43,32,7,48,30,5,2,38,3,6,11,41,27,39,0,45,1,24,34,44,22,28
323;106;32311;14843;19,16,5,21,15,41,12,48,25,23,9,47,29,10,36,24,37,11,17,6,7,42,35,0,32,46,39,45,49,34,38,27,44,1,40,8,33,28,20,26,2,14,13,18,22,4,43,31,30,3
324;107;31083;14209;22,37,28,41,44,27,31,46,20,3,1,11,33,35,26,18,8,12,4,15,16,47,36,40,42,9,19,21,29,17,24,39,38,34,23,7,2,30,5,10,49,6,25,32,48,0,45,43,13,14
325;100;32282;14775;28,1,30,47,25,36,19,46,5,23,10,44,24,48,41,29,37,11,17,27,32,35,6,0,7,43,39,45,49,34,38,26,14,13,9,16,33,20,3,40,18,21,15,12,8,4,42,2,22,31
326;117;38486;17449;1,39,8,37,5,18,27,35,11,28,13,38,9,44,41,21,40,15,42,14,34,45,6,32,7,29,43,0,49,17,24,2,12,4,33,36,19,16,22,20,47,48,31,10,3,26,30,46,25,23
327;91;28550;13221;37,14,20,22,26,3,47,23,33,25,31,8,18,10,13,24,35,36,17,29,43,5,41,46,19,11,30,48,39,34,38,44,1,28,27,0,49,6,9,15,16,32,45,2,21,42,7,4,40,12
328;121;42178;19186;35,45,5,19,46,11,27,44,1,28,29,6,42,41,49,16,12,9,40,43,17,14,8,24,4,13,7,18,2,0,32,38,30,48,47,31,21,23,37,33,3,10,26,20,22,34,36,39,25,15
329;100;27378;12916;13,18,47,6,28,25,46,26,23,19,29,8,5,36,14,27,37,45,4,48,32,20,10,0,7,30,3,33,31,2,22,40,15,21,12,17,43,11,1,38,39,42,9,24,41,34,16,49,44,35
330;126;38507;18052;30,26,5,8,13,43,40,2,12,18,14,22,25,4,3,15,37,21,29,33,16,23,20,36,47,31,48,19,10,46,42,38,49,35,41,0,17,9,6,44,7,39,11,24,1,32,34,45,28,27
331;91;24881;11874;20,25,14,22,3,8,19,47,31,33,18,23,46,36,10,29,11,37,17,5,38,26,13,34,39,48,7,30,2,0,32,40,15,21,9,45,24,12,16,6,49,1,28,44,35,42,27,43,4,41
332;118;38481;17890;16,19,35,17,29,28,12,39,25,37,11,23,42,38,46,21,9,15,40,36,34,31,33,30,48,47,3,10,20,26,22,27,6,45,1,0,4,41,13,43,14,2,24,32,44,7,49,18,5,8
333;114;31092;15315;1,19,39,37,21,9,25,38,44,11,15,28,23,41,27,10,36,5,48,29,24,6,35,32,17,46,49,7,45,0,42,34,16,12,40,43,33,47,22,13,26,18,8,14,30,2,4,31,20,3
334;102;28624;14073;11,8,44,41,27,38,28,12,21,15,1,37,13,9,40,7,29,14,43,4,34,20,33,2,39,18,22,30,31,3,26,24,5,17,48,16,32,23,6,35,49,36,25,47,46,42,10,0,19,45
335;113;37259;17696;28,41,30,10,25,19,9,42,5,48,23,1,44,46,27,37,13,11,29,35,17,38,45,24,49,6,39,0,32,7,34,15,12,21,4,3,16,8,18,20,47,31,43,22,33,26,2,36,14,40
336;104;27386;13533;9,27,29,28,6,35,16,21,12,42,49,1,44,15,45,11,37,41,43,40,2,14,8,0,4,13,7,18,32,24,17,19,23,46,22,31,38,5,47,48,30,20,33,10,26,34,3,39,25,36
337;102;28608;13706;37,25,35,5,48,49,10,34,11,38,30,36,23,39,47,45,13,26,27,19,4,21,15,16,12,46,29,9,40,42,17,24,43,41,6,0,8,1,44,20,3,7,33,31,22,2,32,14,28,18
338;101;27368;12674;1,12,29,27,15,37,28,22,41,3,21,44,38,11,9,35,6,43,49,40,24,14,30,17,4,26,13,18,8,34,39,7,5,32,48,2,47,45,23,10,16,31,20,0,46,42,33,36,25,19
339;98;28587;13045;23,25,48,28,3,30,22,10,20,33,26,19,43,31,46,21,29,12,15,45,32,36,47,0,7,6,35,2,16,42,49,14,5,13,18,24,40,37,11,41,39,1,8,44,38,34,27,17,4,9
340;97;29834;13412;11,21,43,28,27,38,1,4,44,41,5,15,37,12,9,42,35,49,16,39,34,8,18,17,24,40,13,29,14,7,32,45,0,6,30,46,47,25,3,23,31,48,33,19,20,10,2,36,22,26
341;126;43445;19605;9,24,21,37,11,13,44,18,40,15,29,41,1,8,17,45,28,6,27,4,34,7,14,38,39,12,16,43,35,49,42,32,5,0,46,2,47,19,23,20,22,33,30,31,10,3,48,26,25,36
342;129;43446;19352;31,26,9,11,37,39,33,15,3,22,34,30,48,12,20,13,28,5,35,40,42,23,25,36,16,21,46,10,19,47,29,17,4,38,18,7,27,41,44,24,49,14,8,32,43,0,2,45,1,6
343;98;28589;13209;25,39,1,28,6,27,49,44,38,35,45,12,34,41,9,32,14,43,7,37,40,36,47,21,15,11,42,29,16,17,24,4,2,0,19,48,26,18,13,33,20,5,23,10,31,30,46,22,8,3
344;117;29895;13407;44,45,21,11,41,3,1,40,9,28,22,6,27,15,12,38,35,39,34,49,7,4,18,32,43,8,42,14,16,0,2,31,37,33,20,48,24,25,5,19,26,10,23,46,47,30,36,17,13,29
345;106;31087;14026;5,11,23,37,33,25,31,19,20,48,10,29,43,46,41,32,2,0,7,44,45,6,3,27,1,22,49,28,35,24,17,36,26,47,13,34,15,14,8,40,12,39,30,16,18,4,38,42,21,9
346;104;31075;14236;24,40,5,6,28,30,1,38,44,11,29,9,35,41,17,21,37,15,27,12,42,18,8,49,16,13,39,4,14,43,34,22,26,3,20,0,45,25,19,48,7,2,33,10,46,32,31,36,23,47
347;114;36002;16389;12,16,3,19,23,46,25,26,10,20,22,36,40,31,47,29,21,37,17,48,34,13,33,2,30,5,14,8,18,4,43,38,35,39,41,27,42,9,11,28,32,1,44,45,6,0,24,7,15,49
348;124;39734;17918;25,19,40,9,15,18,37,16,12,4,21,23,5,42,46,11,28,29,17,30,47,33,2,26,36,48,22,10,20,31,3,13,14,8,7,38,24,27,1,45,35,39,32,0,6,49,34,43,44,41
349;83;23616;10993;3,31,21,4,18,12,37,16,29,14,8,33,22,40,20,32,7,2,0,25,47,46,23,26,36,19,13,10,5,48,30,42,9,15,43,24,27,11,44,41,38,49,35,39,1,34,17,45,28,6
350;99;31079;14290;13,25,31,29,43,21,4,20,12,37,15,5,38,33,23,39,41,11,34,26,49,10,30,35,47,19,48,36,46,42,16,17,9,40,8,32,44,3,28,2,45,7,18,0,6,24,14,27,22,1
351;124;43414;19486;14,13,43,41,44,35,28,0,7,6,49,8,5,32,18,27,24,1,45,47,26,10,48,3,22,36,33,30,20,31,2,4,37,11,46,40,38,23,12,15,39,17,19,21,9,34,29,42,25,16
352;120;34784;15790;41,6,40,37,11,15,5,24,9,29,21,1,28,17,44,39,35,49,34,27,0,18,4,32,45,43,8,2,14,7,13,42,12,16,33,20,38,19,23,48,10,3,31,30,46,26,22,36,25,47
353;115;35996;16355;19,10,9,41,44,15,6,40,28,1,21,36,23,29,47,48,5,27,45,46,24,20,22,17,42,26,31,35,3,49,43,16,12,25,38,34,30,11,33,8,32,18,39,14,13,7,4,0,37,2
354;121;37273;16846;5,10,28,46,23,19,41,43,11,1,27,48,37,44,30,39,17,24,34,8,4,26,14,2,18,13,20,33,31,3,22,29,6,45,35,7,47,38,9,21,16,32,49,15,12,42,0,36,25,40
355;72;18693;8324;41,49,27,22,28,40,11,45,44,1,9,38,35,6,43,16,3,12,42,39,34,14,18,24,17,8,7,4,2,0,32,29,5,13,25,30,31,37,21,23,46,36,47,10,19,48,26,33,15,20
356;90;24876;11305;36,11,14,10,5,33,26,18,30,13,48,47,25,8,37,19,46,23,38,17,21,12,4,40,15,29,39,9,16,42,34,31,3,20,22,32,35,28,41,6,27,7,43,0,49,45,2,24,44,1
357;94;26129;11875;25,19,0,28,6,27,12,16,35,49,45,23,4,42,46,39,43,38,34,30,2,20,33,3,22,48,36,31,10,26,47,5,37,13,8,7,24,1,44,15,29,14,18,21,9,40,32,17,41,11
358;89;29804;13763;9,41,8,5,37,13,15,14,40,21,4,11,43,18,29,38,12,39,34,44,24,6,1,32,17,28,27,7,45,0,2,19,25,23,49,47,22,33,48,10,26,46,35,36,20,16,42,3,30,31
359;104;28607;12889;28,12,11,31,20,45,3,41,1,22,27,9,40,44,6,19,46,15,21,26,42,35,43,16,47,30,39,36,49,34,38,10,23,25,48,17,29,37,33,8,32,13,5,14,18,7,24,0,4,2
360;115;38472;17359;20,3,19,25,5,46,30,21,10,48,23,31,22,29,33,35,28,6,49,36,7,8,18,32,47,40,26,14,13,0,2,37,11,15,45,24,43,4,16,9,39,44,27,1,41,34,17,38,12,42
361;145;43457;19606;14,29,25,11,37,15,8,47,18,40,21,13,2,36,5,32,17,7,0,19,30,31,33,48,46,23,3,10,20,26,22,16,4,12,44,49,24,9,6,1,45,42,41,35,27,38,43,34,28,39
362;111;32328;14714;43,28,14,5,37,7,41,18,29,11,13,44,6,8,1,0,35,49,32,45,24,15,21,17,4,27,40,12,9,16,42,38,34,39,25,36,2,30,33,46,31,19,23,10,20,26,47,3,48,22
363;120;34790;15682;37,9,30,46,19,48,29,27,11,23,10,21,17,25,15,47,26,36,40,4,7,42,16,0,32,12,39,2,45,38,34,33,31,20,3,14,35,28,1,44,24,8,22,13,5,43,18,49,6,41
364;122;37262;16975;20,25,14,30,13,18,37,48,31,5,8,23,26,33,10,2,11,22,0,29,32,40,21,7,46,15,36,19,47,42,16,4,3,12,28,43,17,9,39,1,24,45,6,44,41,34,27,49,38,35
365;115;34782;15653;2,35,40,37,8,21,25,12,18,9,15,39,38,4,34,44,1,41,24,6,0,47,36,32,49,45,16,43,14,7,42,17,11,29,27,46,33,13,30,26,20,23,28,3,10,22,19,31,5,48
366;112;33546;15169;20,3,47,25,23,19,37,48,10,36,46,31,22,5,33,39,41,11,34,30,43,8,13,2,4,26,7,18,14,0,32,29,24,17,49,42,38,6,35,15,27,40,12,21,9,45,16,44,28,1
367;92;23668;10719;6,7,35,28,1,41,9,42,45,27,44,32,12,49,0,22,31,3,38,16,26,43,4,47,36,2,18,40,14,13,8,24,5,17,11,29,20,25,48,46,39,21,37,19,23,34,15,33,30,10
368;109;33551;15273;40,15,26,22,20,3,23,47,25,10,31,21,1,36,9,35,28,6,49,4,24,45,27,42,17,12,2,16,0,32,7,19,29,46,33,13,44,48,5,37,39,8,18,43,11,34,14,38,30,41
369;125;33608;15685;31,47,48,23,25,37,22,30,20,10,5,36,3,33,26,27,28,6,45,16,0,13,40,2,32,12,8,7,14,18,4,21,19,15,29,17,43,9,44,35,39,42,11,24,49,34,46,38,1,41
370;114;34783;16033;1,27,14,21,40,8,15,43,9,41,18,12,28,44,4,38,25,39,34,16,24,49,6,42,17,35,2,45,0,32,7,29,37,11,13,31,47,19,46,33,30,3,5,20,48,26,22,36,23,10
371;128;36066;16524;41,11,10,25,23,43,13,30,38,5,6,39,37,48,33,19,29,36,47,31,45,28,44,27,26,20,22,1,3,24,34,49,46,35,42,0,21,8,9,18,4,32,14,16,12,2,7,40,17,15
372;110;33554;15277;28,43,14,37,5,18,29,38,11,8,13,44,2,39,41,21,40,9,15,27,32,35,6,0,7,1,17,45,49,24,34,4,3,22,31,48,12,26,23,36,42,20,33,10,47,46,30,16,25,19
373;131;40967;18376;48,6,31,25,23,26,46,22,30,20,10,5,11,3,28,37,13,33,17,45,34,44,1,38,39,27,35,41,24,49,43,36,19,47,9,42,7,29,18,12,0,21,15,16,4,2,40,32,8,14
374;126;37282;16768;20,47,40,46,23,29,10,3,48,5,19,33,36,22,31,12,21,25,16,30,4,8,13,18,43,26,32,14,7,2,0,45,28,6,27,49,42,37,9,41,17,44,1,38,11,24,35,34,15,39
375;126;40974;18396;40,23,12,11,9,17,37,16,21,15,29,25,28,42,19,45,1,27,24,47,26,10,36,3,22,46,48,20,33,31,30,34,38,39,4,32,44,5,13,14,49,0,18,7,8,43,2,35,41,6
376;122;32367;14686;44,24,30,25,19,10,28,43,27,5,23,1,11,48,41,15,12,9,21,45,42,39,38,35,46,6,7,49,0,32,34,22,3,20,31,4,16,37,47,8,14,26,33,18,13,40,2,17,36,29
377;135;47132;21101;35,23,1,37,11,44,13,24,49,6,28,46,19,41,5,29,14,43,17,25,47,48,45,36,26,27,39,10,30,34,38,0,7,32,15,16,22,8,33,40,2,9,21,12,18,4,42,3,20,31
378;168;63227;28213;3,16,37,19,23,15,10,33,20,25,21,22,12,31,36,48,5,46,30,26,0,13,40,32,2,47,8,4,18,7,14,29,9,17,11,27,42,28,43,41,39,1,44,45,38,34,24,49,6,35
379;143;47176;20914;44,49,27,40,28,29,9,39,41,1,11,6,35,38,45,15,12,21,42,43,32,4,18,0,7,8,17,14,2,24,34,13,37,5,30,36,16,25,33,23,19,47,48,10,20,46,26,31,22,3
380;126;37271;16712;15,11,44,5,41,27,25,4,12,38,1,37,16,9,21,26,30,47,43,39,34,18,40,7,32,29,13,14,8,17,24,23,28,19,6,35,36,22,20,48,2,46,45,49,10,0,42,31,3,33
381;111;31101;13977;27,41,18,43,14,3,13,4,8,28,22,1,5,12,44,16,26,30,42,38,24,15,11,17,29,37,9,21,40,39,34,33,20,31,25,32,35,48,6,47,2,10,23,36,19,0,7,49,45,46
382;110;32332;14595;12,40,44,23,25,45,28,37,4,1,27,9,19,11,18,35,39,38,46,13,24,29,14,17,42,8,21,16,15,7,32,6,5,41,43,33,22,47,26,48,30,2,49,31,10,34,0,20,36,3
383;132;38514;17252;48,29,3,23,10,33,19,22,46,20,31,5,30,28,6,15,9,37,21,11,17,35,44,24,43,1,38,41,49,39,34,27,25,45,26,16,2,13,8,40,32,36,42,14,18,7,47,0,12,4
384;150;49665;22143;33,37,3,28,6,27,30,31,26,22,45,48,5,20,46,8,18,13,14,21,2,23,25,47,36,15,7,19,10,0,32,42,49,35,40,4,29,1,41,39,24,12,9,34,38,17,16,43,44,11
385;117;37257;16682;20,22,1,5,41,24,48,27,10,30,44,3,33,28,31,8,18,13,14,47,7,35,36,0,32,26,45,2,6,49,43,38,23,25,11,15,4,46,29,9,16,39,37,21,12,42,34,40,19,17
386;118;34780;15690;35,41,33,19,46,10,29,31,5,48,23,43,11,20,49,39,30,38,34,44,3,2,0,22,28,6,45,1,27,24,17,26,37,13,8,40,32,25,47,15,16,4,14,21,9,42,18,7,36,12
387;154;39849;17895;41,37,45,46,19,6,49,27,44,35,28,11,25,1,29,18,13,8,4,12,24,9,15,17,16,21,39,40,42,34,38,43,5,23,47,32,30,14,33,20,2,10,36,31,3,0,7,26,48,22
388;116;39706;17991;20,3,46,25,19,49,6,36,33,23,35,22,28,10,31,1,44,45,27,43,32,48,5,0,7,47,30,14,13,2,26,18,4,8,12,34,38,37,11,9,24,21,15,39,29,17,40,42,41,16
389;92;28583;12944;9,28,8,12,37,4,15,5,40,21,18,1,44,13,27,39,41,11,38,19,30,33,26,48,46,23,31,10,20,22,3,25,36,47,14,43,34,29,17,6,32,42,35,49,45,7,16,0,24,2
390;97;29811;13815;34,35,8,12,9,18,30,2,39,13,4,28,5,14,38,16,46,48,42,1,24,43,44,45,27,41,7,6,49,0,32,17,29,11,37,22,36,19,25,20,31,21,15,3,33,26,40,47,23,10
391;126;34842;16084;9,44,17,23,21,5,15,24,28,19,29,41,11,27,1,12,37,25,16,42,34,6,35,38,39,46,7,49,45,0,32,13,14,8,48,2,47,43,4,20,3,33,30,31,22,26,18,36,40,10
392;96;29813;13901;4,9,13,23,36,46,25,14,18,47,19,12,38,8,40,0,49,35,2,39,34,21,11,7,32,37,29,15,16,42,17,24,41,5,43,27,33,10,30,28,3,1,6,45,26,22,44,31,48,20
393;103;37196;17006;25,36,40,14,18,9,29,3,16,12,4,47,2,22,26,0,8,7,32,15,42,20,31,46,19,21,33,23,10,48,30,43,6,28,5,44,17,13,11,49,38,1,45,41,35,24,27,34,37,39
394;139;44705;20272;12,42,6,40,21,25,15,27,4,28,37,16,29,45,9,23,5,19,46,44,17,35,11,24,43,1,39,41,49,38,34,36,26,47,13,7,48,30,22,3,2,18,8,32,31,0,14,33,10,20
395;120;37280;17049;23,46,37,29,21,11,16,39,25,12,15,19,42,38,47,32,4,0,7,2,22,33,10,20,3,36,48,31,26,30,34,17,9,40,5,27,14,28,6,44,49,1,41,45,35,43,24,13,18,8
396;83;24859;11747;35,41,10,25,5,33,19,31,46,23,48,43,24,20,49,29,37,11,17,44,22,6,28,2,3,1,7,27,45,0,32,38,26,30,13,34,15,47,39,12,42,18,8,4,40,16,14,21,36,9
397;113;33572;15376;30,12,20,23,25,22,5,31,48,10,3,26,40,33,13,29,21,19,46,47,43,18,8,14,16,36,0,4,2,7,32,49,45,6,27,24,15,28,35,44,17,41,1,39,11,34,38,42,37,9
398;99;33528;15338;6,19,27,11,41,38,44,43,28,1,39,47,36,45,26,23,5,48,10,35,42,20,22,0,49,46,3,33,31,2,34,24,16,30,12,14,29,25,9,17,32,8,4,18,40,7,13,21,37,15
399;109;29852;13770;31,36,19,28,6,27,22,25,3,20,45,10,26,23,47,8,13,14,18,9,4,42,15,12,40,21,2,16,7,32,0,46,49,35,1,38,29,33,48,41,24,44,30,39,11,34,43,17,37,5
400;93;27353;12680;9,1,40,18,37,14,28,29,11,15,8,44,27,21,41,12,25,4,38,35,34,45,6,49,39,43,17,0,32,7,24,13,2,5,22,26,30,19,46,31,10,16,3,47,20,36,42,48,23,33
401;137;44696;20554;15,6,31,10,23,33,12,22,37,25,20,28,9,3,11,29,19,21,17,35,43,27,1,24,49,44,45,41,38,39,34,4,0,2,8,7,46,5,30,40,42,14,13,32,26,16,18,47,48,36
402;103;29833;13813;1,27,30,24,26,20,41,48,28,3,22,6,44,5,45,9,12,38,40,33,4,8,13,18,43,31,32,14,7,2,0,49,23,10,35,42,15,25,11,47,39,19,36,16,29,34,46,21,37,17
403;111;37231;17284;44,21,27,11,39,35,41,45,1,28,38,9,40,6,15,17,2,24,34,18,32,4,12,7,0,8,49,14,43,16,42,29,46,19,23,47,30,37,5,20,10,3,25,26,31,36,22,48,13,33
404;113;39699;18159;19,21,27,44,41,48,28,10,46,1,5,9,40,23,15,38,25,35,42,11,24,20,33,17,29,37,31,22,3,39,34,30,13,26,8,7,49,36,6,4,0,14,18,2,45,32,43,16,47,12
405;108;33540;15627;23,6,26,22,3,33,5,30,48,20,31,19,41,10,46,27,1,28,45,43,42,47,25,49,35,12,39,16,36,38,34,2,4,0,37,14,44,11,15,29,17,8,13,32,21,7,18,24,9,40
406;84;22426;9913;29,17,15,25,23,12,5,40,48,10,9,37,11,21,30,44,41,43,24,20,22,14,13,31,3,26,8,33,18,2,4,16,47,36,19,49,38,28,27,7,34,35,46,32,6,0,42,39,1,45
407;116;34793;15983;40,15,3,23,33,22,25,26,18,10,20,9,21,31,12,46,29,19,35,49,0,14,43,32,2,4,36,7,47,42,16,8,37,13,48,38,34,30,28,41,17,45,5,1,44,24,27,39,6,11
408;89;23649;11130;27,6,24,12,9,17,44,43,1,11,4,28,35,41,45,14,18,8,13,38,0,20,30,2,49,39,22,31,3,26,34,33,25,37,48,47,7,5,21,46,42,36,23,19,29,16,10,32,15,40
409;104;31076;14518;6,8,26,9,40,47,12,45,28,1,36,44,16,27,4,35,46,42,49,18,43,22,20,7,14,33,2,3,31,32,0,13,19,30,23,5,29,21,37,24,39,48,25,38,41,34,10,17,15,11
410;130;32393;15073;38,49,19,37,11,16,41,46,25,5,42,35,43,23,39,1,44,28,27,47,26,48,10,3,22,36,33,20,31,30,34,2,4,12,9,40,45,6,8,18,7,21,29,0,14,32,15,24,13,17
411;94;24893;11186;48,28,9,36,16,4,10,42,23,25,12,5,30,46,6,32,2,0,7,35,34,1,41,39,49,44,27,43,24,38,45,3,20,31,33,26,14,15,37,29,18,47,19,40,21,17,22,8,11,13
412;99;28612;13188;23,38,46,26,22,31,30,43,10,20,3,5,25,48,41,39,47,36,34,1,24,35,28,45,27,44,49,6,7,32,0,2,19,33,13,4,42,37,15,21,40,8,14,29,12,17,18,16,11,9
413;116;34801;15979;18,12,43,1,44,29,8,15,14,41,11,4,40,21,9,13,5,37,35,42,38,7,49,34,39,16,32,2,0,17,24,45,27,6,28,30,46,25,19,31,10,26,3,20,33,48,22,36,23,47
414;141;39779;18134;41,11,45,28,6,43,44,38,1,49,35,25,29,27,37,14,13,8,18,4,16,9,15,42,12,21,17,40,39,34,24,36,19,47,23,31,7,5,48,22,0,20,46,3,33,2,10,32,30,26
415;98;28588;13398;9,44,29,23,25,21,5,24,11,15,37,41,28,17,1,4,16,12,43,42,34,6,35,38,39,27,45,49,0,32,7,19,40,46,48,22,14,2,33,3,30,36,10,20,31,26,47,13,18,8
416;145;43475;19759;13,18,38,5,1,35,43,37,44,41,49,14,29,11,8,0,6,7,32,17,40,12,4,15,21,24,39,9,16,42,34,25,36,47,19,10,2,28,27,30,31,46,23,48,20,33,26,3,45,22
417;133;48345;22473;44,29,15,27,28,20,1,40,22,9,3,41,5,21,11,47,36,19,26,31,43,18,33,14,13,37,4,8,2,17,24,12,42,16,6,0,30,23,25,35,39,32,45,49,38,34,7,46,10,48
418;95;26123;11623;37,8,26,22,20,3,33,47,25,10,31,18,13,36,14,46,48,23,19,29,42,21,7,16,17,32,40,15,9,12,4,2,30,0,43,34,5,11,6,41,24,35,44,39,1,38,49,27,28,45
419;118;37255;17029;23,46,26,31,20,22,30,36,10,25,3,48,19,47,5,32,2,0,7,6,45,41,44,24,27,28,43,1,35,49,38,33,37,11,13,18,42,29,9,4,16,39,8,14,12,40,34,21,17,15
420;92;26103;12129;30,31,4,15,21,40,37,14,13,8,12,20,26,18,33,46,29,19,42,25,7,48,5,32,47,23,16,10,36,0,2,3,9,22,6,1,35,43,11,41,17,45,28,44,38,24,27,34,49,39
421;89;27330;12751;12,15,43,13,8,26,17,14,4,18,6,21,9,29,40,23,37,25,10,46,49,36,47,42,35,19,7,16,32,0,2,28,31,3,22,45,48,20,30,41,39,1,44,24,11,34,27,38,33,5
422;142;45936;20774;21,9,47,10,23,46,25,17,37,36,19,15,11,29,40,49,35,2,0,12,42,18,8,32,16,13,39,4,14,7,34,38,30,26,48,24,22,33,31,44,45,41,5,1,28,27,43,6,20,3
423;83;21165;9949;14,11,9,12,15,40,8,17,18,4,21,7,2,29,32,16,3,22,42,41,43,6,35,24,44,28,45,1,27,49,0,38,37,39,13,34,19,33,20,48,47,23,5,30,10,26,25,36,31,46
424;109;32310;14862;37,8,25,20,10,19,26,47,33,31,23,14,13,36,18,48,5,46,30,9,2,15,21,0,4,40,42,12,16,32,7,3,29,22,11,24,35,28,27,41,43,39,17,44,1,38,34,49,6,45
425;88;22426;9937;25,26,24,41,11,15,22,17,5,37,21,23,3,29,19,1,6,28,44,31,16,48,33,36,47,20,35,10,46,42,49,43,0,2,40,7,27,9,30,8,39,14,13,18,4,34,32,45,12,38
426;107;34760;16162;49,44,27,23,5,46,29,45,35,28,19,41,11,6,1,12,37,25,16,42,17,15,21,24,38,9,32,39,7,34,0,40,30,48,22,31,36,10,8,33,4,3,20,2,18,43,26,47,13,14
427;104;28616;13579;13,23,40,15,37,7,25,18,8,29,21,19,5,14,46,32,12,4,0,36,2,33,48,26,30,47,22,10,20,31,3,17,42,16,28,24,43,9,44,27,39,49,6,45,1,34,35,38,11,41
428;119;36023;16531;15,11,16,18,8,7,29,4,21,40,14,42,37,12,9,38,25,39,34,17,45,41,6,24,27,28,44,1,35,49,43,32,2,0,19,31,47,13,23,33,30,3,46,20,48,26,22,36,5,10
429;89;27335;12802;5,18,29,15,21,11,40,46,23,25,37,8,14,19,13,4,12,16,42,36,2,10,48,26,30,47,33,31,20,3,22,17,28,7,44,45,43,9,41,0,39,27,1,32,6,34,24,38,35,49
430;127;38503;17586;19,9,36,30,48,29,23,16,25,47,10,21,40,12,15,13,8,5,26,46,42,38,45,49,35,6,32,39,0,34,7,4,18,14,33,3,27,37,11,43,24,31,20,22,28,17,2,44,41,1
431;107;37223;17000;6,22,5,27,1,24,28,30,45,44,41,20,26,48,3,35,37,11,49,33,32,8,13,7,0,31,4,2,18,14,43,10,47,36,23,40,39,25,12,15,16,29,46,21,9,42,19,34,38,17
432;132;39764;18174;40,14,37,1,44,5,29,15,9,11,41,8,13,21,18,49,35,43,42,16,32,38,4,0,7,12,17,2,39,34,24,25,36,47,26,3,46,6,19,10,27,31,33,20,23,45,22,48,28,30
433;108;31105;14276;39,29,24,5,13,38,37,43,11,41,1,17,34,44,8,48,46,33,30,18,40,7,32,15,21,14,4,9,12,16,42,49,25,35,28,0,22,19,10,36,26,27,6,47,3,2,45,31,23,20
434;91;27357;12908;21,29,1,6,28,45,40,7,15,9,27,37,4,44,11,35,25,12,49,5,34,8,18,38,39,41,43,13,14,24,17,32,2,0,22,26,42,30,48,20,16,31,33,36,10,47,3,46,23,19
435;99;29831;13800;2,6,14,20,31,26,3,13,22,18,33,28,0,8,1,32,27,45,7,30,34,41,5,39,38,48,44,11,35,49,43,24,29,17,46,40,4,37,23,15,42,36,19,21,9,16,47,12,10,25
436;125;37290;17188;28,13,12,24,41,21,1,40,44,9,15,37,27,11,8,48,45,5,38,4,34,20,33,30,39,18,3,2,31,26,22,17,14,29,43,7,23,6,10,49,0,36,47,42,35,32,16,46,25,19
437;94;23676;10504;41,37,27,23,6,19,5,45,9,1,28,11,43,44,15,38,25,39,34,40,24,8,13,17,29,21,0,18,14,7,32,2,12,4,22,42,30,3,31,20,47,46,49,16,10,36,35,26,33,48
438;129;37306;16954;37,1,23,10,48,19,45,29,27,5,46,41,44,25,11,36,47,35,49,12,24,9,15,17,16,38,21,42,40,39,34,22,33,20,3,14,43,28,30,8,2,32,31,18,13,0,7,4,6,26
439;103;31069;14210;37,39,7,26,25,36,8,5,13,14,47,11,28,29,34,2,18,32,0,6,45,41,44,38,27,35,43,1,49,24,17,16,30,42,12,48,22,9,40,15,20,46,23,10,21,33,19,31,4,3
440;107;32324;15096;31,13,10,19,25,46,22,48,3,20,23,26,2,5,30,36,14,47,16,12,40,33,37,21,9,8,39,15,18,4,34,17,11,29,44,43,42,28,1,35,32,38,41,49,6,0,24,7,27,45
441;116;34791;15898;28,22,32,26,25,47,37,6,27,7,36,44,3,45,1,20,10,31,33,41,17,35,43,38,24,11,2,39,49,34,0,19,46,23,29,18,42,5,30,15,4,8,13,21,9,40,14,16,48,12
442;130;36090;16486;23,10,13,41,11,28,25,49,5,37,6,46,36,35,48,47,29,19,43,33,22,26,2,3,20,0,39,31,30,34,38,45,1,27,44,32,42,21,9,18,14,17,8,4,40,7,24,16,15,12
443;77;22388;10501;26,36,28,18,8,45,5,19,30,13,6,10,47,23,48,37,25,27,4,22,2,35,46,31,3,33,42,20,49,0,32,7,43,14,1,34,12,29,15,11,17,38,41,39,9,24,44,16,21,40
444;110;33548;15357;14,8,24,41,44,27,37,28,29,11,1,13,18,17,5,15,9,21,40,23,46,3,31,48,10,19,22,33,20,30,26,43,6,45,47,42,7,25,12,38,0,49,36,16,39,34,35,32,4,2
445;81;22396;10290;22,4,39,11,37,17,20,34,3,33,29,30,12,31,40,15,9,21,42,16,7,36,8,32,14,18,26,13,47,0,2,43,28,44,6,24,19,25,23,41,35,45,1,38,5,49,27,46,10,48
446;120;36044;17439;1,24,4,11,28,47,44,16,27,9,36,41,25,12,43,48,10,30,5,35,34,45,6,38,39,42,7,49,32,0,2,26,3,22,40,13,23,31,33,21,19,8,18,29,37,17,14,46,20,15
447;117;38487;18145;19,10,26,21,6,45,29,31,22,40,28,23,46,3,20,36,37,25,47,33,32,5,48,7,0,30,8,2,18,14,13,27,44,1,11,17,16,15,4,35,39,43,41,49,38,34,24,42,9,12
448;145;49640;23267;2,18,44,28,27,41,45,43,0,6,1,8,29,49,14,46,38,35,19,40,32,12,9,7,21,4,17,15,16,42,24,11,39,37,5,30,22,13,25,10,47,48,33,36,31,26,34,3,23,20
449;114;36013;17092;37,14,44,9,28,27,40,2,11,41,1,18,29,4,8,15,23,21,19,22,3,48,5,31,20,13,30,33,26,24,17,43,6,45,7,49,47,12,25,35,42,32,38,39,46,34,0,16,10,36
450;112;37236;25781;41,37,34,23,6,19,3,38,28,25,29,11,22,39,44,31,10,20,33,1,45,21,15,42,27,12,40,9,16,24,17,47,26,36,35,30,2,4,8,5,32,43,46,48,13,0,49,7,18,14
451;100;28614;12740;6,25,46,36,47,35,41,30,5,19,43,23,38,48,10,29,37,11,17,1,24,33,28,27,45,44,20,26,31,3,22,49,16,42,13,32,39,12,15,8,4,2,14,7,18,34,0,40,9,21
452;90;23650;10888;11,1,33,20,3,2,28,18,37,22,31,44,41,8,27,49,35,38,43,17,34,15,21,40,39,24,4,9,12,16,42,45,6,0,5,32,46,25,10,14,47,48,13,7,36,26,30,19,23,29
453;92;24899;11057;9,18,36,22,3,47,28,42,12,6,26,4,40,16,14,30,11,39,34,8,17,1,5,24,38,13,35,41,44,43,49,27,25,45,10,19,2,37,33,21,7,46,20,29,15,32,23,0,48,31
454;103;32287;14487;20,22,5,25,23,29,46,30,33,10,19,3,12,48,31,35,6,0,49,16,2,26,47,4,43,36,13,40,8,18,14,7,21,32,15,27,42,37,11,44,38,24,9,1,41,45,17,34,28,39
455;104;28624;12900;27,29,47,35,46,10,19,38,45,23,36,37,11,25,17,0,6,49,2,4,16,15,21,42,12,40,32,9,39,34,7,48,5,30,13,33,24,28,1,22,31,18,8,20,26,3,14,43,41,44
456;125;39737;17676;19,10,12,9,40,15,5,16,47,29,21,23,48,36,25,27,28,30,26,42,34,6,35,38,39,46,49,45,0,32,7,4,14,43,13,17,3,41,44,33,31,8,37,24,11,2,18,22,1,20
457;117;31119;14447;11,44,31,46,23,10,25,27,28,3,20,1,24,22,41,15,12,9,42,2,7,35,6,0,32,43,39,45,49,38,34,30,5,48,33,47,21,37,4,8,40,36,13,14,18,16,26,17,19,29
458;115;34785;16190;37,9,30,28,22,31,11,10,33,20,3,29,17,48,40,5,41,1,24,25,38,21,15,19,46,12,27,23,16,42,45,26,36,47,4,32,39,6,35,8,43,0,18,14,13,7,2,34,44,49
459;116;29888;13933;20,31,46,15,37,29,25,4,23,19,21,33,3,12,10,32,22,2,7,5,16,18,30,47,36,48,8,40,14,26,13,42,17,9,27,35,0,28,6,41,39,44,1,49,43,34,24,38,11,45
460;92;29810;13715;11,31,8,37,33,18,29,49,5,13,14,43,20,35,41,46,10,23,19,22,2,28,44,0,17,3,1,6,27,45,24,7,48,32,26,38,42,25,15,12,39,47,30,16,4,34,36,40,21,9
461;110;29870;13600;25,2,15,18,4,37,42,40,16,12,9,47,29,21,36,7,14,32,0,19,30,33,26,48,46,23,3,10,31,20,22,5,8,13,11,24,43,35,6,1,38,44,28,27,41,45,17,34,49,39
462;115;29904;13305;27,44,12,21,37,4,11,24,9,15,25,1,28,16,41,8,18,14,13,35,34,6,42,38,39,43,7,49,45,0,32,17,29,40,47,3,30,23,19,10,33,26,36,20,2,31,22,48,5,46
463;136;49577;22528;18,10,15,37,4,17,13,21,8,12,9,25,26,40,23,48,33,5,30,46,0,47,19,32,2,29,14,36,16,7,42,49,43,35,20,24,45,31,28,41,39,11,3,44,1,34,22,38,6,27
464;108;29875;13608;22,45,10,44,1,46,28,31,3,23,19,27,6,20,26,47,49,35,36,33,30,14,8,5,48,18,2,13,7,32,0,43,24,41,11,21,42,25,4,40,39,29,37,15,9,34,17,16,38,12
465;128;40990;18706;44,37,10,15,12,23,9,38,1,27,25,41,4,28,11,18,8,21,40,39,34,33,24,26,30,17,20,2,31,3,22,45,43,6,36,0,13,48,19,16,7,35,47,42,46,32,49,14,5,29
466;120;34805;16127;37,23,44,6,45,43,27,24,11,1,28,25,13,41,5,35,36,49,46,39,34,33,10,30,26,38,31,48,20,22,3,2,32,0,8,29,47,4,9,21,16,14,18,40,15,17,7,42,12,19
467;124;38497;17511;28,29,35,23,25,46,6,38,41,49,19,11,37,39,44,32,4,0,7,12,21,45,27,40,15,1,17,9,16,42,24,34,5,43,48,26,14,22,20,31,13,36,10,30,33,2,47,8,3,18
468;117;36029;16515;46,5,25,21,15,12,19,32,23,10,9,48,42,7,28,36,40,16,47,35,0,1,41,49,43,44,24,6,27,45,38,34,30,39,37,4,26,11,20,33,17,8,14,18,31,2,13,22,29,3
469;101;29841;13862;46,30,10,3,22,25,37,36,33,20,31,48,15,23,5,0,11,2,17,29,32,40,21,7,26,19,8,47,18,14,13,16,4,12,42,38,27,9,6,41,24,49,35,39,44,34,43,45,28,1
470;132;41023;18658;14,40,19,29,5,25,13,16,8,46,23,18,43,12,4,49,17,35,42,30,26,20,33,36,47,48,22,10,3,31,2,0,28,6,21,45,24,37,44,9,39,7,15,27,1,34,32,38,11,41
471;112;39711;18322;29,15,17,41,28,24,6,40,45,27,1,21,23,9,19,48,30,5,10,25,34,36,47,38,39,12,16,46,35,49,42,44,37,11,4,22,32,8,26,33,31,14,18,3,20,2,43,0,13,7
472;117;37271;17004;30,8,10,5,20,25,33,36,26,31,48,18,13,47,14,17,29,35,24,6,2,4,12,0,49,43,16,45,42,32,7,23,19,46,37,40,38,3,28,11,39,15,27,9,44,34,21,41,22,1
473;127;39753;18199;48,19,37,18,29,14,41,30,5,11,8,23,46,13,10,38,35,39,34,1,17,33,28,24,27,44,20,26,31,3,22,43,36,47,40,42,49,25,45,12,32,15,9,16,4,7,21,0,6,2
474;124;37290;16998;12,9,3,28,44,20,29,33,37,11,22,15,17,31,21,41,1,24,43,39,34,30,26,14,7,40,18,13,8,4,2,32,16,0,25,36,38,6,45,48,46,19,23,10,5,42,47,35,27,49
475;149;44729;20332;22,11,10,26,31,25,3,5,30,20,23,28,46,48,6,47,19,36,42,49,34,44,43,38,39,35,27,41,1,24,45,33,13,37,8,0,16,12,15,17,7,18,4,14,29,32,2,40,9,21
476;115;38460;17432;9,39,47,46,19,10,40,36,15,21,23,38,27,25,35,30,28,48,26,12,34,45,6,42,16,4,2,49,0,32,7,31,3,20,33,8,5,22,44,37,24,14,18,13,29,17,43,11,1,41
477;157;39851;18412;20,48,36,1,25,47,33,28,31,22,26,10,30,3,23,43,41,5,38,19,42,45,6,35,46,27,7,49,32,0,2,16,4,12,9,18,24,44,37,14,39,21,15,8,13,34,40,17,11,29
478;122;38505;17902;28,23,41,17,29,24,21,44,15,9,11,19,25,1,27,4,40,12,16,6,7,35,42,0,32,46,39,45,49,34,38,43,5,37,48,31,14,36,13,22,26,20,10,3,30,2,33,18,47,8
479;110;33537;15199;15,37,42,23,16,46,12,6,21,29,19,9,25,28,11,47,36,40,43,41,34,1,35,38,39,44,45,49,27,24,17,0,7,32,22,2,14,10,48,26,18,31,20,33,30,4,3,8,5,13
480;105;31078;14197;25,23,16,9,15,40,37,36,42,12,21,19,11,47,46,35,41,5,49,48,38,31,33,34,39,10,3,30,20,22,26,29,24,17,28,32,13,4,8,6,2,45,1,7,44,0,27,43,18,14
481;105;31084;14407;13,8,27,31,33,26,5,1,28,3,20,18,14,22,41,47,19,43,2,9,40,11,37,21,15,44,39,29,17,24,34,4,12,30,48,42,7,23,38,46,0,36,10,35,45,49,16,32,25,6
482;106;31049;14208;8,7,29,39,41,37,43,17,13,5,11,14,32,24,18,28,1,44,6,22,34,20,10,2,0,26,33,3,31,30,48,40,15,21,9,42,49,25,19,36,27,16,12,38,47,45,4,35,23,46
483;124;43417;19670;36,26,38,28,6,35,3,39,16,25,45,47,31,12,30,48,20,10,33,43,13,2,4,14,8,49,0,18,32,7,34,42,19,46,40,29,22,23,41,1,24,15,9,27,44,17,21,11,5,37
484;118;38481;17590;40,29,11,1,27,44,9,4,21,15,28,17,26,37,13,19,23,6,45,20,0,33,3,2,32,22,8,31,18,7,14,24,41,43,12,38,47,5,48,35,30,42,16,39,46,34,49,36,25,10
485;106;33533;15477;9,21,22,1,28,27,6,26,31,3,45,15,40,20,12,32,2,0,7,25,38,19,10,35,49,23,47,46,36,42,16,44,4,43,41,17,30,14,8,37,5,29,11,39,13,34,24,48,18,33
486;111;33550;15369;44,17,20,28,1,40,41,33,22,3,9,11,24,31,37,30,12,26,38,39,34,8,13,0,2,43,14,4,18,32,7,15,29,21,27,46,16,6,25,48,49,23,5,35,10,42,19,36,45,47
487;142;49607;22710;19,37,30,5,48,20,46,26,23,10,33,25,29,36,47,39,11,17,34,9,42,8,14,16,12,13,18,15,21,4,40,31,22,3,2,0,38,28,44,6,43,32,27,45,1,49,7,24,35,41
488;128;39747;18493;11,34,2,37,13,18,29,32,17,14,8,39,5,7,28,46,19,48,30,41,38,6,1,49,35,44,27,43,45,0,24,4,22,33,3,47,21,23,12,10,42,26,20,36,25,16,31,40,9,15
489;135;42222;19231;40,1,25,5,13,30,8,12,18,14,26,9,44,4,41,15,11,37,21,43,47,49,35,16,36,38,17,42,39,34,24,48,46,10,23,0,22,29,19,7,31,45,6,32,33,2,27,3,28,20
490;124;36052;16448;19,47,27,15,37,29,25,45,23,28,21,7,46,6,32,49,11,35,42,36,30,20,33,10,48,26,22,31,3,2,0,5,14,13,8,4,38,44,41,12,39,40,43,16,9,34,18,17,1,24
491;101;34749;15990;15,40,35,11,37,19,17,16,21,29,46,9,39,42,12,44,38,41,24,49,43,14,8,2,4,13,7,18,32,0,34,47,25,36,23,26,1,5,28,31,3,30,48,20,33,22,10,27,6,45
492;137;38571;17627;21,9,14,5,13,18,37,43,11,29,8,15,40,41,17,16,12,4,42,28,24,6,35,45,27,44,49,1,0,32,7,39,38,34,2,31,46,25,19,26,36,3,33,20,47,10,22,48,23,30
493;105;28607;13362;41,28,13,23,5,19,9,14,40,21,15,1,27,8,44,48,10,26,30,29,24,33,37,2,17,18,20,11,31,22,3,7,0,32,6,16,38,46,47,43,49,12,45,42,35,34,4,39,25,36
494;105;33547;15209;19,29,33,37,25,31,23,5,46,10,20,36,21,48,47,42,15,12,16,40,4,13,26,8,18,30,0,14,2,7,32,43,22,3,11,38,17,6,28,44,24,35,41,39,1,34,49,45,9,27
495;133;37320;17114;35,37,1,13,14,27,18,44,8,43,28,49,29,41,11,32,45,6,7,21,42,4,9,16,40,15,39,12,17,24,34,38,30,5,48,20,0,25,19,10,2,3,33,31,46,26,22,36,23,47
496;128;45883;20870;28,49,21,25,23,46,5,42,37,29,19,6,43,15,35,32,40,7,0,11,34,1,44,38,39,9,27,41,45,24,17,16,4,12,13,3,47,30,10,20,31,18,8,22,33,2,14,26,48,36
497;121;36052;16503;40,15,47,44,1,10,28,25,9,27,36,21,29,23,19,3,31,20,22,38,32,46,6,0,7,12,16,45,35,49,42,34,26,39,43,8,17,41,37,5,2,13,30,18,48,4,14,24,11,33
498;137;39794;18355;20,3,30,23,25,5,37,26,36,10,48,31,22,47,33,32,0,2,7,14,18,21,9,4,8,13,15,40,12,16,42,46,29,19,35,24,27,11,6,41,38,43,49,39,44,34,17,45,28,1
499;115;32345;14904;39,48,44,38,29,28,37,24,41,11,1,5,43,17,34,19,23,10,46,18,2,13,8,31,33,14,30,20,22,3,26,4,45,27,9,40,35,25,47,32,0,21,12,16,7,42,15,49,6,36
