0;54;26790;13675;5,20,59,35,13,7,45,6,17,22,27,52,4,26,23,32,9,18,16,46,25,14,44,1,8,29,24,41,11,50,2,49,19,39,37,51,30,42,40,38,31,0,48,3,58,10,36,56,15,53,21,54,55,57,34,47,33,12,28,43
1;60;23257;11376;56,59,2,22,41,39,4,34,45,8,47,10,29,25,3,33,6,23,17,16,9,55,43,35,21,1,52,11,57,36,44,20,49,54,5,30,12,15,19,18,27,38,13,28,37,48,42,26,53,32,50,7,24,40,46,31,51,14,58,0
2;51;23224;11542;20,56,19,9,8,3,7,55,21,31,59,34,35,26,11,36,10,5,6,43,18,15,27,2,14,22,30,39,41,12,28,49,46,0,45,24,51,13,54,37,44,16,53,23,33,29,52,57,38,25,40,58,1,48,42,47,32,50,4,17
3;52;28554;14249;49,23,31,58,46,45,51,12,3,21,36,27,41,47,56,7,30,22,13,43,59,16,29,11,50,38,37,26,53,1,6,54,9,44,55,42,4,33,10,39,28,25,8,32,57,24,15,34,5,17,18,52,14,35,0,48,20,40,19,2
4;52;26784;13408;21,35,4,14,43,36,41,50,39,46,40,22,1,38,24,10,32,7,0,53,27,49,19,9,8,31,51,54,2,16,11,17,56,12,15,33,23,29,6,37,13,28,25,42,55,57,45,20,48,52,34,58,5,3,18,47,44,26,30,59
5;59;30343;15157;17,55,30,20,18,22,19,47,9,44,7,49,10,48,26,51,41,2,29,11,27,58,12,53,24,31,59,16,1,32,21,52,5,50,14,8,33,28,6,54,15,57,3,25,40,56,36,43,42,45,39,23,13,35,34,37,4,46,38,0
6;77;41053;20279;45,57,47,12,15,55,8,25,9,28,1,3,42,16,30,43,0,10,35,23,26,7,53,22,24,59,54,52,34,20,29,13,32,4,14,18,41,2,17,5,56,58,21,40,36,44,39,48,6,31,51,19,11,37,33,50,38,46,27,49
7;65;28610;14356;13,0,9,4,50,51,25,46,33,24,58,6,20,39,32,22,59,48,34,28,40,27,56,29,45,17,31,44,7,54,36,55,19,8,53,52,18,49,15,23,2,1,57,26,35,41,12,16,11,21,14,38,5,43,47,30,42,37,10,3
8;89;46386;22566;19,12,27,46,57,39,29,40,24,22,13,4,1,34,50,58,9,6,11,45,3,15,18,59,16,2,23,35,21,0,31,8,10,26,38,47,20,14,55,17,32,44,33,42,41,25,5,54,30,53,56,48,51,7,36,37,52,28,49,43
9;78;41029;20144;31,13,54,59,44,11,16,1,37,35,10,45,14,0,26,47,58,28,34,38,32,15,29,48,21,6,27,12,42,5,39,23,22,53,7,3,24,50,2,33,9,25,17,19,43,51,55,41,8,49,36,57,40,18,20,30,46,4,56,52
10;66;33920;16977;41,3,18,31,56,8,17,34,46,9,10,26,36,6,59,54,32,20,52,39,40,21,29,27,37,0,38,25,44,35,2,11,49,1,5,16,57,23,28,50,42,14,43,33,58,19,47,48,22,4,13,51,55,45,30,7,53,24,15,12
11;92;44626;22370;56,19,26,7,28,24,32,0,49,23,35,50,29,36,40,14,59,58,6,20,44,39,1,13,37,42,22,55,53,51,34,54,8,17,21,46,11,52,41,5,57,18,47,3,48,15,31,9,25,4,38,16,33,2,10,30,43,27,45,12
12;73;33942;16789;44,18,16,10,33,24,13,31,57,58,34,51,26,0,46,38,20,42,21,11,22,53,55,3,32,9,28,47,17,29,7,48,43,40,54,15,30,39,50,25,4,52,37,23,12,19,1,56,45,27,6,35,49,8,41,2,59,5,14,36
13;80;44623;21881;13,12,15,11,55,52,50,57,24,49,59,10,32,19,7,21,44,2,54,26,22,9,35,27,1,34,41,20,0,37,30,46,23,58,16,56,38,25,47,40,51,18,43,42,33,29,36,14,6,39,5,17,4,31,28,53,48,45,3,8
14;89;53506;26802;8,55,36,44,59,7,14,38,1,27,53,5,19,40,6,2,29,24,9,35,47,18,58,52,12,15,32,26,21,28,4,56,17,39,3,51,13,16,37,33,34,41,46,22,31,50,30,25,23,20,49,42,57,54,11,0,48,43,10,45
15;87;46400;22685;16,56,49,50,24,13,47,46,34,44,21,40,0,39,18,37,6,3,15,30,29,45,35,42,4,26,54,27,8,1,9,5,43,2,52,7,14,17,12,36,31,57,59,51,23,25,20,58,53,33,55,38,28,32,19,22,10,11,48,41
16;78;35721;17472;39,25,1,8,4,16,35,15,33,40,19,58,29,49,10,23,45,54,12,31,32,51,59,14,18,37,44,42,13,11,27,9,28,17,22,38,52,3,21,48,36,20,47,46,55,26,5,0,50,34,43,2,41,57,6,30,24,7,56,53
17;98;53502;26644;11,22,6,28,9,13,5,55,38,21,23,26,47,1,41,46,16,17,49,52,3,29,53,27,44,37,50,8,18,10,54,32,56,0,25,35,7,34,19,57,40,24,36,45,51,42,58,59,15,43,2,12,20,33,14,30,39,4,48,31
18;62;28569;14367;8,35,21,51,40,20,16,56,24,42,19,0,57,58,54,39,37,31,1,44,47,26,34,7,15,14,30,23,2,22,18,6,12,5,9,10,27,59,13,55,36,45,17,50,43,25,4,11,52,53,46,28,3,38,48,32,33,29,49,41
19;58;33908;16873;0,1,42,32,6,45,40,36,15,53,38,22,33,18,23,31,26,19,51,34,10,25,57,3,30,35,47,58,4,39,11,37,17,16,46,14,54,50,44,21,24,12,43,27,48,28,2,52,41,9,20,5,55,13,29,49,8,59,7,56
20;102;53540;25959;33,8,57,52,54,31,29,26,56,41,28,11,10,4,27,43,14,30,36,7,22,38,19,17,6,23,45,3,58,47,42,2,9,48,16,25,0,21,5,40,59,18,39,44,46,49,1,37,35,32,51,20,12,34,15,24,55,50,13,53
21;87;46372;23327;52,16,33,7,20,49,10,38,4,37,34,42,0,15,36,19,51,3,30,57,22,17,32,56,44,14,54,13,45,43,53,40,9,25,23,18,21,55,41,24,12,50,58,31,48,11,59,26,29,28,2,6,27,5,46,39,1,35,47,8
22;70;33924;17009;35,32,54,12,55,43,50,24,34,0,2,14,53,46,21,18,16,57,19,36,56,7,22,13,20,39,26,44,38,29,15,49,28,48,37,45,6,58,10,31,5,42,51,33,8,30,25,47,52,59,11,40,4,9,41,27,3,23,1,17
23;166;112259;54769;34,37,23,53,26,57,22,55,46,0,10,15,18,11,52,3,30,14,32,25,33,45,44,31,56,1,42,47,39,50,4,6,54,2,59,8,21,38,40,17,36,58,48,49,28,19,27,24,13,20,51,12,41,7,35,16,5,43,29,9
24;73;33930;17180;31,14,34,5,26,57,15,36,23,11,12,0,22,2,9,56,29,53,13,25,41,35,48,45,54,51,32,3,58,49,40,24,28,38,52,16,8,27,18,7,50,43,17,10,46,1,55,20,44,30,39,6,59,42,33,37,19,21,47,4
25;68;32136;16164;45,16,44,52,43,37,48,25,51,58,41,54,3,32,0,47,46,1,5,30,9,15,20,53,59,6,10,31,27,28,26,17,19,12,4,49,23,8,55,14,18,7,33,36,38,56,22,2,21,34,50,39,24,42,40,13,11,57,29,35
26;93;51748;25924;2,41,44,55,15,12,58,25,27,49,45,10,43,11,24,9,31,13,51,59,26,29,16,5,53,38,0,22,21,34,54,47,28,20,50,35,23,14,19,46,39,40,33,8,1,17,18,32,30,7,42,3,56,36,37,6,48,52,4,57
27;102;55316;27111;29,42,2,36,44,40,27,50,13,52,3,21,51,26,7,47,31,28,16,18,20,41,30,55,43,5,1,6,54,39,49,11,22,56,48,0,4,38,35,33,9,12,14,32,57,24,46,58,59,53,17,23,45,8,15,10,34,25,19,37
28;71;33933;16910;4,52,2,22,56,0,19,51,31,25,59,20,9,42,47,5,24,14,57,15,18,45,39,49,17,50,37,13,28,40,44,55,38,53,46,30,33,43,41,8,34,3,6,23,48,35,36,26,7,58,29,10,1,21,11,16,32,12,27,54
29;92;48170;24221;56,42,15,7,41,11,20,17,47,45,55,49,14,52,34,16,50,9,39,59,37,51,40,22,13,38,48,32,4,3,5,53,29,44,12,21,36,23,1,30,35,25,18,58,27,43,24,10,8,33,46,2,54,26,57,31,6,28,19,0
30;62;30371;15369;15,54,33,34,25,52,22,42,3,36,0,35,7,18,57,58,59,9,10,55,12,19,43,53,51,41,11,4,2,26,17,39,48,28,45,50,21,1,29,37,47,31,44,16,5,20,13,56,32,24,27,23,6,30,38,49,14,8,46,40
31;77;35728;17632;48,43,9,45,29,18,59,53,13,20,57,25,52,5,55,14,3,12,21,8,32,22,40,15,19,10,34,7,46,35,28,37,4,33,49,36,23,16,56,27,38,51,6,26,47,58,42,24,17,54,0,50,2,31,41,44,11,30,39,1
32;144;83832;41057;59,17,38,41,25,27,23,46,31,43,12,3,28,10,7,44,47,40,4,53,56,13,52,20,57,49,2,22,33,50,14,54,29,0,19,5,45,51,24,15,16,42,35,9,21,36,34,11,6,55,8,39,1,18,26,30,32,48,37,58
33;71;37480;18438;52,36,56,4,37,48,28,41,39,0,26,47,42,2,21,43,51,5,59,3,1,34,19,9,44,13,8,6,55,29,45,15,22,57,20,50,35,12,23,33,46,54,18,58,10,32,49,17,24,7,31,30,38,25,27,16,14,40,11,53
34;93;53502;27088;36,51,30,16,55,48,27,26,9,11,53,8,28,58,49,46,22,59,29,39,34,50,32,13,40,37,4,57,45,25,14,44,41,54,7,38,12,5,24,3,15,43,42,35,1,6,33,52,23,18,31,47,10,21,19,20,2,17,56,0
35;80;33971;16745;55,39,21,6,33,2,34,19,30,56,29,38,54,57,22,24,27,12,23,43,28,59,53,32,44,17,50,15,40,8,20,4,18,9,49,1,35,31,58,3,0,10,42,16,48,41,11,26,13,45,52,51,5,46,37,25,47,36,7,14
36;107;62406;29868;18,22,59,42,2,5,4,34,56,55,13,45,6,7,43,3,29,50,57,44,58,0,51,16,47,14,52,21,53,11,12,10,35,41,23,24,17,39,37,33,30,46,9,28,1,40,15,26,8,36,38,27,32,20,48,25,19,31,54,49
37;64;33925;16525;1,42,16,44,32,2,47,33,20,19,46,56,43,48,45,24,10,4,18,12,34,13,39,0,23,54,58,31,8,27,22,9,59,49,25,15,3,17,41,11,35,53,28,50,36,51,5,37,21,30,6,52,38,55,29,57,40,7,26,14
38;90;60590;29137;7,2,10,24,0,49,53,6,33,3,55,37,20,47,42,45,16,54,13,40,17,26,19,39,29,25,46,9,5,51,41,23,32,30,48,31,15,34,8,35,50,21,18,59,36,22,58,4,14,28,27,57,56,12,38,11,1,52,44,43
39;66;33924;16759;55,39,36,43,14,56,33,26,35,24,19,58,40,10,3,32,28,27,16,44,11,30,53,4,57,15,8,20,54,49,5,9,42,25,29,23,22,37,2,18,17,48,1,50,45,31,38,34,51,46,21,47,6,59,52,12,7,13,41,0
40;75;37485;18646;11,43,23,49,30,50,5,39,51,47,4,27,1,52,44,55,7,21,18,24,54,16,32,40,22,15,56,26,6,25,57,12,58,10,35,2,46,36,20,41,31,19,37,38,17,14,48,3,8,34,0,13,59,45,53,28,29,33,9,42
41;68;30359;14937;6,41,50,59,48,39,22,4,49,56,14,9,52,32,5,36,11,12,20,40,53,28,35,45,8,43,23,54,18,55,21,58,16,7,57,51,15,29,19,26,42,1,25,34,37,10,27,13,46,30,31,17,2,47,44,33,38,24,0,3
42;151;82055;39954;29,19,56,18,5,35,16,22,4,37,26,14,51,21,49,42,30,47,34,15,9,50,57,44,39,55,25,1,45,20,23,48,31,41,46,8,2,13,0,27,53,17,54,7,38,6,3,52,28,59,24,40,11,58,36,32,43,12,10,33
43;94;44658;21778;43,26,17,32,12,10,0,57,5,59,48,16,4,51,45,27,54,22,25,1,44,14,35,24,37,53,34,9,7,36,23,30,2,13,42,31,15,8,29,49,39,38,28,40,21,56,3,47,46,55,6,33,11,52,18,50,41,20,58,19
44;87;48178;24079;27,49,5,37,29,54,51,58,23,22,52,13,36,43,47,12,55,41,11,3,25,35,9,45,16,2,31,24,28,34,15,19,10,4,38,17,57,26,6,33,14,0,7,21,46,39,53,40,18,30,8,1,42,59,48,20,44,50,56,32
45;71;35713;17871;27,37,40,42,43,0,58,9,59,33,47,8,55,18,24,25,20,11,30,5,52,16,4,56,31,50,17,29,23,44,36,21,49,48,57,45,46,2,34,14,10,3,19,6,51,28,39,12,38,54,15,13,22,1,53,32,7,41,35,26
46;67;33913;17308;40,24,21,41,56,53,4,6,29,10,2,34,13,28,22,3,52,1,30,8,43,33,54,35,38,50,47,31,15,48,12,14,11,45,17,23,0,57,26,36,49,51,16,18,39,25,42,44,9,58,5,27,37,32,19,7,46,55,20,59
47;60;32111;16621;52,7,40,41,17,25,30,54,12,6,57,10,47,50,58,0,49,31,43,36,22,48,51,24,5,55,20,38,21,39,42,19,44,45,27,13,33,34,32,46,8,29,37,35,11,14,15,59,23,2,3,1,9,16,53,56,18,26,4,28
48;99;49981;24582;13,0,1,22,37,29,46,42,17,19,59,6,39,16,20,53,21,56,54,38,10,11,31,3,28,52,5,58,41,35,49,57,15,55,23,27,34,14,32,2,36,25,12,9,48,8,45,44,40,50,33,30,47,18,7,4,43,51,26,24
49;102;53520;26358;40,34,15,31,3,30,37,16,29,58,24,27,26,51,45,46,12,18,57,59,32,7,2,14,8,6,35,22,43,4,13,38,47,28,5,54,23,17,9,19,49,52,50,21,53,56,42,0,39,48,10,55,25,33,11,1,44,20,36,41
50;110;62414;39753;10,19,48,29,59,16,58,28,46,24,42,3,54,57,11,40,4,52,20,53,0,13,43,22,9,47,1,5,18,25,39,35,32,2,17,7,14,38,56,26,31,41,44,49,55,51,21,33,37,23,12,15,34,50,6,45,36,30,8,27
51;141;90896;58107;49,35,10,14,28,2,15,42,50,44,56,4,3,29,43,8,19,9,5,23,21,30,1,12,7,33,18,16,58,52,40,31,55,24,27,39,41,45,11,6,37,47,26,53,38,20,13,51,54,59,32,25,0,36,48,17,57,46,22,34
52;94;49958;25611;56,32,6,42,58,50,25,0,24,37,39,12,22,36,11,7,3,29,1,26,14,40,47,23,16,55,5,38,4,19,49,31,34,35,54,17,33,13,48,21,45,9,10,15,41,44,28,43,57,53,59,46,51,30,8,18,52,27,20,2
53;168;106951;52183;12,7,16,51,43,11,46,25,14,57,23,52,31,59,30,32,9,24,27,28,40,50,34,48,22,18,55,39,6,0,21,45,56,42,4,13,37,49,44,5,38,29,35,58,47,1,2,41,26,17,3,33,53,15,10,8,54,36,19,20
54;78;42818;21089;27,46,45,1,30,0,12,54,15,2,57,19,13,3,9,25,48,6,10,36,44,31,28,4,32,52,59,55,34,35,33,38,22,24,17,23,53,47,7,51,40,29,41,58,16,8,42,43,14,21,56,50,49,18,39,5,11,26,37,20
55;88;48184;23598;26,41,55,3,17,32,29,28,2,9,43,12,35,18,48,56,27,49,24,57,40,20,14,4,44,45,37,1,33,58,42,15,25,11,16,31,8,7,59,46,21,6,0,5,30,54,50,19,39,34,38,36,53,23,22,47,51,13,52,10
56;90;51718;25812;28,52,57,29,24,30,26,54,13,34,56,21,44,59,6,42,45,0,12,2,11,50,32,55,48,1,3,31,37,4,33,17,22,10,53,15,58,5,19,16,51,38,47,39,23,14,46,43,27,25,8,36,20,7,35,9,49,18,41,40
57;91;46411;22949;38,42,17,52,53,48,12,7,40,6,39,54,49,59,34,4,18,15,36,10,19,33,11,44,0,16,30,50,57,56,27,3,32,25,9,55,23,29,47,35,1,41,24,37,31,20,8,13,46,58,51,14,28,5,45,26,2,21,43,22
58;75;35711;17582;23,4,20,40,2,33,8,51,12,56,17,52,16,35,5,9,41,18,43,0,58,25,44,28,14,48,36,27,59,34,50,45,19,53,46,21,30,57,55,47,15,49,13,3,32,42,6,26,29,31,54,24,1,7,11,38,22,39,10,37
59;96;55287;27284;15,52,48,43,4,28,8,54,35,55,26,58,1,2,49,19,29,38,11,20,44,53,30,50,36,7,39,10,40,25,0,42,9,14,57,23,41,27,3,33,34,18,6,24,46,22,13,32,16,59,56,21,17,45,5,47,51,37,31,12
60;105;55313;27516;14,41,20,11,1,30,13,33,8,3,10,45,46,50,6,21,27,2,12,35,22,34,40,5,37,53,47,36,9,26,38,7,0,55,23,54,4,25,39,49,43,16,48,31,24,32,59,56,17,15,57,18,29,42,19,58,44,28,51,52
61;60;26801;12985;54,44,50,28,47,16,36,3,15,32,57,12,38,27,25,55,6,43,42,30,20,41,56,24,17,2,35,48,33,14,34,58,53,0,46,5,1,45,52,8,29,9,59,51,13,10,31,19,7,39,21,26,11,18,4,23,37,22,49,40
62;55;28550;13982;0,20,58,49,9,17,13,3,2,11,59,33,40,35,19,25,10,48,50,37,34,45,44,31,6,1,27,51,28,39,18,55,26,54,29,15,41,7,32,8,52,56,30,21,46,53,14,43,47,42,16,23,22,38,57,36,12,4,5,24
63;90;55269;27187;55,49,45,35,54,41,18,14,5,42,7,40,12,10,16,8,43,34,0,59,11,44,53,22,47,32,3,48,39,24,27,29,2,50,38,25,23,13,57,9,30,58,6,33,21,4,15,56,36,46,37,20,28,17,1,51,19,31,52,26
64;95;42882;20897;28,21,52,0,51,53,45,29,44,10,14,40,1,43,37,59,41,33,57,15,26,12,4,16,2,58,9,47,8,19,36,56,11,30,42,39,18,48,7,20,35,6,49,13,23,55,17,38,27,50,5,54,46,31,22,3,34,32,24,25
65;91;46403;22865;53,43,46,30,13,25,24,11,47,6,16,12,2,28,59,17,45,9,5,0,42,20,26,38,8,37,15,40,58,41,22,21,34,50,57,33,7,55,1,18,31,10,32,56,3,52,27,49,54,19,4,51,14,39,23,44,36,35,29,48
66;50;21444;10590;30,40,3,41,19,11,26,45,37,53,43,6,0,49,48,18,31,21,51,27,57,34,7,29,56,42,33,50,8,9,38,24,14,22,20,15,13,55,44,23,1,25,35,32,54,5,59,17,12,28,39,36,46,4,16,58,10,2,47,52
67;70;30382;15227;22,52,3,12,35,42,58,29,31,26,45,21,0,2,51,23,17,13,40,9,32,15,24,4,10,34,44,6,19,16,59,25,41,37,30,57,14,39,27,36,5,55,20,28,1,7,53,43,46,8,50,38,18,11,54,33,47,56,48,49
68;73;39270;19131;6,10,23,52,44,40,21,45,9,38,54,18,22,42,31,24,20,1,58,28,53,57,3,41,8,59,39,46,19,56,2,29,25,51,13,33,48,27,0,55,50,11,26,14,30,37,16,17,49,36,47,5,43,35,4,34,15,7,32,12
69;72;37487;18761;2,34,38,5,49,40,26,58,48,53,28,47,11,46,14,42,13,4,7,21,56,54,0,12,25,22,43,24,8,52,33,37,9,51,23,30,27,15,20,45,17,16,29,41,36,6,3,59,57,44,18,32,10,55,35,50,1,31,39,19
70;131;74901;36848;16,11,49,48,4,7,14,54,38,20,9,33,24,50,39,17,45,44,31,57,42,51,47,43,52,58,37,29,41,19,28,46,3,1,5,55,36,15,2,53,23,18,21,59,0,30,12,32,25,6,35,34,56,22,10,13,8,27,40,26
71;94;42866;20791;21,28,39,49,26,25,27,40,31,0,34,4,38,55,46,59,30,29,13,56,11,58,16,33,51,20,45,12,52,57,35,42,47,36,5,50,14,15,18,53,54,2,7,43,9,44,37,24,17,8,48,10,3,23,22,1,41,6,32,19
72;80;41052;20049;39,46,19,27,22,42,36,14,12,52,9,32,35,1,51,38,31,8,40,28,41,48,10,55,15,4,16,23,3,37,45,56,33,25,5,34,6,17,18,24,2,44,20,49,0,30,50,26,57,59,21,54,47,29,13,11,53,58,7,43
73;32;14312;7209;23,35,10,33,42,49,41,45,14,36,54,39,29,22,9,19,59,0,17,44,6,1,12,18,8,13,58,37,16,32,21,25,43,38,27,40,3,34,56,46,24,47,11,55,5,50,7,48,2,28,31,15,52,51,57,30,26,4,53,20
74;72;35707;17767;20,11,8,33,7,27,6,15,49,51,31,17,1,52,58,0,42,53,22,56,41,35,57,45,4,50,12,32,30,59,37,2,9,48,24,21,38,10,40,44,25,47,28,36,43,18,16,34,39,13,54,46,5,26,23,3,55,14,29,19
75;76;35739;17504;8,44,20,56,34,37,49,11,53,41,14,28,16,5,2,12,3,30,57,19,32,7,4,25,17,18,58,31,29,48,43,55,10,42,24,39,46,36,45,38,35,26,13,59,22,0,23,47,54,21,50,9,51,52,33,1,15,27,6,40
76;51;23212;11170;29,20,28,47,48,19,2,10,13,40,27,39,1,8,26,52,12,38,34,37,44,50,58,54,55,16,45,22,17,9,57,35,24,33,5,4,31,21,36,49,7,43,51,46,15,56,14,53,0,59,18,25,32,23,30,6,11,41,3,42
77;49;23225;11824;23,26,51,46,27,37,17,50,57,15,22,34,7,29,42,43,54,8,32,45,5,28,38,56,13,1,49,35,14,18,12,59,48,24,25,36,21,20,10,6,30,44,9,4,53,19,33,55,11,31,16,52,41,39,0,40,58,2,47,3
78;84;41064;20171;25,55,31,58,48,37,0,51,36,4,20,57,43,40,34,29,56,7,47,35,32,46,42,45,6,11,5,8,17,54,18,53,49,21,26,2,59,19,10,52,28,27,16,38,23,14,24,3,9,13,1,33,30,39,12,15,41,44,22,50
79;58;26795;13337;41,1,22,7,3,14,19,44,8,0,54,50,29,55,34,57,37,35,38,9,49,58,20,26,6,12,43,23,2,33,27,48,52,15,45,59,46,30,53,13,18,51,47,4,17,25,21,28,36,10,39,16,31,5,32,40,24,42,56,11
80;123;76661;37456;6,29,49,12,44,52,4,8,31,20,55,15,17,21,28,0,26,13,14,56,32,19,43,53,57,58,18,47,34,46,45,25,9,42,35,7,59,23,1,27,11,37,40,38,30,22,39,16,36,48,5,2,24,10,3,50,51,33,41,54
81;90;60592;30349;19,53,54,32,11,10,0,38,6,43,2,8,44,7,49,35,45,3,31,21,4,26,5,34,40,14,47,18,28,17,51,1,9,25,59,46,39,16,56,33,27,23,55,22,36,20,42,13,12,41,48,58,37,30,29,15,50,57,24,52
82;90;48168;24289;43,36,13,12,40,3,4,45,25,1,34,15,37,31,27,33,57,58,42,20,11,18,29,35,16,23,26,59,48,38,6,14,10,22,7,53,24,55,51,54,49,21,41,5,9,56,50,32,30,8,17,0,44,28,52,46,47,2,19,39
83;85;44614;21877;3,56,35,1,13,7,6,40,58,50,16,14,0,33,11,53,45,47,42,22,34,27,44,10,32,37,52,28,36,51,21,38,20,8,5,29,19,18,48,57,30,31,26,12,15,4,54,9,43,23,46,55,49,59,39,2,24,17,41,25
84;71;37473;18270;58,53,42,44,22,39,31,17,14,41,50,15,25,3,33,23,30,34,47,38,0,10,16,2,43,57,5,59,7,36,49,55,1,21,29,37,12,8,20,6,11,54,9,26,32,4,45,19,40,46,52,24,28,13,51,35,48,27,18,56
85;84;44627;21766;56,34,20,43,29,54,17,21,25,42,0,46,37,36,9,57,53,16,59,41,11,13,52,2,26,18,12,3,39,8,38,1,22,33,48,10,50,45,47,23,44,58,15,30,14,28,5,55,27,6,4,19,24,7,31,35,40,49,32,51
86;87;41056;20464;59,42,19,11,39,36,29,7,43,47,4,51,13,34,3,12,16,58,50,10,22,24,14,28,2,31,57,40,37,41,8,9,6,55,20,45,38,33,26,56,1,52,53,23,18,15,21,0,17,54,49,46,25,27,30,5,44,48,35,32
87;66;28597;14114;20,3,43,58,59,57,55,6,17,9,13,34,21,11,32,36,15,10,40,38,37,47,28,12,0,1,44,56,52,22,30,5,46,23,31,4,25,39,27,45,19,53,16,42,8,48,24,51,41,50,7,29,54,14,18,49,2,33,26,35
88;51;23238;11236;4,1,25,11,55,39,38,6,13,51,34,24,52,40,45,2,54,15,12,26,43,28,7,37,10,47,8,56,33,29,53,42,48,44,5,36,59,14,41,20,22,16,49,9,46,0,50,32,3,27,23,30,58,18,57,19,17,35,21,31
89;62;25025;12674;5,13,1,29,26,17,58,43,50,12,2,6,34,46,35,25,7,23,9,48,4,18,54,44,53,56,15,20,14,24,31,59,22,11,51,52,21,8,0,45,39,16,49,41,36,27,55,19,3,33,28,30,10,38,57,47,42,40,37,32
90;78;41045;20182;43,25,56,35,55,54,21,12,17,13,59,2,50,44,41,32,45,47,30,42,34,14,10,52,7,28,3,8,20,40,6,27,15,58,33,31,18,24,48,57,53,38,0,5,39,19,26,16,22,49,37,46,1,36,4,51,23,11,29,9
91;92;55266;27412;59,30,6,48,14,24,50,41,8,3,32,15,55,10,21,27,33,9,25,58,34,42,29,37,7,23,18,43,35,44,45,16,47,57,52,49,53,1,56,20,39,13,28,4,22,19,11,51,36,46,5,31,40,2,0,17,54,38,26,12
92;98;49976;24296;18,48,58,29,19,16,56,11,25,43,36,28,26,1,39,40,38,35,41,10,22,7,34,53,20,24,46,51,2,3,59,31,12,57,14,23,30,54,52,17,8,45,0,13,27,5,44,6,21,15,50,42,33,4,32,9,37,47,49,55
93;68;33921;16794;42,45,15,57,14,36,37,34,23,56,26,53,48,46,30,35,59,52,6,20,10,49,25,40,28,32,41,4,50,51,22,33,24,18,17,27,0,12,19,11,21,13,54,44,1,39,7,9,3,38,16,58,47,5,8,31,43,29,2,55
94;69;33918;16810;12,10,52,17,53,35,44,1,59,6,45,47,31,25,37,27,3,42,55,30,26,9,11,5,16,50,2,32,33,43,58,19,40,20,4,13,18,0,14,23,8,29,21,57,54,28,7,41,39,49,38,46,56,36,24,48,34,15,22,51
95;81;46385;23202;53,39,22,6,11,58,0,33,31,26,46,23,43,13,14,56,17,4,52,19,12,15,59,47,24,27,37,29,44,48,21,30,28,1,51,35,8,36,32,18,2,16,38,42,57,5,9,41,25,7,49,20,45,3,50,55,54,40,10,34
96;69;33918;16806;47,27,37,3,5,33,24,54,17,6,55,15,41,43,52,56,20,50,2,23,44,12,51,1,35,10,57,26,38,25,4,14,34,0,13,8,31,30,22,39,11,18,32,42,48,58,45,40,19,59,49,29,53,9,36,28,7,46,16,21
97;125;69554;34175;40,53,7,26,19,35,6,18,25,10,46,33,24,58,22,42,51,43,55,50,56,41,29,28,49,17,59,3,23,21,44,34,15,0,47,45,38,32,37,48,1,20,36,39,12,2,5,11,8,14,52,57,30,4,13,27,9,54,16,31
98;84;42832;21026;15,36,1,0,40,2,23,3,55,39,38,4,47,24,20,54,18,43,42,9,34,58,12,48,19,57,44,28,22,13,53,49,25,5,17,8,41,11,51,14,29,52,31,21,33,35,30,10,7,37,56,45,32,16,50,26,6,46,59,27
99;62;30351;15014;42,40,14,55,19,48,36,47,33,16,58,56,10,0,53,7,6,46,3,4,41,13,32,28,23,12,39,49,25,26,57,11,44,52,54,9,15,38,34,30,17,22,45,31,21,24,5,1,59,2,51,29,50,37,20,8,43,18,35,27
100;55;26791;13144;43,18,46,21,40,11,35,9,15,38,25,10,36,57,20,41,55,53,22,31,6,0,42,51,5,34,26,14,1,39,8,58,44,37,13,23,47,33,32,2,59,48,3,7,24,17,45,16,49,56,30,54,28,27,19,12,29,50,52,4
101;104;55308;26842;55,19,30,51,27,33,54,25,31,10,37,11,3,29,32,6,14,8,36,34,56,46,39,58,50,35,49,16,9,26,13,42,47,43,28,45,17,21,12,24,1,22,20,2,5,41,53,0,57,59,38,4,52,15,48,7,40,23,18,44
102;45;21434;10606;36,7,10,51,53,32,1,38,29,15,23,11,6,44,34,48,31,3,30,12,43,4,47,57,2,17,42,0,33,58,14,22,19,18,16,46,27,45,13,50,52,35,21,37,56,26,59,41,40,5,8,24,25,49,54,55,39,9,20,28
103;79;41037;20063;38,24,30,22,58,23,8,10,15,7,39,59,37,18,49,42,52,26,9,20,4,36,35,54,27,56,16,44,11,55,0,13,41,21,29,45,5,46,12,31,19,6,32,17,34,1,51,53,48,14,33,40,43,50,3,25,28,2,57,47
104;140;80261;39966;26,10,25,4,14,46,20,8,23,29,36,42,40,44,39,52,1,3,47,17,48,13,28,0,7,45,37,57,51,18,38,56,24,58,21,9,31,2,12,16,5,6,43,27,15,49,53,50,54,11,33,34,35,59,41,22,55,30,32,19
105;103;58850;28536;1,33,57,47,50,32,15,39,2,37,20,21,5,56,7,51,23,10,45,14,40,22,48,3,13,36,43,24,16,34,46,42,12,53,38,27,29,25,18,17,31,41,9,8,11,54,52,19,44,30,55,35,26,49,28,4,0,59,58,6
106;60;28580;14289;18,17,45,32,6,48,13,25,36,33,14,26,52,42,1,12,44,24,57,50,3,5,43,49,53,19,56,30,55,16,8,37,4,22,29,9,59,7,41,51,31,58,39,15,47,11,35,34,23,0,38,46,40,28,10,2,21,27,20,54
107;72;32163;16006;17,52,25,51,6,49,11,9,38,22,27,42,3,4,34,5,48,55,36,33,53,56,29,59,7,37,35,57,40,39,41,24,26,16,15,8,2,47,1,18,50,54,10,45,46,31,21,28,30,44,13,58,0,12,32,23,14,20,19,43
108;81;41057;20496;52,0,15,10,36,49,30,48,51,14,33,50,58,47,19,16,4,41,21,54,24,3,6,1,18,43,26,55,12,35,39,2,29,23,25,17,8,53,56,42,46,7,22,38,5,57,11,37,9,34,13,45,59,31,27,28,44,20,32,40
109;61;32106;15810;4,14,44,5,11,53,33,23,56,52,29,38,3,15,22,39,16,13,32,51,19,17,58,36,55,40,21,12,25,45,46,26,1,57,2,49,35,37,41,8,50,34,30,24,54,20,31,47,18,7,27,10,48,59,0,42,9,28,6,43
110;57;26789;13004;2,28,42,11,16,23,52,59,46,57,5,3,6,54,36,32,40,39,44,38,25,29,26,12,55,41,27,56,34,10,21,33,0,4,9,30,50,48,37,18,22,8,20,58,49,17,43,15,51,53,13,14,1,19,45,35,31,7,24,47
111;91;42865;21680;2,58,17,11,51,27,52,56,13,49,21,35,44,34,22,12,4,48,37,1,10,50,32,38,31,5,39,40,46,6,33,42,18,23,53,7,28,54,36,0,3,47,26,55,24,20,43,15,57,16,45,14,19,29,9,30,59,25,41,8
112;66;32146;15868;51,56,0,53,24,45,54,49,33,32,8,17,14,29,13,31,23,52,55,5,37,57,43,4,30,12,25,26,48,16,18,28,20,27,58,7,10,38,40,59,46,35,36,34,50,1,6,19,22,11,3,15,9,44,39,21,42,47,41,2
113;78;35718;17648;12,40,13,51,11,3,7,56,59,37,17,5,24,9,25,35,2,20,50,38,18,44,33,27,41,23,19,48,22,36,10,54,6,39,0,55,34,1,53,8,4,30,52,46,57,28,29,32,49,47,42,14,45,16,15,31,58,21,26,43
114;114;71299;35258;54,42,47,26,36,55,51,8,0,57,7,56,29,1,30,14,34,10,39,28,3,48,41,24,35,45,18,38,23,21,6,17,53,12,4,46,13,40,37,5,16,15,58,32,27,43,11,20,49,50,9,2,33,25,59,22,44,31,19,52
115;72;37480;18286;56,28,4,19,43,29,51,53,23,9,18,54,17,14,25,24,45,38,42,49,33,32,10,30,41,1,20,39,12,26,11,57,22,27,50,34,7,21,0,55,15,52,2,46,59,40,3,16,47,5,13,31,44,6,48,8,36,58,35,37
116;76;37487;18360;42,22,24,16,4,11,59,18,33,0,55,45,20,46,29,6,23,43,26,38,10,54,37,28,15,12,2,57,32,41,8,44,14,9,48,39,3,58,5,17,13,21,30,34,19,36,31,1,7,50,52,25,56,47,51,27,49,53,35,40
117;130;74909;36509;40,32,56,58,22,28,12,17,27,57,59,26,54,24,8,6,55,42,15,48,18,34,5,51,3,47,31,20,14,45,36,1,43,53,33,0,7,38,4,35,52,44,19,23,10,9,46,41,2,49,37,11,29,30,21,25,50,13,39,16
118;85;51719;25926;25,44,27,52,10,40,23,39,33,28,58,13,48,59,20,6,4,8,36,53,19,22,54,29,18,3,38,51,7,35,16,12,43,24,21,15,42,41,0,30,17,2,49,1,34,37,47,46,45,57,50,31,32,55,56,9,11,26,14,5
119;82;42820;20764;18,41,36,12,52,2,21,17,13,0,59,42,53,29,15,22,43,26,5,38,51,45,44,28,10,7,9,47,39,57,49,19,31,55,25,14,58,23,35,33,40,32,6,37,16,4,50,30,24,11,27,20,3,1,54,34,48,56,46,8
120;90;46385;22626;43,7,20,26,51,48,1,50,15,10,46,56,22,45,27,16,49,52,58,11,0,54,41,59,30,35,24,9,5,44,21,8,14,39,38,33,25,13,6,42,53,17,55,31,29,4,23,34,28,57,36,19,12,2,47,18,37,40,32,3
121;100;50000;24967;19,16,55,32,53,7,3,18,36,54,42,56,24,0,26,46,43,35,15,52,1,25,34,39,29,5,6,58,11,13,22,9,14,23,4,33,38,50,41,30,27,49,59,8,47,48,37,44,51,31,21,45,12,40,10,20,17,57,28,2
122;103;58868;28798;55,7,54,34,11,6,17,21,45,26,31,4,52,10,58,37,33,56,43,36,22,48,2,47,27,49,8,57,5,30,18,19,9,51,15,38,24,46,29,39,13,0,28,53,14,12,41,25,20,1,23,42,3,35,32,50,40,59,16,44
123;66;37453;18296;44,1,30,56,57,45,25,47,13,36,14,4,10,16,40,54,24,22,53,33,19,38,50,34,49,46,8,35,59,43,31,2,6,52,32,27,0,28,12,48,5,23,39,37,20,55,7,11,15,58,42,9,18,17,51,3,41,21,26,29
124;44;19666;9298;37,4,15,7,0,16,13,44,36,20,21,2,30,25,38,3,19,22,47,48,5,40,14,27,59,55,17,52,56,51,39,43,46,18,58,54,57,8,26,28,23,45,9,6,35,34,1,31,41,42,24,11,53,50,12,33,10,49,32,29
125;78;39281;19431;6,4,16,57,33,31,27,15,7,14,48,37,49,47,19,53,5,28,21,2,41,1,56,59,24,46,50,9,10,43,36,38,8,54,35,34,42,3,18,39,30,51,44,32,58,55,23,0,12,22,13,26,29,45,11,52,17,20,40,25
126;80;35720;17889;34,26,49,39,56,47,30,14,16,57,46,1,52,59,27,38,43,50,10,53,24,9,12,11,51,40,35,58,0,31,3,19,18,25,13,33,29,55,42,23,54,7,28,8,17,37,6,32,36,22,45,2,41,15,5,4,20,21,48,44
127;79;42820;21041;17,19,3,51,54,55,35,44,29,23,0,42,8,36,1,57,32,37,13,33,22,12,10,4,50,58,7,20,48,16,38,34,43,15,53,5,49,45,41,39,18,26,14,25,40,11,31,30,21,47,2,6,9,27,46,59,56,28,52,24
128;57;25022;12357;8,24,21,44,56,4,34,22,48,18,42,57,29,38,59,7,50,30,9,46,43,20,16,25,15,31,37,49,26,41,11,19,33,51,47,36,39,5,27,53,35,0,28,13,23,2,3,40,17,1,52,45,54,55,58,6,10,12,14,32
129;62;33916;16836;48,32,26,38,57,17,11,30,42,21,0,14,53,1,23,28,19,59,25,52,29,54,41,51,34,39,4,35,33,10,31,18,20,27,5,45,7,9,6,37,56,24,36,16,12,13,15,22,58,8,2,50,49,46,47,55,3,40,43,44
130;97;53513;26631;32,41,45,36,9,24,49,59,51,27,11,12,19,8,20,22,0,54,4,39,43,7,29,33,56,57,42,37,30,44,53,31,35,5,38,2,14,18,46,17,23,40,48,34,6,26,15,1,50,47,13,3,28,16,25,58,55,52,10,21
131;43;17890;9276;38,0,16,48,36,20,43,41,14,32,39,50,31,42,22,7,49,15,27,56,40,58,8,1,9,54,57,28,47,2,29,45,25,19,13,6,21,18,33,37,24,55,34,26,5,52,4,12,17,10,59,30,3,35,44,46,51,23,53,11
132;64;26808;13223;14,0,10,19,48,13,2,55,11,23,51,1,44,39,41,8,26,12,58,20,32,17,50,21,6,33,56,59,24,43,31,34,7,35,29,38,18,45,16,49,52,3,37,15,28,40,36,57,53,54,47,5,22,25,46,4,9,27,30,42
133;49;21446;10304;16,25,42,41,40,53,11,48,17,28,7,3,10,59,12,50,44,14,49,47,54,24,19,36,45,43,26,52,55,32,38,9,30,15,56,31,33,0,6,20,46,1,57,27,2,29,34,22,13,21,5,18,4,39,23,37,58,35,51,8
134;82;37514;18437;52,21,50,8,0,41,42,3,55,58,36,37,29,32,12,53,56,40,26,43,22,10,59,23,46,34,47,48,4,31,38,20,28,1,57,5,9,25,2,30,15,11,51,17,35,54,14,6,24,45,39,27,49,13,19,33,7,16,18,44
135;51;25003;12690;21,17,18,49,11,10,35,7,14,22,33,12,36,38,43,56,37,48,54,9,51,55,40,4,57,20,53,0,19,32,58,42,16,15,45,23,31,8,1,5,52,29,41,50,39,44,2,26,46,6,3,28,34,47,27,13,30,24,59,25
136;79;41047;19984;48,56,0,51,5,49,54,2,31,19,24,18,55,45,47,37,21,12,59,53,10,25,23,34,16,36,15,41,6,26,50,35,11,20,14,17,38,52,40,46,7,33,9,22,42,57,8,13,30,29,27,3,44,1,39,28,32,58,43,4
137;67;33917;16866;49,10,23,11,0,12,9,52,35,51,34,56,55,28,36,1,6,2,39,42,24,38,29,13,54,25,45,26,50,37,33,16,15,53,31,7,43,27,30,47,22,18,41,58,46,17,59,32,40,57,48,20,5,4,21,3,44,8,19,14
138;76;37501;18745;56,43,8,16,51,38,4,33,31,9,30,45,23,42,5,58,50,48,40,3,22,28,59,10,15,24,1,44,53,6,14,0,18,29,54,26,17,27,35,21,2,7,12,36,32,20,11,46,57,39,19,49,34,13,52,37,55,25,41,47
139;91;51727;25398;50,35,21,22,40,1,6,54,26,3,37,49,14,36,59,17,52,25,16,19,45,15,29,11,48,51,44,43,8,55,4,28,9,18,39,27,5,33,58,2,41,20,0,46,38,24,34,32,23,10,53,30,47,7,42,12,13,31,56,57
140;85;42841;21121;5,10,19,46,52,21,31,1,51,50,47,3,35,29,26,24,28,4,34,11,56,32,48,30,13,42,39,37,23,17,54,45,0,58,53,2,57,44,9,12,25,55,8,33,22,49,36,43,20,40,41,14,38,7,27,6,59,16,18,15
141;111;64177;31822;9,26,49,53,2,54,37,41,59,7,8,42,28,13,58,14,25,56,21,45,29,5,12,40,10,16,46,4,15,22,18,0,44,36,51,55,30,33,19,48,52,24,32,50,43,47,38,11,31,57,1,23,6,39,35,27,3,34,17,20
142;100;58851;29212;39,9,14,16,42,51,8,11,50,10,22,23,24,13,6,54,53,58,21,20,29,17,40,52,19,26,1,0,30,41,45,2,56,43,55,38,33,37,59,44,31,32,34,46,3,5,12,47,4,18,25,15,48,57,28,7,27,36,49,35
143;52;24988;12676;48,32,46,44,57,43,4,20,15,34,10,16,24,11,41,25,28,50,3,35,39,5,59,40,54,31,27,45,21,53,9,14,0,33,6,38,7,23,12,19,36,22,13,29,55,26,47,1,30,58,51,2,17,52,49,8,37,18,56,42
144;107;60644;29562;55,41,19,29,20,52,26,53,15,27,8,33,9,42,37,47,57,48,32,22,11,36,5,49,10,56,40,59,2,6,30,34,54,46,13,38,44,23,7,4,18,50,17,45,16,3,51,43,21,58,25,35,12,31,28,0,1,14,39,24
145;78;41043;20309;49,22,21,55,42,31,5,30,15,1,41,9,38,3,23,10,46,11,47,54,28,56,58,59,0,18,33,34,25,52,40,43,29,4,6,45,35,24,48,26,12,20,8,39,16,50,7,19,37,32,13,36,51,27,53,14,57,17,44,2
146;90;48179;23400;38,44,53,7,1,52,46,47,31,40,13,34,56,43,28,3,59,57,50,39,4,20,32,19,16,18,6,36,10,41,51,45,0,55,27,21,30,12,58,8,23,26,48,35,37,22,49,5,14,17,33,15,9,11,25,54,29,24,42,2
147;93;53510;26640;21,3,18,5,15,31,1,23,17,37,40,56,9,51,43,19,28,48,12,32,29,39,58,25,8,4,38,59,41,34,13,14,10,22,53,46,30,55,0,36,2,20,42,24,52,27,57,16,33,7,6,26,49,45,54,47,44,50,35,11
148;71;35697;17763;41,22,21,27,57,58,3,54,7,31,40,10,5,42,30,53,28,16,6,36,8,17,32,39,56,33,26,9,45,55,38,37,19,47,15,12,49,51,18,14,20,46,59,4,23,44,48,35,34,50,2,25,24,29,43,11,0,13,52,1
149;107;51778;25366;59,44,19,51,8,50,39,29,46,42,16,13,56,54,28,53,0,2,21,57,22,31,32,49,6,35,12,40,15,10,30,48,11,9,33,36,34,37,26,27,41,5,58,4,23,25,17,43,52,7,38,20,3,45,18,55,24,47,1,14
150;79;37510;18851;16,52,2,21,0,5,40,6,57,30,7,13,53,20,10,49,24,45,31,18,36,33,32,37,55,34,58,39,3,29,22,15,42,41,46,17,56,51,48,8,23,4,9,43,59,50,14,26,35,25,27,28,19,38,11,54,47,12,44,1
151;118;65991;32111;6,20,37,29,15,53,16,58,8,25,17,46,1,30,49,23,18,51,47,4,40,21,44,59,5,36,9,31,42,24,27,11,57,7,34,54,12,45,14,43,28,26,33,32,19,55,0,52,13,10,3,50,48,35,2,39,56,38,22,41
152;73;35708;17738;59,36,0,42,50,28,23,22,5,43,14,52,32,3,57,9,33,58,10,20,19,18,49,16,29,41,26,13,54,6,53,44,55,45,17,4,7,46,47,51,39,2,24,38,1,11,31,40,30,8,15,21,34,25,37,48,35,27,56,12
153;68;32163;15733;6,43,31,48,16,19,14,32,36,30,23,57,20,9,37,29,50,7,44,11,12,49,42,2,52,41,55,1,8,33,40,0,38,15,35,46,59,18,58,25,22,21,24,45,26,39,54,53,3,51,10,17,5,56,28,27,4,13,47,34
154;87;42863;21228;58,14,57,11,41,42,52,13,34,4,5,56,22,15,40,37,19,27,38,9,24,54,32,17,45,25,39,53,55,47,12,3,49,21,1,50,28,48,43,26,8,18,35,59,6,20,46,10,16,0,31,23,7,51,2,33,29,36,30,44
155;61;26817;13804;11,15,33,35,21,6,27,28,16,1,39,8,40,18,0,30,32,41,44,57,19,48,53,12,24,14,25,56,51,34,55,46,9,29,45,38,31,43,36,54,23,3,26,4,20,47,59,52,13,58,2,50,42,5,37,17,10,7,22,49
156;131;74921;38501;39,9,21,35,49,53,34,2,13,3,10,43,23,57,25,44,6,46,55,52,12,37,40,27,36,29,1,22,41,16,42,11,24,47,17,7,59,45,54,50,14,56,26,18,58,33,0,19,4,31,30,15,38,8,28,48,20,51,32,5
157;177;119379;59282;22,19,37,34,46,59,31,14,53,28,4,49,58,15,1,8,21,47,39,23,43,40,10,44,18,33,30,2,5,55,54,27,16,17,11,36,50,57,6,48,12,41,13,24,42,56,52,29,9,20,32,25,45,38,3,51,26,7,35,0
158;109;67765;32472;53,24,19,27,8,16,22,38,28,0,34,35,44,2,31,49,48,54,41,50,10,37,9,57,11,14,3,5,23,56,46,25,30,59,47,1,15,20,51,7,39,43,18,33,29,4,17,42,36,58,40,45,26,21,52,13,32,12,55,6
159;96;53524;26434;59,35,36,51,41,24,34,27,57,58,25,14,23,4,33,48,55,19,28,46,52,8,47,39,38,17,18,54,2,0,6,56,43,42,11,9,13,20,5,1,37,26,21,16,40,32,49,29,53,30,50,3,7,45,12,44,15,31,10,22
160;85;48144;23816;59,40,37,32,36,50,48,24,42,41,9,11,25,5,0,7,29,43,55,12,52,23,4,2,30,22,6,17,44,28,47,33,19,54,51,45,14,39,10,49,20,58,21,26,8,16,57,35,18,15,38,1,34,3,53,27,46,31,56,13
161;73;39261;19617;24,48,17,29,5,7,49,30,57,54,55,31,44,10,28,56,40,8,46,4,20,2,36,39,47,16,38,0,33,41,45,59,34,1,12,13,18,9,32,11,51,3,22,14,21,25,35,19,43,23,15,53,27,26,52,50,6,37,42,58
162;85;46386;22514;31,16,35,42,34,5,38,21,13,45,28,26,55,23,33,18,36,32,58,46,40,19,6,57,2,14,25,39,1,9,10,4,22,51,7,0,27,47,29,54,50,11,52,53,56,37,24,41,59,49,17,8,43,20,15,3,30,12,44,48
163;91;49953;24824;16,6,51,25,0,12,34,52,54,58,22,20,49,38,7,28,53,5,42,40,27,3,43,30,11,36,13,56,29,46,57,39,15,24,33,17,21,9,19,23,2,48,14,41,1,50,18,37,26,45,55,44,32,35,47,59,4,31,8,10
164;89;44621;22005;9,44,5,12,19,13,15,39,14,16,3,56,42,31,48,50,57,21,26,24,6,33,37,40,22,51,34,45,1,10,38,52,17,59,36,23,25,46,49,27,54,55,20,35,7,0,18,43,32,30,53,4,29,28,58,2,8,11,47,41
165;88;49955;24520;20,39,36,10,14,22,9,47,17,53,27,4,21,31,29,48,52,11,6,24,30,38,56,57,50,28,34,54,35,26,5,19,51,2,45,37,59,46,58,44,33,16,1,8,7,25,49,40,3,0,55,23,13,18,12,15,32,42,43,41
166;68;32149;15774;59,37,4,0,20,12,34,19,46,24,33,47,52,29,58,14,41,50,5,23,22,49,43,11,9,26,18,30,35,10,57,7,36,6,27,13,51,39,40,3,17,8,1,54,16,48,45,56,38,2,15,42,32,25,31,53,44,21,28,55
167;79;44605;22674;9,21,7,12,17,52,16,56,2,30,29,58,46,35,22,55,34,14,57,1,24,31,48,39,25,49,53,40,28,43,18,47,20,33,6,51,42,59,4,45,50,37,11,54,3,27,13,10,38,5,23,36,44,26,8,15,19,0,32,41
168;115;67754;33475;55,26,33,47,21,51,58,46,2,20,0,8,1,27,16,14,40,53,3,48,41,42,57,52,38,56,9,50,15,43,31,30,32,35,13,45,49,6,22,37,59,12,10,36,23,11,17,44,5,25,54,7,18,39,29,19,28,4,34,24
169;88;46407;22546;36,26,33,37,3,56,31,20,27,22,55,28,54,58,23,19,48,46,17,34,41,7,0,51,24,43,16,52,38,1,9,39,42,15,47,45,8,53,2,14,35,12,49,50,40,6,13,10,59,30,57,21,11,5,29,25,18,32,4,44
170;139;83778;41340;21,22,7,10,12,38,30,14,0,18,23,47,50,44,42,13,41,48,29,1,37,6,28,9,43,27,31,39,8,4,54,32,5,36,49,56,51,46,15,24,2,19,33,45,57,40,53,20,59,55,11,16,17,58,26,34,35,3,52,25
171;71;32162;15787;52,11,16,1,46,38,50,37,23,9,48,59,30,42,27,53,34,22,41,3,47,24,56,0,18,13,4,55,35,12,29,19,45,20,8,25,44,6,57,14,54,7,10,21,5,33,28,2,36,43,40,39,32,17,51,26,58,31,15,49
172;62;28570;13778;39,59,58,52,29,17,31,22,8,20,50,7,19,46,48,14,41,37,33,35,24,25,43,34,5,45,12,55,11,32,49,56,4,27,40,23,54,1,44,21,3,18,47,16,30,28,9,10,26,36,38,2,6,15,57,13,51,0,53,42
173;73;35694;18525;12,46,50,53,38,34,49,7,14,2,56,31,17,9,1,11,41,15,42,10,37,16,29,6,22,57,0,5,18,23,51,19,30,35,45,33,59,36,44,20,13,47,48,4,8,25,28,43,39,24,58,26,40,3,55,54,52,21,27,32
174;49;23218;11342;27,52,19,48,11,31,33,28,20,38,4,12,32,15,55,39,41,9,29,0,42,50,26,25,57,34,22,47,43,53,2,5,8,51,13,23,3,14,37,7,21,46,35,18,58,10,49,30,1,16,45,17,40,6,36,24,54,59,44,56
175;82;46372;23668;41,20,32,40,55,8,51,21,9,52,37,10,0,16,1,17,28,38,35,19,58,2,11,54,43,27,57,36,39,22,45,6,49,23,42,4,15,30,56,59,18,34,29,3,13,7,47,44,53,46,33,31,24,50,5,48,25,26,14,12
176;76;41026;20377;47,57,14,56,17,45,11,29,16,58,41,23,26,24,37,8,12,32,42,10,44,55,2,1,33,51,28,31,40,13,34,20,53,36,3,15,21,6,52,38,27,48,35,30,9,59,7,43,18,39,50,46,19,4,0,54,49,22,25,5
177;93;49970;24257;5,55,23,42,29,56,26,6,30,13,10,59,19,16,53,39,31,35,24,34,22,32,41,17,38,51,0,46,49,28,47,15,25,2,57,45,7,33,37,27,8,52,48,9,43,40,50,58,12,11,54,1,21,4,44,14,3,18,20,36
178;65;28590;14370;45,16,3,19,42,35,0,15,55,11,43,47,12,59,33,25,52,14,38,27,32,54,51,23,41,24,39,20,36,31,13,46,2,6,30,5,58,7,49,10,18,50,4,17,57,9,1,22,37,8,56,44,53,21,29,26,28,40,48,34
179;79;35741;17713;2,41,24,35,42,34,48,55,39,16,38,20,18,23,28,7,29,22,32,37,51,57,52,43,30,47,10,11,36,40,53,12,17,8,50,31,5,45,1,15,56,21,9,49,33,14,3,26,25,6,59,0,13,54,4,44,27,19,58,46
180;98;55301;27896;34,58,20,54,11,2,9,21,31,48,10,13,36,19,40,24,47,51,37,5,4,25,50,8,22,3,44,42,39,28,53,0,18,26,46,59,38,30,32,52,57,27,29,49,14,55,56,41,33,23,7,35,12,15,43,6,17,45,16,1
181;65;26802;13604;40,34,3,43,17,11,21,8,15,49,23,18,58,25,4,7,22,54,44,52,36,56,57,19,26,50,24,32,30,41,33,28,48,1,29,9,13,45,27,55,5,42,6,53,51,14,2,37,39,10,38,46,59,31,20,16,0,12,35,47
182;152;96240;47100;0,48,7,32,12,50,42,31,59,56,17,38,29,25,23,55,27,16,13,44,14,5,26,1,51,15,33,53,8,9,21,4,20,30,11,49,39,47,43,46,3,37,40,41,36,34,2,52,35,19,18,58,54,10,22,28,24,57,6,45
183;75;42834;21491;44,52,15,3,24,49,40,6,54,11,13,5,53,20,22,43,9,55,59,30,2,28,7,51,16,23,29,10,39,19,45,0,48,36,18,35,21,14,33,31,34,27,42,25,46,41,4,8,57,17,26,38,50,47,56,1,58,37,32,12
184;87;46420;22867;40,53,31,26,7,34,8,17,23,6,36,22,28,43,5,0,33,1,52,15,16,54,32,20,44,42,27,37,14,10,21,13,9,2,24,29,46,45,19,30,58,41,11,55,38,49,50,39,57,59,51,25,12,47,3,18,48,4,35,56
185;73;39248;19881;41,3,14,27,51,11,44,15,55,29,38,54,0,36,52,25,57,50,30,46,48,37,4,23,5,1,21,32,9,47,59,24,6,45,31,49,42,22,58,43,8,28,7,39,20,12,16,33,35,17,13,34,53,40,18,2,56,19,26,10
186;66;28601;13756;1,41,0,44,29,43,59,39,17,27,14,33,2,42,40,10,58,34,15,36,19,45,18,9,31,57,52,37,8,24,26,11,50,20,25,47,38,7,56,4,30,5,49,13,12,16,23,6,21,55,35,3,28,46,53,51,22,48,54,32
187;78;41048;20782;34,16,11,42,20,7,52,45,46,15,30,53,13,48,32,18,37,58,19,38,4,51,36,17,9,43,49,35,27,6,10,14,47,25,39,33,50,54,31,21,28,44,57,3,26,1,12,24,23,5,22,8,41,2,0,56,29,55,40,59
188;117;62450;30599;19,26,8,44,48,5,6,23,12,27,45,16,38,28,40,10,35,41,20,0,39,57,59,58,34,54,25,33,37,53,7,56,4,21,55,43,24,32,11,36,42,22,31,17,50,15,29,2,13,51,9,47,30,14,49,18,52,3,1,46
189;106;58856;29031;34,3,33,6,14,43,13,54,15,5,49,1,53,27,19,52,56,11,25,40,47,45,22,2,28,24,12,30,39,44,46,26,37,38,35,21,55,23,18,4,9,58,10,36,20,29,59,57,0,42,16,7,50,51,31,17,41,48,8,32
190;69;30373;15079;0,32,18,39,34,30,31,14,2,33,45,11,55,1,53,21,27,59,19,8,26,38,43,52,56,48,49,29,36,50,58,9,35,47,16,22,28,4,10,7,6,23,3,12,51,13,54,17,44,42,25,37,46,57,41,15,24,5,20,40
191;59;32110;15952;44,15,22,29,45,17,16,52,31,8,48,0,36,51,12,38,58,47,25,18,19,30,37,56,50,39,28,34,4,43,21,57,14,32,13,33,5,1,40,49,23,7,41,54,20,3,2,26,24,27,53,59,55,46,10,11,42,9,6,35
192;116;64187;31816;32,22,21,24,44,7,53,45,48,18,14,25,31,20,50,19,52,51,33,28,27,1,29,49,36,5,35,17,30,57,9,38,56,42,15,23,37,46,39,26,54,40,16,47,10,8,43,59,58,34,12,0,3,2,55,13,41,11,4,6
193;98;55324;27477;5,20,8,0,16,4,33,34,2,53,17,7,14,41,35,15,56,36,55,31,22,42,26,59,38,37,21,40,58,9,13,39,19,44,46,32,54,51,43,45,28,27,12,52,24,29,57,25,50,3,18,23,11,48,1,30,47,49,6,10
194;81;44612;21775;10,57,51,11,53,16,31,32,37,26,21,2,43,28,5,59,19,36,30,42,12,6,1,22,49,47,18,7,58,40,45,24,27,4,8,25,13,9,46,52,56,35,23,50,54,14,17,41,39,15,38,48,44,0,33,34,20,3,29,55
195;97;60628;30296;28,4,52,3,57,2,9,21,31,17,30,8,39,35,7,0,19,53,34,43,45,18,10,37,29,54,20,41,33,55,5,47,26,16,27,23,14,12,56,36,25,6,42,13,40,32,58,11,59,22,50,46,1,15,48,38,51,44,49,24
196;72;35713;17750;48,37,5,52,30,1,29,51,44,22,10,50,56,4,54,8,53,43,45,58,9,36,40,27,39,49,59,19,12,35,2,20,38,24,15,23,17,13,3,31,16,26,34,25,18,32,33,11,14,21,46,6,41,42,57,7,0,47,55,28
197;57;32133;15831;51,42,21,32,3,31,27,48,8,49,17,6,37,45,34,39,43,55,29,0,53,57,56,58,9,12,2,22,13,24,36,46,20,18,38,15,4,47,33,7,54,50,44,1,10,26,35,41,23,30,16,5,11,52,28,25,40,14,19,59
198;57;26797;13540;5,18,41,4,58,19,50,26,13,56,43,38,49,22,45,31,3,47,1,14,39,42,29,35,11,30,7,15,9,20,23,53,34,36,57,28,2,54,10,12,17,27,0,59,16,44,25,21,32,55,52,33,8,48,46,51,24,37,6,40
199;98;60624;29745;57,33,9,12,25,55,51,20,42,48,18,23,29,15,10,30,24,49,58,0,39,37,54,13,22,46,52,17,26,8,27,16,32,28,47,14,50,11,3,31,21,38,56,19,43,59,35,44,7,45,53,41,6,4,34,5,36,2,40,1
200;52;21466;10527;34,53,39,52,5,0,27,14,3,55,29,36,26,7,11,8,33,35,9,30,58,25,24,46,44,59,32,2,19,41,12,21,18,51,45,47,23,16,56,15,4,28,13,17,42,20,22,40,10,54,50,38,49,37,31,1,57,48,6,43
201;101;60631;30017;50,29,13,2,18,5,16,15,57,42,17,52,12,10,7,48,32,6,40,37,43,4,26,35,8,59,53,47,33,1,11,38,22,27,21,23,56,46,54,39,3,19,0,58,36,25,49,41,28,55,31,14,45,24,9,51,30,20,44,34
202;82;42830;21211;57,22,8,32,19,56,26,36,38,31,47,58,55,48,20,51,0,11,29,49,41,35,54,21,2,52,59,44,42,27,33,46,23,6,14,18,5,17,24,12,37,34,7,16,40,43,13,28,3,30,9,53,10,50,25,45,4,1,39,15
203;120;69538;33974;9,14,47,49,36,56,30,25,20,29,13,19,54,50,18,52,2,11,0,12,37,15,41,53,39,48,44,17,5,40,51,24,32,35,46,58,4,21,34,38,7,16,3,45,31,55,23,26,6,1,33,57,42,22,28,27,8,59,10,43
204;71;33941;17015;10,3,41,0,1,45,7,31,22,43,44,40,30,15,28,34,14,54,21,20,48,49,19,42,29,59,24,47,39,56,27,51,2,13,37,38,50,33,32,23,55,9,35,26,52,53,46,16,36,58,4,5,6,8,25,18,11,57,12,17
205;102;51767;26057;2,52,46,55,44,33,24,56,17,16,25,11,23,26,39,9,10,1,20,45,32,18,0,27,53,41,34,8,43,58,5,12,47,21,30,35,57,28,14,50,15,36,29,7,37,3,51,19,42,59,49,4,22,38,31,6,13,54,40,48
206;76;35712;17465;48,50,30,41,10,36,14,31,51,32,8,16,22,49,45,42,47,29,55,24,54,3,44,52,56,40,19,28,13,43,38,20,0,35,53,5,27,4,1,12,37,33,34,57,21,46,6,11,18,2,9,15,58,23,39,17,25,7,59,26
207;94;58830;29439;12,45,49,56,51,43,26,46,9,36,53,27,7,22,29,42,24,37,33,30,35,54,19,11,17,39,58,21,47,20,59,2,50,1,18,8,6,13,38,5,25,14,52,48,4,34,57,44,23,15,3,0,32,31,41,55,16,28,10,40
208;76;33949;17088;6,5,10,40,0,15,16,20,2,38,13,59,48,1,54,31,32,46,29,14,27,26,28,24,56,57,41,47,22,4,19,18,52,49,43,17,23,8,33,7,34,53,3,30,51,35,25,9,55,42,50,37,45,11,58,12,39,21,44,36
209;89;42843;20964;20,16,6,48,12,23,33,18,50,13,24,7,55,47,56,59,42,17,19,32,10,25,21,29,27,3,57,39,8,4,9,26,49,54,5,31,15,36,1,30,43,35,37,34,14,22,58,0,45,41,51,46,40,11,53,28,52,38,44,2
210;76;44591;21861;26,25,27,43,30,31,42,33,23,10,57,49,34,4,9,56,36,40,47,51,41,7,58,32,12,11,59,39,13,54,38,55,53,21,8,2,15,1,29,45,37,22,52,24,5,20,44,3,18,6,46,17,0,16,28,35,48,50,19,14
211;69;30377;15258;28,37,59,33,54,48,52,0,18,53,10,58,41,55,14,47,23,36,19,56,22,45,8,43,3,46,57,20,16,51,17,50,6,29,27,42,11,5,9,44,24,34,30,4,7,13,38,26,2,25,31,39,15,21,40,1,12,49,35,32
212;63;28577;14512;51,41,19,32,54,35,44,38,46,3,1,22,21,40,12,58,57,14,28,5,37,25,29,17,33,52,47,48,16,36,23,42,26,0,20,45,7,13,6,18,27,4,31,11,9,53,59,56,30,55,15,43,50,34,10,49,8,2,24,39
213;91;49954;24959;4,57,34,37,6,53,12,58,24,48,52,47,36,38,50,10,51,41,23,26,32,40,3,0,8,21,17,29,1,44,49,30,28,33,2,46,59,35,14,42,31,16,7,15,25,55,9,43,18,56,11,27,54,39,5,20,13,45,19,22
214;84;46372;22590;1,23,15,19,49,6,12,57,8,34,52,54,10,37,42,24,40,43,25,11,47,13,7,9,45,39,35,51,0,26,36,38,20,28,41,33,2,46,4,3,48,53,58,18,21,29,59,56,55,30,31,16,17,50,22,14,44,5,32,27
215;94;46444;22575;43,47,32,26,38,24,46,3,27,9,6,36,42,53,56,48,5,45,13,34,33,4,19,35,41,29,50,59,21,20,25,49,44,15,11,40,55,12,52,7,22,18,39,8,1,30,23,10,28,57,54,37,14,17,58,31,2,16,51,0
216;80;41058;21016;23,58,35,30,51,15,32,56,21,3,0,39,44,47,42,29,16,37,13,36,22,8,53,41,25,19,43,49,20,45,17,52,55,14,48,18,2,34,33,9,4,7,26,11,24,31,54,10,46,28,57,6,1,50,59,38,12,5,40,27
217;52;23222;11060;3,5,16,57,30,52,17,31,28,11,20,51,42,15,35,29,25,56,39,19,32,38,2,24,36,46,58,13,37,53,14,4,50,43,45,21,8,54,6,47,55,9,27,22,59,26,44,1,40,41,0,34,49,18,12,33,48,23,10,7
218;109;62427;31243;17,16,49,26,59,23,36,0,57,24,42,2,54,45,51,35,43,33,44,38,40,39,6,30,12,55,19,21,47,20,31,5,22,18,48,58,27,1,32,7,28,11,25,46,41,10,9,8,15,52,29,14,13,53,34,56,50,3,37,4
219;104;57091;28484;44,40,14,4,29,15,8,47,6,56,1,50,24,13,46,3,20,36,21,57,19,0,12,58,52,2,18,53,51,9,37,35,43,34,30,23,32,17,41,7,27,54,31,25,5,16,38,48,45,59,28,33,11,42,22,39,26,10,55,49
220;79;39266;19472;0,40,51,14,20,38,23,52,50,10,21,59,28,37,8,45,7,29,25,15,49,3,58,30,53,32,57,2,6,12,4,34,1,47,55,39,31,42,19,13,18,44,17,48,24,9,54,41,16,27,33,56,43,46,11,26,22,36,5,35
221;91;49967;24820;28,53,47,57,19,41,45,13,31,58,59,39,16,29,7,11,15,36,6,9,30,23,8,49,50,10,37,18,4,26,35,12,22,43,55,17,20,46,14,54,33,42,32,25,5,0,38,48,2,27,34,56,1,3,51,21,52,40,24,44
222;56;26782;12835;51,0,24,6,19,42,14,25,27,49,48,40,52,1,5,33,56,35,41,29,9,57,32,44,23,55,7,50,58,26,2,30,20,31,53,46,17,28,4,21,59,18,13,36,38,11,47,22,8,10,45,16,3,43,37,15,54,39,34,12
223;112;64193;31638;51,26,15,58,50,57,25,19,59,22,32,8,30,49,1,24,40,0,13,23,38,43,48,55,34,36,5,6,27,52,31,39,37,10,29,16,2,17,42,35,9,7,28,54,14,21,46,4,11,53,20,44,41,3,45,18,12,33,56,47
224;88;44615;22671;34,57,37,47,56,52,36,53,55,26,15,10,45,19,11,2,59,30,40,54,6,4,18,50,5,44,0,39,14,29,24,17,33,28,13,21,25,49,7,22,27,23,32,9,42,48,3,41,51,31,20,58,1,38,16,12,46,8,35,43
225;80;37505;18514;49,58,15,30,56,32,39,16,33,47,7,24,34,9,50,13,19,12,45,48,44,23,2,51,40,17,35,21,6,1,54,46,22,31,14,43,8,53,0,4,29,10,18,57,42,5,59,41,36,26,11,27,55,3,25,28,52,38,20,37
226;52;23220;11537;15,3,31,0,14,29,50,57,46,43,6,13,41,26,49,32,44,47,2,52,35,51,9,1,45,21,39,28,22,11,7,30,56,59,8,12,33,23,53,55,58,40,34,37,5,19,17,4,20,18,54,38,16,27,25,42,24,36,10,48
227;77;33948;16851;51,41,11,17,18,48,13,55,21,36,47,53,4,3,33,56,28,59,14,54,10,27,20,49,50,12,2,40,32,57,46,6,31,5,23,9,34,38,42,52,58,26,1,22,45,29,8,0,39,15,30,25,16,19,43,37,44,7,24,35
228;53;28545;13890;41,20,23,35,4,8,47,44,38,50,10,18,48,0,17,2,7,28,12,33,1,56,58,31,32,9,36,57,43,16,30,55,29,15,21,49,46,14,54,51,24,52,37,27,3,39,34,42,45,53,13,22,26,59,11,40,5,19,25,6
229;71;37484;19221;55,34,31,9,12,17,39,18,3,35,28,33,25,58,47,29,10,2,30,37,42,51,19,15,13,46,56,59,23,11,0,49,22,4,32,45,27,26,54,52,41,24,1,50,14,43,53,5,20,21,36,8,7,44,38,6,16,48,40,57
230;81;41062;20541;48,54,33,31,46,23,30,14,51,18,9,0,53,34,26,4,57,3,52,1,41,40,44,28,21,50,11,25,7,49,36,19,10,59,27,37,42,24,43,17,38,15,35,8,47,32,6,58,39,12,45,13,2,55,56,5,20,29,16,22
231;91;46431;22736;48,55,29,23,40,17,37,57,4,11,32,6,53,36,56,43,42,18,13,16,41,19,26,15,52,2,10,51,58,49,31,39,7,59,21,46,9,22,8,24,38,5,54,35,47,12,3,34,50,33,0,14,28,25,45,1,20,27,44,30
232;82;42844;20871;56,44,19,35,24,46,54,14,6,16,47,23,48,17,31,3,57,10,30,29,1,42,11,51,40,32,58,2,34,43,39,9,53,45,4,13,8,15,55,21,18,20,12,38,27,52,5,28,25,41,59,33,37,50,22,49,36,7,0,26
233;98;53530;26544;34,29,5,10,36,48,11,22,52,59,27,17,51,24,13,33,1,31,0,54,37,38,3,20,42,47,41,39,7,40,16,9,56,50,19,14,58,46,6,30,23,53,8,21,25,26,15,49,45,55,35,2,44,12,32,18,28,57,4,43
234;94;48177;23889;1,57,2,56,40,42,59,12,33,17,5,44,50,0,8,13,32,41,21,14,43,29,26,37,22,53,27,10,35,48,15,28,52,51,38,23,16,3,58,39,46,9,19,6,55,25,47,49,45,7,18,4,54,36,31,24,30,11,34,20
235;65;33910;16634;13,50,10,12,33,36,11,24,16,58,17,40,45,52,49,19,43,59,38,14,53,39,0,51,47,35,32,27,28,41,18,20,4,7,15,21,34,31,9,3,48,26,6,54,46,30,23,37,25,42,57,55,29,2,56,5,22,8,1,44
236;63;32120;15797;51,11,35,47,12,3,42,55,0,38,22,46,5,29,57,33,26,19,45,21,56,40,16,44,4,53,1,58,20,9,15,59,32,52,18,31,2,25,13,8,34,14,36,7,39,37,23,54,17,6,24,27,28,49,48,50,43,10,30,41
237;89;44617;22630;58,20,22,32,12,7,31,5,38,30,4,52,29,15,56,25,46,16,3,11,55,33,41,26,53,24,36,1,2,48,39,19,47,13,42,45,18,23,43,21,35,44,0,57,6,40,49,9,54,14,27,17,37,28,59,51,8,50,10,34
238;103;60629;29560;45,41,39,43,51,24,38,27,59,11,19,54,13,35,28,12,1,44,25,46,40,31,48,47,5,26,23,14,15,49,53,42,55,30,52,6,32,3,18,57,8,56,20,2,17,33,37,58,50,16,34,7,10,21,9,36,22,4,0,29
239;102;62394;30252;10,6,32,48,20,17,26,28,16,11,40,57,30,44,54,29,49,31,38,4,0,23,34,45,8,24,27,36,12,56,21,42,35,25,37,46,50,2,3,5,43,7,41,55,18,51,13,22,58,15,53,14,59,47,33,52,39,9,19,1
240;122;71345;35555;28,16,2,27,19,11,50,7,45,33,54,9,55,6,18,17,40,42,52,29,41,39,43,57,3,48,5,15,36,34,58,21,59,53,12,14,31,13,10,0,20,49,26,30,47,32,23,22,35,56,37,4,46,8,25,38,24,1,44,51
241;65;32133;16196;20,40,5,28,23,25,2,8,36,9,48,31,51,10,56,39,26,32,44,11,41,1,57,37,24,16,38,19,17,6,14,33,18,7,45,55,21,53,22,49,4,42,59,12,34,35,27,15,52,29,47,3,30,50,0,58,46,43,13,54
242;68;32152;15962;15,53,45,28,17,31,18,2,39,57,6,49,44,8,4,55,1,26,32,46,56,35,37,36,29,34,40,14,58,24,21,5,10,0,7,23,16,25,22,13,42,33,54,11,12,9,27,43,30,38,51,47,41,52,50,48,20,59,19,3
243;77;35713;18040;57,58,25,32,42,12,5,30,27,56,28,51,59,47,24,8,43,11,26,34,29,55,23,0,53,7,17,54,4,19,40,20,41,37,6,33,35,50,1,13,3,18,39,9,36,10,44,22,15,52,45,31,21,48,46,49,2,14,38,16
244;73;33939;16994;4,6,14,30,3,51,26,0,5,58,36,27,19,37,45,13,55,8,57,24,22,16,34,33,29,59,49,48,15,39,46,38,43,28,35,23,7,21,10,40,9,11,41,25,32,44,42,52,31,12,2,53,50,47,1,18,56,20,17,54
245;90;49937;24534;27,22,46,48,29,1,43,9,45,49,26,31,20,2,5,23,42,51,24,34,40,44,32,50,53,57,28,33,7,55,14,4,25,18,39,38,52,3,47,37,0,21,10,36,30,58,8,6,15,54,19,35,41,17,59,16,11,13,56,12
246;72;32156;15801;55,26,37,47,34,2,9,51,13,12,52,20,31,38,56,36,3,43,5,54,29,25,11,0,48,8,32,4,39,40,49,27,41,57,17,59,6,19,22,42,1,30,24,18,16,44,33,35,53,14,21,15,28,23,50,10,45,46,58,7
247;68;30375;15053;4,57,48,26,34,39,29,41,2,47,15,49,35,18,33,37,24,44,58,42,0,30,13,7,20,36,6,28,59,21,22,27,5,45,38,50,32,17,56,31,53,46,55,10,12,1,8,19,40,25,11,23,52,54,3,43,9,16,51,14
248;47;26771;13705;19,51,43,20,25,24,13,27,38,7,37,34,0,9,8,15,53,55,52,33,10,6,42,46,39,30,35,23,31,29,2,50,59,28,5,14,57,1,26,17,36,4,41,49,22,11,45,32,54,12,3,47,18,58,56,21,44,16,48,40
249;73;39256;19372;32,40,4,24,11,6,34,54,50,59,53,51,37,58,38,33,7,48,42,23,19,18,44,1,5,8,49,26,13,28,57,25,12,17,0,45,31,39,9,21,43,36,29,20,2,35,55,27,3,47,10,15,52,14,30,56,41,46,16,22
250;80;37496;18745;43,20,24,4,1,35,11,39,34,9,55,5,10,22,14,6,19,29,52,36,56,27,32,0,13,8,40,49,23,30,51,57,16,17,25,50,44,18,41,21,47,42,37,46,12,58,7,26,15,48,59,31,38,45,2,3,28,53,33,54
251;132;81999;40435;39,41,10,43,9,0,37,50,23,52,15,28,1,24,47,6,31,38,59,30,27,25,32,16,46,55,5,34,11,58,48,3,49,7,21,4,2,13,18,54,42,33,44,45,20,14,57,19,12,40,36,8,22,53,51,26,29,35,56,17
252;58;25022;12020;33,11,7,57,35,47,2,30,42,46,53,13,3,38,24,29,59,37,36,39,27,32,41,21,12,52,4,9,48,56,14,58,19,16,18,55,50,8,1,17,15,6,28,40,45,43,20,10,51,31,25,54,49,34,26,0,5,44,23,22
253;100;53513;26994;9,8,7,1,30,13,32,31,5,43,23,51,4,24,16,42,20,47,50,34,52,27,29,26,19,18,10,6,57,25,21,17,11,12,3,38,36,37,56,40,53,49,46,58,55,45,2,22,48,39,54,15,44,41,0,28,14,33,35,59
254;59;28577;14334;47,45,49,56,35,44,43,0,46,41,57,50,54,28,11,18,9,40,42,39,2,27,51,13,24,25,26,30,17,37,21,20,10,14,4,55,3,8,32,34,38,15,22,12,59,48,5,19,52,33,53,36,29,23,31,6,1,7,58,16
255;79;42834;20843;25,50,9,32,44,38,23,22,31,21,0,52,4,40,12,26,7,11,16,46,58,18,3,37,36,55,56,24,13,6,15,34,27,17,43,29,57,30,28,53,1,33,59,45,47,19,35,5,14,20,39,2,49,54,10,51,48,8,41,42
256;59;28565;14290;4,29,55,19,53,31,25,7,17,21,47,33,49,34,54,35,26,51,40,41,58,5,9,36,12,44,50,39,24,20,23,42,30,3,27,8,13,48,10,46,16,28,52,15,18,32,1,37,59,0,38,2,22,11,56,14,57,45,6,43
257;128;67800;33506;11,20,35,42,0,34,41,43,3,55,17,24,46,9,29,50,36,15,18,52,40,48,32,21,7,39,37,19,26,54,13,1,57,44,4,28,33,53,38,31,27,6,16,12,23,47,22,8,59,51,2,30,25,45,58,5,49,56,14,10
258;68;30368;15325;14,59,44,19,0,49,48,50,33,53,46,35,30,16,42,43,11,52,54,3,5,24,36,45,20,32,4,8,40,17,12,18,28,27,21,2,29,13,41,51,47,55,58,57,31,56,25,22,37,1,10,9,26,6,23,38,34,7,15,39
259;99;51749;25831;29,52,31,8,11,58,26,39,47,25,1,48,37,40,21,32,19,51,24,49,4,54,2,46,41,20,35,6,38,27,5,59,22,10,13,14,36,7,18,0,33,17,44,50,12,55,15,56,3,34,45,23,30,9,43,53,28,42,57,16
260;87;44640;23367;9,0,5,7,12,25,27,2,18,51,47,29,30,4,20,41,49,35,58,1,40,39,26,46,43,36,59,10,13,22,3,24,38,44,56,23,55,21,53,32,33,8,14,31,48,34,45,28,6,57,54,16,52,17,50,15,19,42,37,11
261;100;55305;27825;20,43,30,48,12,10,47,39,35,56,44,28,38,0,53,14,6,2,22,54,29,17,32,1,3,27,45,34,58,4,46,42,50,11,52,16,9,37,55,21,41,31,15,5,7,24,13,19,25,23,36,33,57,51,18,40,26,8,49,59
262;59;32132;16255;28,2,48,42,23,49,16,6,45,26,35,4,50,10,36,44,13,27,3,0,17,15,30,59,1,53,57,34,8,37,40,52,11,54,58,39,12,31,21,43,33,14,5,9,38,22,7,20,29,47,24,25,55,18,19,56,32,46,51,41
263;103;55307;30764;47,30,39,43,49,23,17,54,45,48,10,57,44,59,20,25,11,2,26,18,3,51,58,1,32,5,29,53,28,42,33,35,56,46,21,15,4,52,6,8,34,12,13,7,55,14,36,9,19,38,16,40,41,31,0,37,22,24,27,50
264;79;37513;19736;3,29,37,25,31,53,32,45,47,28,38,9,26,56,0,30,52,46,11,22,43,5,24,1,8,7,16,10,39,44,6,21,57,54,17,51,40,34,49,23,14,36,50,41,55,4,2,35,33,12,59,15,42,48,20,18,13,27,58,19
265;83;46382;24379;29,38,7,11,40,52,37,35,6,24,46,42,47,13,59,56,30,44,2,51,55,5,43,32,33,28,58,23,3,1,48,39,10,34,57,50,8,9,26,14,36,31,25,27,17,20,22,49,12,45,4,0,16,18,15,21,19,53,54,41
266;58;26804;14127;12,57,14,28,53,25,15,17,30,54,33,22,7,58,24,42,27,38,0,47,55,1,32,40,9,20,39,29,36,16,59,44,37,10,35,56,31,26,34,6,8,49,18,45,13,4,52,19,2,23,46,43,51,50,11,5,21,3,41,48
267;70;30392;15957;58,48,14,37,31,8,39,27,13,40,28,53,42,3,57,1,15,9,34,44,20,10,29,18,54,38,23,59,55,6,30,4,0,2,7,17,45,56,51,33,43,16,49,50,21,35,41,12,47,22,5,46,36,24,11,19,26,25,52,32
268;89;41089;20805;37,59,33,53,22,36,19,10,57,5,4,48,42,12,35,34,20,14,21,58,8,18,27,49,15,1,52,43,38,32,46,6,56,44,16,30,54,45,26,7,28,40,31,47,23,29,51,25,13,55,2,9,41,50,39,17,0,11,3,24
269;83;39272;20208;56,41,55,40,9,50,59,7,36,18,3,15,33,10,6,32,39,28,26,54,21,27,29,46,45,35,11,47,30,34,57,37,20,16,24,42,49,8,43,12,1,53,44,51,17,38,2,22,14,23,31,13,5,25,58,19,48,0,4,52
270;76;39262;20676;9,16,0,6,57,49,39,23,36,4,26,17,22,10,33,8,51,59,46,24,43,28,44,18,41,53,52,35,5,21,31,40,38,14,20,50,2,47,11,30,3,37,13,15,48,32,55,34,29,58,19,45,7,25,27,42,1,54,56,12
271;60;32114;16989;18,52,45,1,6,0,11,53,57,31,20,14,21,47,13,39,22,41,42,49,4,50,40,34,15,26,12,44,46,25,30,17,29,16,2,51,54,33,8,37,55,32,24,38,36,28,3,5,43,10,9,58,35,7,48,23,59,27,19,56
272;94;48192;25229;45,0,51,32,41,47,17,9,1,40,53,43,25,39,21,26,22,2,36,7,14,16,48,11,19,15,30,33,6,27,50,18,52,23,31,59,3,46,10,4,55,8,38,49,34,24,13,56,58,29,57,5,44,54,12,35,20,37,28,42
273;94;41087;21182;59,56,0,42,2,39,15,40,50,32,11,28,31,41,55,58,47,57,1,10,21,23,53,45,48,18,25,43,36,51,49,35,8,24,4,46,54,37,12,16,5,29,22,17,9,44,19,20,34,33,7,52,14,13,6,30,38,27,26,3
274;85;48163;26441;15,8,13,58,30,59,10,5,25,0,9,55,6,1,57,56,31,21,26,32,41,47,37,28,11,7,17,54,4,44,38,27,39,12,48,2,36,35,20,22,52,24,51,34,19,14,18,43,50,40,46,23,49,33,53,42,29,45,3,16
275;92;49952;26206;48,1,5,12,52,42,43,50,21,30,59,55,17,37,8,22,26,25,11,58,41,35,46,27,13,0,31,20,24,29,54,3,44,14,16,57,4,23,32,7,6,15,51,33,49,45,18,40,36,56,10,38,2,9,28,34,47,53,19,39
276;89;48156;25305;10,29,14,4,26,8,15,35,31,40,47,13,12,59,9,21,44,50,36,6,34,43,48,52,56,5,39,33,19,30,53,24,57,7,45,2,54,51,28,23,49,41,18,16,55,37,3,20,46,38,32,42,1,58,27,0,25,17,22,11
277;71;35703;18512;14,47,3,12,19,59,46,2,39,15,38,21,0,17,33,9,52,7,6,41,26,55,37,36,48,45,49,13,5,10,27,11,35,30,1,23,32,57,22,53,54,34,4,18,40,24,31,8,20,51,56,28,50,16,58,29,44,42,43,25
278;55;26787;14284;43,16,48,19,10,44,53,20,45,9,26,40,31,7,6,28,13,47,49,54,37,34,22,35,4,58,36,5,57,42,23,39,17,33,15,27,51,38,56,50,25,24,12,1,21,8,2,41,11,59,30,0,29,46,14,32,18,3,55,52
279;68;30373;16108;25,43,10,5,35,1,37,19,38,52,6,21,14,29,0,13,15,34,16,26,17,30,44,50,56,57,53,2,20,51,40,33,58,45,8,46,27,48,28,24,4,49,39,7,23,41,31,9,54,42,36,18,3,59,12,11,47,22,55,32
280;99;44643;22854;54,41,13,39,11,20,51,4,8,37,49,16,34,29,43,7,32,48,47,0,52,58,25,1,17,42,59,44,31,30,38,36,9,18,45,21,27,57,28,50,15,33,26,56,22,55,24,10,3,40,6,23,46,35,14,12,53,2,5,19
281;91;46397;24892;18,16,17,20,14,23,4,27,49,35,7,57,50,59,22,30,54,3,28,43,12,38,6,56,51,15,2,58,25,52,42,29,48,44,33,31,21,40,13,5,0,32,24,39,41,26,19,34,8,46,1,9,55,45,47,37,53,36,11,10
282;56;25030;13751;9,0,4,28,34,42,57,43,15,24,58,26,36,8,18,38,56,22,46,12,32,33,10,51,29,1,41,49,45,52,2,14,44,23,53,13,27,5,19,31,17,16,37,39,35,11,7,6,21,47,3,30,54,25,59,55,50,40,20,48
283;108;57112;29790;16,40,37,28,44,38,50,1,31,24,49,53,46,45,57,26,27,51,25,19,20,8,22,29,14,17,39,58,34,12,13,47,56,33,5,35,59,11,55,36,30,7,42,3,10,2,15,32,0,41,23,21,9,18,4,48,43,54,6,52
284;109;69533;36403;6,20,53,41,18,55,11,51,49,56,21,36,9,1,26,29,31,2,37,10,40,0,24,27,47,16,12,45,58,19,28,14,4,13,35,46,17,7,54,5,33,38,3,8,44,30,57,43,25,50,52,39,42,23,34,48,59,15,32,22
285;96;46421;23601;48,7,19,47,43,39,54,40,29,26,38,34,28,55,24,2,6,16,53,42,41,3,11,31,15,50,27,14,21,37,35,52,0,49,46,23,4,17,22,18,5,45,56,58,33,25,10,1,9,13,57,20,12,30,36,44,32,8,51,59
286;117;74869;39102;14,34,39,20,26,25,24,1,45,43,59,29,41,12,58,28,47,6,10,2,31,57,53,18,0,17,55,21,52,22,51,38,35,49,5,46,19,56,11,44,23,40,13,16,50,3,30,42,54,15,37,7,9,36,4,48,32,27,33,8
287;93;44641;23202;7,6,37,10,16,11,9,46,33,32,24,44,15,5,2,57,40,25,1,23,48,52,30,12,22,47,36,54,14,19,31,0,55,8,58,42,49,53,56,59,39,50,13,20,29,26,3,18,45,34,28,51,35,27,17,41,43,38,21,4
288;94;51731;26896;22,1,39,24,28,17,29,34,15,0,49,56,12,35,2,33,40,42,52,51,11,46,26,27,7,54,8,4,59,3,48,37,9,18,5,58,50,25,16,36,20,21,43,38,53,30,13,32,23,6,45,14,10,31,41,57,44,55,19,47
289;94;53516;27417;16,46,5,54,29,27,25,26,1,32,35,20,39,42,58,0,52,8,28,59,19,22,10,7,41,33,14,56,9,6,23,51,43,3,13,36,30,48,18,37,11,12,24,2,50,44,49,38,34,4,40,17,53,15,47,21,31,57,55,45
290;103;55309;29201;58,56,48,19,10,27,53,30,25,3,11,39,15,0,54,44,5,2,35,57,38,47,41,23,52,24,13,40,55,6,28,33,34,18,46,8,45,31,12,1,21,50,42,16,22,51,7,32,29,14,17,4,49,9,36,37,59,20,43,26
291;57;26811;14428;48,19,57,4,24,28,36,32,38,43,16,12,44,9,15,53,8,7,51,55,41,52,47,17,11,27,26,21,50,56,42,0,23,18,49,54,31,30,10,35,2,6,39,13,45,33,34,37,59,29,58,46,40,3,14,1,22,20,5,25
292;92;48182;24286;55,26,44,6,43,18,1,38,25,59,28,29,48,13,0,39,52,36,11,58,7,22,37,49,42,57,20,56,53,47,8,14,32,31,34,15,9,45,5,17,23,19,51,35,16,24,12,41,50,2,54,33,30,4,46,27,3,40,21,10
293;80;44602;24109;12,30,52,51,54,10,55,22,21,6,5,27,15,58,53,0,11,13,1,38,32,29,24,43,48,59,57,47,28,18,45,14,42,34,37,17,36,39,3,31,8,25,20,9,49,19,46,44,50,16,33,35,40,2,56,7,23,4,26,41
294;49;23227;12094;4,26,10,38,14,46,47,43,57,13,35,2,11,15,22,32,40,56,24,16,41,29,21,28,55,27,37,18,49,19,23,20,52,50,30,45,48,54,42,51,9,6,25,36,12,7,5,58,31,0,33,34,17,59,3,53,44,39,8,1
295;73;35719;18819;1,49,39,48,58,12,55,7,17,6,23,44,43,27,9,52,31,41,59,25,35,33,28,37,22,38,24,19,57,3,40,56,53,34,42,15,26,50,30,46,5,2,29,51,11,47,18,32,8,14,21,10,54,36,13,0,45,4,20,16
296;59;30344;15831;23,28,4,42,38,49,59,31,33,53,17,37,48,47,57,7,58,36,13,3,40,6,19,26,50,46,51,43,5,34,16,24,11,21,52,27,9,2,54,35,1,10,41,30,25,29,15,18,0,55,32,12,8,44,45,39,22,14,56,20
297;79;39272;20694;5,55,30,19,29,28,34,22,36,48,41,21,42,46,40,14,24,11,49,1,56,38,43,35,33,45,39,8,50,53,47,17,0,15,6,9,31,20,37,12,16,26,57,13,10,52,54,27,23,7,3,2,51,25,44,18,4,58,59,32
298;40;17876;9104;43,20,22,44,23,5,50,21,13,6,16,45,51,40,9,54,37,31,3,46,29,41,48,28,19,15,57,47,14,27,30,33,24,25,4,52,38,8,58,59,1,34,36,18,49,35,26,55,0,32,17,42,10,53,7,39,12,2,56,11
299;75;35715;19338;28,49,31,39,25,33,41,8,46,15,48,7,42,12,40,11,19,14,52,13,5,45,32,17,50,38,58,4,18,43,35,47,0,36,1,24,30,34,2,57,44,10,59,21,56,22,23,16,27,20,3,26,55,9,51,54,37,6,53,29
300;100;53516;27220;27,52,29,10,8,34,35,48,33,40,25,36,6,11,46,15,4,41,13,3,43,44,55,59,42,20,39,45,31,57,38,18,30,16,54,23,1,50,56,7,47,2,24,0,9,14,37,12,49,22,53,5,51,32,26,17,28,21,58,19
301;71;39248;21702;54,17,52,56,31,18,10,22,14,44,7,4,16,50,29,11,46,48,2,40,24,20,41,23,53,28,8,27,0,59,35,32,12,39,25,33,38,36,58,15,3,34,37,13,5,6,30,19,45,51,42,57,26,49,55,21,9,47,43,1
302;108;57078;28956;43,2,8,51,49,39,27,55,5,42,12,15,7,36,25,50,20,24,22,26,32,59,29,35,21,9,18,4,13,10,3,11,6,45,1,31,46,16,41,40,48,57,58,17,53,54,37,19,28,30,38,34,44,0,33,23,56,14,47,52
303;68;30378;15887;56,15,4,51,8,16,19,37,31,48,12,52,59,50,10,6,20,32,53,28,29,2,3,57,24,55,41,43,33,25,46,34,14,45,40,49,30,42,26,44,22,39,18,38,1,36,9,27,7,17,21,47,0,23,58,13,5,54,35,11
304;57;26784;14260;0,43,31,58,20,29,24,59,28,12,50,34,35,42,45,21,44,32,11,9,7,36,57,52,46,47,51,22,27,10,30,14,39,4,54,15,17,25,8,23,16,56,26,6,18,38,3,55,49,37,19,5,41,2,53,1,48,33,40,13
305;60;30351;15985;51,41,17,16,1,5,6,53,50,46,35,14,37,20,33,48,8,29,39,19,32,40,3,45,22,18,9,12,44,34,47,11,57,23,55,28,31,30,24,36,25,58,7,59,54,52,38,4,42,43,15,13,2,49,56,26,0,27,10,21
306;58;25036;13620;46,4,50,36,33,34,22,31,28,49,42,47,3,15,55,40,18,59,48,44,56,17,32,6,58,8,24,27,14,19,57,13,37,25,23,1,12,43,10,21,2,54,20,26,0,30,9,35,16,51,38,11,53,45,52,29,7,41,39,5
307;105;53540;28568;13,9,4,59,35,41,2,43,49,12,40,24,52,14,7,54,20,34,45,42,27,30,3,36,1,11,53,38,46,56,57,15,44,33,55,6,58,21,8,23,17,39,51,50,25,10,31,47,28,18,0,5,48,16,32,29,26,22,37,19
308;176;103439;53628;24,0,17,18,14,39,40,23,16,6,35,59,53,34,21,30,56,33,2,11,12,47,22,50,28,49,46,58,9,41,54,4,44,1,8,36,42,55,37,57,7,13,32,31,48,19,25,20,5,51,38,10,52,45,26,29,43,27,15,3
309;120;69529;35811;33,31,53,22,11,24,28,15,36,51,26,17,8,44,48,0,5,27,29,7,30,56,21,25,54,12,2,16,39,20,37,6,41,23,46,55,14,47,43,49,35,18,4,59,57,19,50,40,13,3,10,1,34,38,32,42,45,58,52,9
310;70;33925;17109;23,10,58,20,34,8,49,45,1,43,4,36,41,57,53,19,47,37,32,25,52,2,56,29,54,13,5,44,16,48,39,26,15,11,51,46,22,30,40,14,9,6,21,24,59,35,18,27,3,33,55,17,42,7,50,28,0,38,31,12
311;79;37508;18378;33,29,54,37,11,47,49,14,13,2,27,22,34,15,35,17,44,24,9,40,10,43,39,46,16,0,41,20,48,52,19,36,50,31,45,53,58,23,57,42,1,3,12,56,32,38,30,6,21,5,51,7,8,28,55,59,4,25,18,26
312;72;32158;16756;17,20,23,50,28,11,19,38,0,8,30,9,56,47,49,2,54,57,3,45,29,18,1,21,22,27,15,31,25,32,46,36,40,43,58,48,5,10,41,51,42,55,37,39,52,26,59,44,4,34,24,13,53,6,16,12,33,35,14,7
313;60;33904;17819;37,47,22,15,59,38,4,43,57,49,7,16,3,33,51,17,48,34,27,2,44,28,10,19,0,53,9,5,14,21,24,29,1,42,25,36,35,23,31,58,55,11,41,13,46,39,30,20,40,26,8,18,45,56,6,54,52,50,12,32
314;94;49971;26729;22,41,20,34,28,17,9,40,38,14,45,26,3,24,19,31,58,1,48,5,16,51,56,10,32,12,21,44,46,8,33,35,6,23,30,36,53,49,39,47,37,25,4,27,43,15,13,42,2,59,7,52,0,54,11,57,55,50,29,18
315;73;35718;18546;3,28,50,0,12,51,2,56,21,25,16,58,47,14,5,26,55,59,37,8,29,35,33,30,36,34,18,10,54,1,13,48,27,46,44,39,57,17,53,23,15,52,42,40,11,20,32,19,9,7,4,22,49,45,24,38,31,43,41,6
316;64;32120;16656;35,40,3,16,49,55,6,25,37,23,15,28,38,22,14,58,31,2,29,8,11,13,4,30,57,26,48,0,52,43,33,47,1,41,24,46,45,51,53,19,54,56,27,21,36,50,17,9,5,20,39,34,18,12,10,7,44,42,32,59
317;110;65993;34311;40,32,49,6,37,31,2,15,25,1,52,29,41,42,10,34,11,27,43,22,9,53,54,39,59,13,4,7,23,3,30,17,28,47,5,45,35,33,16,48,55,51,46,20,58,50,36,26,21,14,57,8,38,18,19,12,0,24,56,44
318;58;23245;12600;7,24,45,19,25,37,36,56,54,41,46,55,26,16,42,38,18,50,20,30,35,29,22,17,21,39,44,53,34,52,2,49,43,15,9,3,40,1,28,0,58,59,33,32,11,51,8,57,14,10,13,23,12,31,48,4,47,5,27,6
319;83;44609;22699;44,24,41,13,51,33,27,52,3,28,8,9,29,5,35,38,16,42,54,46,47,31,50,56,2,43,22,19,15,32,18,6,57,0,37,30,53,45,21,48,36,40,20,59,25,58,14,11,1,49,7,12,34,39,17,23,55,4,10,26
320;88;49942;26704;30,52,58,11,16,46,6,53,21,38,29,8,48,3,1,14,56,15,0,26,28,22,13,20,50,25,9,57,43,24,49,4,34,33,7,39,37,23,19,27,36,40,44,45,47,12,35,10,5,17,59,18,2,41,55,31,51,54,32,42
321;68;37471;19305;37,12,54,35,34,17,5,22,15,47,21,14,19,1,41,44,55,56,10,59,49,2,24,42,39,18,51,20,8,26,33,9,43,29,27,45,7,28,6,23,3,4,40,13,52,11,31,58,48,38,16,46,53,36,25,32,50,0,57,30
322;48;19681;10795;43,23,31,9,22,24,21,4,18,10,45,32,8,46,17,29,53,33,2,49,37,14,28,13,52,26,1,6,38,57,55,19,56,47,50,51,11,3,58,39,54,20,42,30,35,34,25,44,59,48,5,7,16,15,41,36,12,0,40,27
323;120;64201;33594;21,55,16,47,9,49,8,51,25,53,15,20,32,44,36,1,5,2,29,7,3,28,40,0,30,4,17,11,27,39,50,59,10,37,42,31,54,35,43,33,6,24,57,26,18,56,46,14,58,41,48,34,13,23,12,45,38,52,19,22
324;80;41054;21051;58,21,24,41,50,44,46,48,27,32,15,13,3,1,59,37,40,9,10,47,28,20,26,38,2,36,51,39,23,14,17,4,42,53,7,49,5,22,52,30,43,25,16,54,33,11,57,45,8,31,0,18,29,12,55,56,35,34,19,6
325;97;51759;27695;28,17,23,32,22,40,46,5,38,58,9,7,50,59,0,51,3,57,19,47,43,25,6,10,18,55,42,48,12,31,13,15,11,56,1,26,33,45,49,37,52,4,27,36,35,44,14,41,8,54,2,21,39,34,16,53,30,29,20,24
326;67;28597;14953;54,11,17,59,55,23,3,4,49,24,13,5,14,37,40,52,21,18,36,46,19,34,20,26,29,12,56,58,30,15,50,28,44,2,7,39,33,16,41,38,35,32,31,27,51,47,6,8,1,22,43,9,57,25,42,45,10,53,48,0
327;51;24986;12177;48,1,51,10,49,18,22,59,27,19,4,28,32,15,57,11,42,47,2,6,34,3,41,46,9,31,7,40,16,38,33,20,14,39,23,54,53,43,0,45,21,25,36,24,17,56,13,35,50,26,12,44,58,5,8,37,52,55,29,30
328;52;23238;12950;2,26,13,32,16,53,4,31,38,51,27,10,29,44,57,7,54,21,8,35,1,47,56,12,42,3,18,40,48,9,20,41,11,55,52,39,49,14,6,50,59,43,45,37,28,19,25,23,5,24,36,15,34,46,33,58,22,30,17,0
329;57;28562;15040;2,7,9,0,47,20,42,17,33,41,55,23,14,38,4,56,37,18,15,39,32,57,19,3,45,13,27,44,8,24,51,21,30,49,50,5,53,28,1,12,29,31,58,16,22,25,43,10,11,46,36,59,40,26,54,35,6,52,34,48
330;72;33950;17674;20,22,40,18,35,54,0,26,1,48,49,8,31,39,44,52,10,17,4,5,21,34,2,57,41,9,12,11,53,28,23,47,16,58,46,14,6,27,30,36,7,38,33,25,29,37,24,51,45,42,3,13,19,15,56,32,50,55,59,43
331;92;51713;27673;22,47,7,8,13,18,55,17,2,48,56,14,27,23,38,30,19,49,44,54,33,21,29,24,12,25,52,34,6,41,36,50,57,37,4,5,59,46,43,31,3,42,40,28,53,58,10,1,11,39,15,20,9,16,51,45,0,26,35,32
332;68;30376;15946;30,57,39,13,12,28,42,2,45,8,17,43,4,38,54,56,26,58,19,36,9,7,40,16,11,0,22,15,1,25,20,44,31,33,18,59,3,52,41,46,48,51,6,55,50,53,49,47,35,23,27,24,29,37,34,21,14,5,32,10
333;89;49958;25197;6,14,33,43,46,50,17,42,5,34,22,26,41,47,58,10,3,21,44,48,40,38,56,59,57,54,0,30,29,53,18,39,8,16,2,23,11,52,19,15,4,1,25,37,7,20,9,49,27,32,51,55,24,13,35,31,12,36,45,28
334;78;39273;21102;13,24,38,17,1,16,29,21,27,52,53,3,49,31,4,6,22,8,25,26,11,55,19,36,42,2,56,48,46,50,20,57,45,12,43,54,9,14,41,18,0,59,33,39,32,10,35,37,23,7,5,30,28,34,44,58,47,15,40,51
335;82;41066;21566;42,53,25,22,36,56,45,6,41,58,37,9,55,29,48,52,59,11,1,20,30,13,57,46,0,50,16,35,23,26,14,2,49,54,27,15,5,39,44,21,4,51,17,8,38,19,10,28,12,34,24,3,18,7,32,33,43,47,40,31
336;66;32117;17017;16,57,17,3,53,42,50,20,45,48,10,40,19,49,6,21,9,54,38,56,2,0,52,7,34,25,18,22,1,41,28,12,27,8,14,13,30,58,43,31,35,5,26,59,11,32,36,24,51,23,39,33,46,4,44,47,15,55,37,29
337;101;46441;23644;7,47,34,36,22,25,45,19,1,54,3,18,24,43,23,4,51,41,53,46,32,48,31,8,28,21,5,50,0,26,56,27,49,2,52,58,15,16,40,30,20,37,29,14,59,55,9,35,38,44,13,6,57,17,42,33,10,11,39,12
338;72;32173;16875;26,51,15,29,8,16,20,9,42,37,36,43,17,0,30,10,2,58,22,56,40,1,55,13,34,44,3,52,11,50,25,24,14,45,27,18,28,12,19,46,39,48,5,21,33,59,23,7,6,35,31,54,32,4,49,53,41,47,57,38
339;98;51734;27723;27,29,31,53,10,42,3,57,33,49,55,22,12,59,13,6,16,20,41,58,32,9,19,38,18,52,54,40,37,34,39,30,2,56,28,51,15,50,4,23,45,35,17,44,47,46,36,1,7,21,5,11,14,43,8,25,0,24,48,26
340;91;44632;22715;10,13,50,48,54,21,49,5,25,8,3,39,27,15,57,44,19,17,30,53,4,59,37,23,32,34,14,43,16,55,36,12,7,35,33,42,38,9,46,31,40,47,20,51,52,26,28,18,45,24,58,0,56,29,22,1,11,6,2,41
341;89;49936;26403;30,41,7,23,33,51,37,58,21,43,56,19,35,40,0,42,52,1,13,48,8,27,20,29,39,18,15,31,11,59,47,38,53,34,25,54,55,49,10,28,14,26,46,36,4,24,22,44,16,57,12,2,9,50,6,5,32,17,3,45
342;117;62443;32549;36,27,3,23,49,19,11,13,15,37,20,8,44,57,17,18,22,50,7,31,29,42,41,5,24,26,54,25,55,32,30,6,43,12,14,38,46,0,40,53,9,1,33,4,28,52,21,39,34,10,2,59,47,51,45,48,16,58,35,56
343;70;32158;16796;51,38,53,22,33,45,39,6,5,50,27,1,59,0,42,52,16,54,23,31,32,29,55,3,10,9,20,2,15,44,25,40,43,48,30,57,34,21,41,24,17,35,28,11,46,19,58,12,13,36,7,37,26,49,8,4,47,14,56,18
344;95;51760;27214;56,32,4,22,48,16,40,8,33,28,46,54,19,34,10,11,17,43,53,37,0,59,44,35,50,57,58,42,6,3,14,45,29,24,21,5,12,51,41,39,20,30,49,38,31,9,13,1,7,52,36,47,15,2,25,23,26,27,55,18
345;128;69562;36229;6,58,31,53,41,39,10,54,59,52,0,16,1,46,25,17,11,4,49,23,26,33,40,35,20,13,44,14,48,36,5,19,24,3,2,27,55,7,32,8,12,22,38,37,45,50,15,43,30,28,42,18,29,9,47,34,57,21,51,56
346;88;48197;24392;53,31,47,58,55,6,22,49,1,34,59,25,33,28,24,51,7,41,3,20,11,36,57,48,43,14,17,23,30,26,35,38,4,27,56,21,29,40,39,16,46,52,42,45,19,2,18,10,9,50,54,13,15,12,5,37,0,32,44,8
347;132;82004;43042;46,48,51,6,32,47,42,52,8,26,18,0,20,10,43,22,44,53,54,13,29,34,38,35,33,59,36,56,17,28,23,49,1,4,7,9,12,37,2,50,55,3,15,25,30,19,57,16,24,41,27,21,40,5,14,31,58,45,11,39
348;98;51750;27032;24,43,57,22,18,39,2,55,17,58,0,52,8,30,28,34,9,11,16,14,29,53,20,38,44,59,32,31,37,25,7,27,56,49,42,13,50,36,40,1,12,6,26,23,47,21,33,19,48,4,5,54,45,46,3,10,15,35,41,51
349;68;37466;19864;37,55,8,45,39,7,3,44,14,56,32,31,30,33,11,12,21,47,6,57,20,40,4,53,19,10,5,41,1,24,15,35,49,13,36,25,23,52,22,2,27,42,51,18,0,16,59,46,43,9,28,58,17,50,29,26,38,54,34,48
350;70;30382;16228;33,3,36,10,16,35,27,48,58,15,11,5,17,52,20,57,28,26,44,2,56,22,34,55,40,54,0,47,50,25,24,29,19,38,46,12,7,51,45,31,53,13,37,6,23,43,30,18,41,59,1,14,49,21,39,42,32,9,8,4
351;46;21427;10265;4,8,15,1,52,32,11,56,9,13,54,58,16,41,22,19,55,37,47,57,28,45,43,31,7,10,24,14,40,36,17,12,5,21,0,46,39,20,51,23,27,53,26,30,42,49,33,29,18,44,3,50,2,59,35,38,6,25,48,34
352;119;60680;31829;8,20,14,40,53,5,12,35,23,47,33,49,29,58,50,1,2,46,19,37,51,41,28,4,54,3,10,15,7,16,55,57,32,24,17,38,18,36,43,31,21,25,9,59,11,6,34,22,44,48,39,42,30,52,56,27,45,13,26,0
353;55;26792;14433;39,49,35,38,46,29,0,37,25,12,56,15,45,19,41,7,58,54,32,13,44,36,4,1,23,28,11,52,10,2,8,9,14,42,40,21,26,5,20,17,6,59,48,31,30,24,16,57,51,50,47,22,34,18,33,3,43,55,27,53
354;66;30358;16318;21,44,45,5,20,40,6,50,57,16,15,11,47,30,39,37,35,29,48,8,56,7,18,14,10,51,46,0,9,22,12,3,43,38,31,42,25,19,4,24,32,58,55,13,2,41,17,36,49,54,1,23,26,34,28,53,33,27,52,59
355;108;51769;27836;43,57,31,50,32,49,9,40,3,35,7,48,12,39,0,26,52,42,4,22,6,11,16,5,14,44,23,21,8,10,15,54,28,46,2,27,25,34,1,30,17,13,33,41,38,53,59,56,45,18,20,58,24,36,19,51,55,37,47,29
356;98;55304;28708;38,53,52,10,59,9,11,27,41,54,14,39,1,57,28,24,8,37,42,23,32,56,46,17,6,33,19,22,50,15,51,2,44,7,25,45,31,48,30,35,0,26,29,20,12,36,18,58,40,47,3,43,4,16,5,34,13,21,49,55
357;80;41065;21729;35,54,3,46,15,51,21,38,8,37,23,48,30,29,45,44,28,20,10,59,40,43,16,27,18,26,57,1,31,24,53,4,34,22,55,7,2,25,52,50,49,58,6,11,36,33,12,32,39,5,14,13,41,42,17,56,19,9,47,0
358;64;30365;15958;3,10,11,23,15,45,24,9,53,8,56,50,20,48,4,42,43,38,36,31,18,7,0,26,12,5,39,13,58,34,2,40,49,51,25,21,30,14,41,54,27,47,37,33,17,32,6,16,35,46,52,59,28,1,29,57,55,22,19,44
359;64;28600;15311;41,17,35,34,20,12,31,21,50,28,59,14,56,44,3,48,33,7,10,8,47,55,29,58,15,53,18,37,30,16,4,25,51,36,54,49,57,24,52,38,27,1,22,5,9,19,45,42,11,0,13,6,40,23,46,2,32,39,43,26
360;59;26804;13875;57,33,47,32,40,18,34,25,24,16,54,51,8,58,17,0,12,19,52,23,5,4,41,42,29,59,21,1,37,49,50,9,26,14,2,46,45,7,28,30,38,36,31,35,43,39,27,56,6,55,15,44,20,48,11,10,3,22,13,53
361;72;32159;16876;57,3,52,59,37,8,38,25,31,7,17,53,12,24,46,49,47,19,14,42,6,54,44,5,18,13,58,0,43,34,15,26,48,40,45,55,4,39,10,9,50,33,20,1,35,41,21,56,30,29,28,23,36,2,32,51,16,27,22,11
362;92;51727;26439;22,49,39,33,37,23,42,54,1,48,27,28,52,16,44,17,3,24,6,13,19,50,56,25,20,0,59,35,53,41,38,26,7,57,45,4,14,36,43,18,5,58,34,8,46,32,2,47,12,21,55,9,11,51,10,30,31,15,40,29
363;61;26805;14125;56,44,9,5,20,26,52,2,4,18,34,35,12,59,42,47,39,57,19,45,6,31,24,15,53,46,55,13,0,29,54,48,11,33,14,30,36,38,28,8,23,40,22,25,27,21,16,32,10,17,50,41,43,3,49,37,51,1,58,7
364;67;32150;16561;51,39,46,47,6,7,26,1,13,17,14,37,20,2,48,21,52,27,19,38,32,0,9,8,56,4,16,12,22,11,25,15,3,10,55,33,57,30,44,50,41,49,29,40,43,45,31,28,23,24,18,42,58,59,53,36,54,35,5,34
365;96;53511;29192;32,10,53,31,4,7,33,21,39,8,56,34,37,26,20,0,24,18,14,3,16,41,43,25,50,57,55,11,23,22,13,48,58,12,52,46,30,9,40,49,38,54,1,17,28,19,35,42,59,6,36,51,44,2,5,15,47,27,29,45
366;76;44568;22657;36,1,45,11,19,57,25,33,13,15,52,50,0,17,37,34,56,32,53,28,22,35,16,8,59,24,55,6,2,43,23,31,48,49,5,12,29,18,7,41,44,39,58,10,27,3,46,26,42,30,21,51,20,4,38,47,40,54,9,14
367;97;49951;27765;19,46,21,1,0,25,6,14,3,55,45,24,49,28,15,18,57,41,20,30,54,29,44,37,34,23,52,40,31,48,42,50,35,7,27,33,47,16,43,9,58,11,32,56,22,12,38,8,2,51,17,39,5,13,59,4,53,10,26,36
368;82;41062;20981;0,29,40,15,25,10,1,16,35,53,46,58,17,4,51,41,44,39,34,18,19,8,38,20,55,57,54,56,27,11,36,42,52,7,43,6,32,2,5,33,23,13,30,45,47,24,37,59,31,28,9,50,48,14,3,49,26,21,12,22
369;89;46404;23628;23,32,34,13,41,18,29,31,21,39,55,22,10,16,38,49,40,12,42,54,11,58,25,6,17,19,2,53,35,14,57,51,48,27,46,0,44,3,36,52,8,33,47,59,50,28,26,56,1,4,20,9,43,45,5,37,15,24,7,30
370;110;60623;31682;9,10,6,20,43,31,1,45,7,41,22,13,49,18,54,36,32,48,26,0,52,4,15,33,56,38,29,42,23,28,12,5,40,14,50,57,51,55,19,21,2,59,17,34,24,35,16,58,25,37,27,39,30,11,44,46,47,3,8,53
371;69;33931;17669;5,26,37,19,1,42,39,23,33,28,10,56,46,35,58,13,18,43,31,40,32,59,44,25,53,34,8,50,38,55,22,9,6,36,17,45,4,30,41,11,2,12,0,15,52,20,47,29,21,14,16,7,3,57,48,54,27,24,49,51
372;79;37510;19403;2,12,52,42,59,30,28,1,38,34,53,26,22,49,47,54,31,45,16,21,55,33,32,5,7,50,11,48,35,44,41,23,51,37,57,18,6,25,3,19,9,4,14,39,0,20,10,56,27,8,29,58,40,13,36,17,46,15,24,43
373;86;39288;21298;56,28,29,24,55,19,27,13,45,4,5,35,47,36,53,6,48,57,58,7,44,15,41,11,25,16,39,30,0,26,59,14,20,21,42,46,38,23,37,2,8,51,10,52,49,18,34,54,9,1,33,50,22,12,31,3,32,40,43,17
374;66;32148;16797;53,41,30,21,35,47,8,33,39,32,29,49,37,20,15,46,55,4,42,13,52,40,2,36,31,6,51,22,28,54,34,48,27,50,9,1,7,58,43,38,44,57,11,25,24,5,3,26,23,45,10,18,59,0,12,14,19,56,16,17
375;60;26809;13295;54,18,40,26,11,31,2,48,17,12,33,47,35,16,58,28,23,6,14,20,52,46,15,24,22,1,3,8,10,34,36,4,56,42,38,13,39,21,37,5,29,51,19,59,53,9,45,49,27,7,30,0,57,25,43,55,50,41,32,44
376;61;28585;15439;34,15,5,14,1,53,16,19,42,50,17,45,47,22,37,27,30,29,23,11,10,36,24,44,9,32,13,48,40,41,39,46,38,58,33,6,21,57,35,20,0,2,31,54,25,28,59,43,18,7,8,51,55,49,52,3,56,26,12,4
377;75;33965;17867;17,43,40,18,41,7,46,59,31,5,28,27,30,3,45,34,38,23,25,49,20,9,54,29,55,19,4,44,11,56,57,51,35,33,37,50,36,0,1,53,58,2,26,12,32,15,14,22,48,52,24,21,39,10,8,16,6,42,13,47
378;103;55299;29352;42,1,6,28,52,3,13,53,59,22,17,54,27,31,4,35,20,24,11,38,48,56,45,8,7,26,16,40,37,41,51,21,12,50,29,15,18,25,0,23,33,14,30,44,57,49,2,32,9,46,47,5,10,19,58,39,34,55,43,36
379;67;37465;19194;48,55,34,20,32,29,35,18,36,52,23,2,10,45,8,59,17,57,11,38,9,21,31,54,19,49,0,26,12,47,6,58,40,4,53,15,13,22,37,46,16,1,51,24,7,43,30,44,14,33,42,5,41,50,27,28,25,39,56,3
380;87;42871;23701;15,27,5,48,56,14,45,13,9,33,22,50,19,29,47,12,41,24,31,35,44,59,28,1,39,57,34,16,11,20,7,18,32,53,25,2,23,46,26,3,54,0,43,42,55,37,36,10,6,4,51,8,49,58,30,38,52,17,40,21
381;64;32133;16967;11,4,31,59,26,20,47,25,17,29,52,27,22,41,3,40,2,51,19,24,6,32,43,7,48,28,39,37,5,53,9,15,36,38,56,13,55,12,58,46,49,16,50,18,10,23,45,34,35,0,21,8,30,54,44,33,57,1,42,14
382;73;39256;20462;13,44,12,19,18,6,41,47,17,4,3,56,21,11,30,2,8,43,54,52,58,32,29,1,40,5,34,27,50,48,25,57,36,10,31,33,15,53,42,46,20,51,16,9,22,26,24,49,55,7,14,59,39,38,0,23,35,45,28,37
383;133;71364;36825;40,25,44,50,54,18,59,24,23,26,43,41,57,17,3,38,2,11,9,33,0,52,19,42,48,47,56,51,16,31,58,34,6,36,46,15,39,30,22,28,12,55,5,45,49,53,4,21,8,10,20,13,35,32,37,27,1,14,29,7
384;78;37491;19451;52,56,15,57,49,23,54,7,17,24,11,35,39,48,6,55,13,16,31,2,44,30,10,36,28,32,26,22,50,37,9,42,51,53,45,20,29,40,27,18,5,19,34,8,38,4,59,1,33,12,21,25,43,47,3,0,58,46,41,14
385;70;33939;18566;34,4,15,24,26,27,51,55,57,59,50,10,6,58,45,0,47,52,7,40,1,46,36,19,29,43,49,17,11,22,53,38,18,12,8,39,25,42,16,2,48,20,56,32,28,31,3,41,5,54,23,33,13,21,14,44,9,35,30,37
386;90;46392;24078;1,6,11,32,50,38,36,2,0,21,46,55,27,26,22,20,43,39,45,48,41,16,44,23,28,42,40,58,5,17,4,30,3,10,19,33,57,31,18,13,7,49,35,59,34,37,24,14,15,25,8,29,9,51,47,52,54,53,12,56
387;53;25000;13520;21,24,28,51,46,12,53,52,23,38,34,41,58,7,30,36,55,3,22,17,18,35,32,49,43,57,20,50,45,19,33,59,40,13,56,9,26,39,44,25,48,15,2,8,6,10,5,14,0,29,42,11,31,47,1,37,16,4,54,27
388;71;33921;17764;32,29,12,11,48,45,9,30,59,52,25,35,51,34,1,0,23,44,22,10,43,36,3,57,55,58,15,14,16,49,38,7,24,8,27,2,31,21,47,46,19,5,40,50,18,39,26,20,42,56,54,53,13,4,17,28,6,33,41,37
389;97;53516;27945;31,44,52,41,43,33,51,36,24,2,18,16,15,27,5,26,29,50,45,21,20,37,40,42,22,35,0,19,28,39,6,54,55,7,25,34,59,10,56,17,1,53,48,9,13,47,30,12,14,49,8,57,46,38,3,58,4,23,11,32
390;52;24991;12190;12,25,4,31,17,1,52,33,14,13,5,41,49,7,20,55,9,6,30,3,50,18,42,57,35,11,34,46,16,19,36,26,59,45,23,8,43,44,54,51,40,28,21,0,22,48,2,24,53,37,27,39,56,15,10,32,47,38,29,58
391;58;32129;16928;31,32,46,6,14,9,58,39,30,56,11,50,5,47,21,59,34,40,27,4,55,19,41,3,29,24,43,28,12,57,18,38,7,23,53,45,35,10,54,51,22,33,37,49,8,48,17,13,1,2,15,36,42,0,26,25,44,52,20,16
392;62;30350;16082;55,40,7,6,48,44,29,53,45,30,5,34,57,16,10,17,1,38,25,43,52,31,26,56,19,33,46,47,28,58,4,59,20,21,49,27,39,37,22,8,50,18,41,9,36,51,15,11,14,54,3,0,35,2,23,12,32,13,42,24
393;74;30396;16306;47,0,1,25,58,24,48,14,45,41,49,3,32,35,12,10,11,59,22,5,19,51,28,7,43,21,31,52,17,40,54,36,27,13,46,42,37,30,18,50,8,39,2,38,23,4,56,57,29,55,33,20,6,34,16,15,26,44,9,53
394;62;28595;15281;13,18,46,19,34,47,36,16,27,41,22,51,28,11,14,12,52,8,54,55,32,37,44,56,50,23,58,10,9,48,59,17,6,39,49,20,24,1,21,31,33,57,29,35,53,0,45,26,5,25,3,38,30,42,15,2,43,4,40,7
395;80;42816;23401;27,28,32,43,29,21,0,55,5,30,11,24,19,37,18,35,52,4,56,34,10,22,1,53,50,6,59,42,49,41,25,31,54,2,45,33,13,36,46,17,16,15,58,44,8,3,23,47,12,51,26,14,20,48,38,39,57,40,7,9
396;60;26794;13429;39,57,45,43,0,50,51,12,2,20,52,47,3,11,46,6,35,26,27,28,34,53,22,40,4,14,32,54,58,36,10,5,18,13,38,15,25,42,49,8,24,33,55,31,21,48,7,16,17,30,23,37,56,1,29,44,9,59,41,19
397;95;53540;27459;56,52,31,3,13,14,28,29,23,27,35,24,22,2,49,47,20,32,18,9,11,51,10,25,19,37,16,12,46,48,6,39,55,7,17,4,45,36,43,8,26,50,34,59,5,57,53,30,21,33,0,42,1,41,15,54,38,44,40,58
398;127;71340;36774;9,43,13,51,47,45,32,59,39,27,6,48,23,17,19,16,28,12,20,33,55,35,41,18,52,38,53,24,31,7,50,44,22,54,3,36,2,21,8,26,25,15,40,49,0,10,46,14,1,4,37,5,30,42,57,29,34,58,56,11
399;72;32160;17357;42,48,35,26,19,53,46,23,45,33,12,44,1,52,49,9,28,40,51,27,56,2,20,17,25,3,11,31,57,10,7,13,58,29,4,18,16,55,59,15,6,34,39,8,47,5,50,21,30,38,37,0,24,41,36,54,22,14,32,43
400;75;41050;22489;57,10,38,49,34,23,19,44,50,28,12,6,27,55,59,3,9,37,29,18,56,4,53,17,7,25,8,0,45,46,21,43,35,31,36,13,5,51,11,47,22,2,41,1,24,26,52,20,40,48,14,32,15,54,16,42,39,33,58,30
401;108;57098;30401;39,11,47,37,2,20,13,25,15,0,29,45,52,7,41,5,54,22,46,49,24,56,19,4,17,12,59,40,14,44,38,42,16,48,1,33,50,8,18,31,55,57,26,30,58,10,28,34,27,53,9,36,32,23,43,21,3,51,35,6
402;80;41040;21717;37,11,7,40,44,24,1,49,50,34,21,30,55,18,15,17,28,56,59,52,20,8,9,12,47,58,35,36,14,22,48,25,10,0,32,27,5,39,42,45,57,33,29,13,3,43,16,6,51,31,38,54,46,53,2,26,4,23,19,41
403;48;23210;12866;48,11,41,46,57,17,58,53,23,51,20,59,34,5,7,55,40,9,2,39,16,56,29,3,6,31,52,35,36,43,21,22,10,4,27,15,42,1,30,8,50,37,38,54,13,26,28,44,32,33,0,49,14,18,25,24,45,12,19,47
404;102;55319;27571;5,3,59,43,57,4,18,36,46,52,25,17,32,7,53,6,34,47,35,38,37,44,56,19,9,13,8,11,42,55,21,48,0,26,31,15,58,39,54,33,27,49,16,20,10,50,30,1,29,28,12,14,22,45,40,2,51,23,24,41
405;106;53538;28741;44,0,16,1,57,27,42,56,23,7,48,34,37,58,12,24,53,36,52,59,17,55,26,14,4,35,10,29,47,43,30,2,31,46,15,50,38,45,40,5,49,51,41,22,13,20,6,11,39,21,33,25,3,8,9,54,18,28,19,32
406;55;25005;13459;57,2,40,43,48,8,58,18,59,29,30,7,47,1,17,26,35,19,39,10,44,16,20,5,27,0,23,32,24,49,31,53,56,22,55,9,25,21,54,42,37,41,3,36,34,11,15,13,28,6,51,33,46,45,52,50,38,4,14,12
407;67;30370;16032;2,43,8,55,30,19,52,24,31,22,34,54,17,28,4,41,32,38,42,21,49,15,59,3,40,37,58,47,56,26,50,44,27,1,5,12,7,14,20,13,45,10,51,33,57,29,53,0,25,35,39,48,11,9,23,6,16,18,36,46
408;70;39239;20355;49,19,46,15,38,14,26,54,27,10,1,47,48,57,16,44,58,32,34,36,41,43,24,21,52,7,11,5,3,4,42,25,18,53,28,8,0,50,31,45,29,40,20,9,6,51,30,59,37,33,17,35,56,2,55,23,22,39,12,13
409;133;76685;39936;24,47,39,31,1,18,4,43,23,44,29,16,10,12,37,40,59,34,57,53,22,17,52,41,14,25,6,2,15,19,50,36,56,13,20,33,48,55,58,8,28,11,51,38,21,3,30,45,9,7,0,5,42,54,49,46,35,26,32,27
410;90;48190;24839;40,18,47,7,10,30,53,3,33,54,8,59,56,39,1,36,51,44,16,31,32,17,52,38,48,58,4,15,13,11,25,49,26,28,37,21,2,5,0,23,55,57,12,45,14,41,46,22,20,50,24,35,29,6,34,9,27,42,19,43
411;107;58863;30866;56,16,2,35,28,6,37,7,24,47,36,9,18,0,25,53,39,43,48,57,44,15,26,13,33,11,55,19,17,22,5,52,58,8,27,42,34,31,32,45,23,29,14,30,50,1,38,10,54,49,40,51,3,21,4,20,41,46,59,12
412;108;58872;30787;18,34,31,16,33,7,37,1,36,51,53,27,40,29,44,20,22,12,52,39,26,45,0,35,55,54,19,6,50,41,3,48,8,47,24,28,42,5,11,15,14,38,43,49,4,56,9,58,10,13,46,30,23,2,59,17,32,21,57,25
413;93;48183;24403;36,1,5,40,55,9,54,28,6,17,53,34,58,59,39,41,20,18,27,50,11,12,56,51,43,10,37,25,49,3,33,44,0,15,45,4,30,31,52,26,29,22,13,35,24,32,48,7,57,23,38,14,21,16,19,46,2,42,47,8
414;125;71351;38115;24,26,33,13,1,38,8,10,4,11,55,59,22,2,40,53,3,28,21,16,47,17,58,35,51,45,54,12,32,50,18,48,9,27,7,36,56,0,41,25,31,30,49,29,44,20,6,43,37,14,23,15,19,57,39,52,46,34,5,42
415;98;49991;25469;12,28,49,2,22,54,30,48,23,31,42,46,50,35,41,51,5,0,44,47,56,29,19,3,53,55,17,43,16,32,4,1,39,15,45,59,21,13,6,20,25,24,40,8,52,10,57,34,18,27,38,58,7,36,33,11,14,9,26,37
416;66;30364;15917;0,56,36,17,20,49,4,48,31,21,25,8,14,9,16,32,27,54,40,29,22,57,53,50,19,15,3,2,6,55,10,24,44,38,28,46,59,41,18,5,52,33,42,37,23,1,30,26,58,7,13,43,34,45,11,35,47,51,12,39
417;64;32131;16898;49,22,50,30,51,54,46,2,14,35,56,42,41,39,12,9,11,4,44,57,55,38,52,13,24,58,28,19,10,16,17,31,29,27,21,18,37,3,32,6,7,26,59,53,1,47,15,34,25,45,23,48,0,36,20,33,5,8,43,40
418;71;41025;20834;45,24,15,26,38,37,57,32,31,27,6,52,2,18,42,43,35,30,40,19,12,44,29,54,4,58,25,46,8,33,53,49,34,47,11,39,13,17,7,10,23,1,55,16,51,22,9,20,41,48,50,21,14,56,5,0,59,36,28,3
419;82;35741;19647;58,45,0,38,26,28,42,55,8,25,32,49,35,9,22,19,30,41,2,20,7,27,16,6,1,4,5,10,56,37,33,34,18,51,17,14,40,46,36,24,48,59,29,54,53,44,11,43,13,23,12,50,52,57,21,39,3,15,47,31
420;90;49963;25540;4,12,17,1,22,35,18,33,38,47,0,49,21,37,11,27,24,56,41,25,34,42,52,46,32,50,7,40,8,51,13,30,19,15,44,14,10,3,26,16,2,31,54,59,45,6,43,9,57,39,23,58,5,36,29,20,55,53,28,48
421;85;42847;21840;39,41,25,20,5,14,35,28,17,22,29,44,1,54,48,16,7,43,57,33,19,46,12,49,3,9,26,6,11,2,38,10,32,18,27,15,50,21,4,34,47,52,53,51,8,55,36,23,42,37,31,40,45,13,56,58,0,30,59,24
422;92;53512;28323;50,53,16,28,9,45,33,8,58,25,12,43,22,48,51,40,55,52,32,14,56,49,44,59,41,35,6,54,15,1,18,37,4,36,3,38,42,31,23,27,21,5,17,30,46,0,2,29,7,13,10,20,39,57,24,11,34,26,19,47
423;76;42830;22137;12,23,51,6,26,20,30,17,31,45,10,34,55,52,22,48,16,9,13,27,15,39,40,3,24,43,28,57,58,29,21,19,53,11,5,8,2,49,47,38,25,32,41,14,33,54,36,42,50,7,46,4,37,0,56,18,1,59,44,35
424;61;26806;13398;8,10,20,56,3,6,59,23,18,28,45,38,9,55,43,11,34,2,22,57,52,13,24,5,54,40,41,19,31,48,4,37,17,26,36,33,51,30,35,1,25,15,44,39,7,0,47,42,58,16,14,53,46,32,50,21,49,12,29,27
425;93;51747;27822;9,32,47,6,19,55,33,46,44,51,8,38,4,50,59,25,11,24,5,12,10,27,43,42,15,40,18,57,16,29,3,41,20,48,7,37,13,56,0,53,31,21,39,45,34,54,17,22,23,35,28,49,26,14,58,30,1,2,52,36
426;109;53553;28539;35,30,52,19,3,40,9,47,13,2,45,7,49,34,50,32,8,4,58,15,55,38,44,33,53,5,46,16,10,43,17,31,41,37,28,59,27,23,24,0,42,12,54,57,21,36,39,11,29,1,48,26,56,18,20,14,6,25,22,51
427;66;35684;18662;23,7,8,14,58,12,20,51,5,28,53,44,55,26,59,17,25,39,42,41,9,3,40,52,54,30,15,56,16,29,34,50,46,57,45,38,33,35,4,48,47,2,11,49,37,6,21,0,27,32,31,10,43,13,24,19,1,36,22,18
428;75;41047;20863;57,40,12,26,19,55,56,8,39,3,42,22,51,21,16,23,24,28,1,48,32,9,11,31,44,58,46,41,33,13,45,15,47,10,6,52,18,4,59,29,17,49,50,2,14,27,36,20,38,43,25,53,0,30,54,35,7,5,34,37
429;64;30356;15902;41,7,45,6,14,58,44,39,54,29,49,27,15,36,32,20,42,12,40,17,48,9,22,59,23,31,18,46,50,57,28,1,16,2,11,38,34,33,4,51,53,8,55,30,26,35,25,0,19,24,43,3,47,5,56,37,52,13,21,10
430;88;51735;27658;26,49,27,58,2,57,59,47,5,6,0,1,40,11,39,54,29,41,13,35,28,48,9,55,22,16,31,10,52,37,3,33,36,50,30,23,32,25,43,8,15,46,38,7,42,34,44,12,18,51,21,14,53,24,45,17,4,56,19,20
431;85;44606;22750;28,52,31,19,57,2,3,47,26,11,50,17,35,5,41,42,1,13,22,6,40,24,20,29,12,33,44,45,21,53,58,51,46,34,54,7,0,36,9,59,38,55,48,32,25,23,27,43,18,4,8,49,30,15,37,39,56,16,14,10
432;105;60644;31628;6,4,56,41,11,23,8,59,31,32,12,49,35,16,44,37,18,26,51,58,40,36,54,39,17,34,52,5,42,3,57,48,20,53,29,55,27,2,10,15,13,19,0,38,28,9,43,1,14,33,30,46,24,25,45,7,22,21,50,47
433;57;26772;14468;31,28,21,22,52,2,24,59,27,44,51,0,43,7,45,36,42,39,46,55,50,29,16,12,4,14,35,20,37,54,17,13,1,48,25,11,5,56,23,58,57,3,26,34,49,10,9,6,18,40,53,38,30,15,8,41,47,33,19,32
434;94;49957;25508;29,35,24,55,3,59,43,56,31,57,47,33,21,20,23,49,2,32,12,48,10,15,28,5,36,58,25,51,54,26,22,14,0,52,38,42,11,27,19,46,53,18,1,34,16,4,45,40,41,6,17,8,30,44,39,7,50,13,37,9
435;73;33956;18211;47,16,17,43,42,30,14,15,57,33,21,37,55,2,24,1,32,6,44,11,0,39,25,13,53,19,45,12,9,18,36,28,8,38,31,46,59,29,5,52,35,56,51,22,54,40,4,3,27,20,48,49,58,50,41,26,10,23,34,7
436;69;35706;18976;13,18,10,16,41,54,14,48,38,31,44,57,28,30,5,49,25,26,20,46,29,21,40,35,33,52,59,19,9,22,7,23,55,51,37,15,3,11,4,12,1,39,43,42,8,58,47,32,45,53,17,56,6,50,36,34,0,24,2,27
437;103;62403;32714;31,52,5,59,2,53,1,51,48,43,37,12,39,0,6,58,55,4,49,15,32,33,41,13,42,18,34,46,56,9,25,36,54,7,38,45,11,14,10,16,23,26,22,19,8,3,30,44,28,24,27,21,57,40,47,20,50,17,29,35
438;78;33951;17666;1,40,7,4,18,35,32,41,33,3,14,49,56,50,2,52,0,46,34,11,37,59,57,5,24,48,29,39,15,20,54,6,28,9,53,55,19,13,12,25,17,43,21,58,42,26,51,10,36,47,27,30,44,23,45,8,31,22,16,38
439;134;80218;41030;43,41,33,11,0,16,7,22,2,29,32,24,6,28,51,5,58,15,42,48,40,17,49,38,19,37,44,27,52,47,26,14,56,45,36,13,23,30,20,39,31,46,59,21,54,25,53,9,4,18,55,8,34,57,3,12,35,50,1,10
440;92;44630;24567;2,40,16,10,7,49,57,58,15,23,26,22,11,34,19,30,44,13,43,59,0,31,6,3,14,47,29,53,24,27,45,33,12,18,28,5,54,48,4,46,17,21,39,38,41,51,35,50,25,8,55,20,52,9,36,56,32,37,1,42
441;80;41053;20864;58,32,52,40,24,42,31,6,9,38,33,16,23,1,48,46,20,39,3,5,41,57,37,27,18,36,29,2,54,19,15,12,7,44,49,45,8,47,10,30,56,22,21,59,43,50,28,14,51,53,35,0,17,11,34,26,55,25,4,13
442;85;42842;21974;53,8,57,4,32,18,7,11,2,48,25,54,20,1,22,38,19,36,44,10,37,39,28,21,6,33,46,31,58,41,59,56,52,0,12,15,51,29,42,17,47,27,5,49,24,13,14,34,55,23,30,35,26,16,43,45,9,3,40,50
443;141;80251;42455;2,55,48,0,28,5,36,4,13,44,47,52,23,54,11,3,22,38,57,37,19,20,46,25,45,49,51,31,7,6,27,30,41,34,17,58,14,12,24,9,35,1,56,15,33,16,50,43,21,18,42,40,29,39,8,26,53,10,32,59
444;90;44622;22756;15,43,8,0,39,33,18,10,50,31,55,53,48,5,29,12,13,24,22,30,45,56,19,6,41,32,57,49,54,26,21,1,34,42,23,38,3,25,58,40,2,51,28,14,37,52,11,16,27,36,4,46,20,9,7,59,47,17,35,44
445;90;53507;28089;57,51,11,47,38,52,6,40,1,16,23,12,27,26,28,13,8,22,58,18,56,36,0,30,10,5,31,37,54,50,55,34,32,48,24,3,45,33,4,35,53,43,39,2,46,15,7,42,44,14,49,59,21,17,20,25,29,9,19,41
446;50;24995;13626;31,42,6,10,41,46,52,59,21,23,57,53,11,45,49,12,16,9,56,28,32,22,26,24,33,27,40,5,13,4,35,17,7,3,51,36,25,43,54,18,8,19,55,39,14,44,38,58,20,15,37,0,48,50,29,34,30,1,2,47
447;87;42849;22003;51,32,34,28,47,23,13,55,54,58,2,12,11,42,25,1,57,10,41,14,56,27,22,9,39,20,21,48,30,16,8,15,19,49,36,5,53,46,50,52,43,24,0,35,7,44,31,37,6,59,38,33,18,29,17,4,45,3,26,40
448;103;51742;27578;8,3,59,39,34,47,36,57,12,42,32,30,22,17,18,25,7,10,5,13,15,14,48,55,21,38,16,51,28,9,44,45,54,20,58,11,0,35,2,33,52,53,24,6,23,37,19,56,31,50,1,26,27,46,43,49,41,4,40,29
449;58;28569;14955;35,29,12,14,33,40,23,46,4,11,5,57,50,7,58,42,8,24,53,47,19,55,52,25,27,0,56,30,36,20,44,6,38,48,18,39,43,21,49,28,45,54,31,1,15,10,17,37,59,51,9,13,32,16,34,22,2,41,3,26
450;89;53487;26906;42,19,44,49,28,45,23,27,0,26,54,53,39,5,36,1,55,24,2,47,11,46,56,25,10,33,8,57,17,22,59,20,50,4,9,14,58,35,31,37,29,21,7,34,12,32,41,52,3,48,38,6,30,16,18,15,40,13,43,51
451;100;55293;29485;30,22,46,25,10,58,26,27,15,53,16,5,4,7,34,9,0,37,42,59,3,32,56,49,38,29,11,14,12,23,17,19,8,50,18,2,20,6,44,51,36,47,35,1,39,41,31,43,48,55,33,24,13,21,54,45,28,40,52,57
452;119;73122;37331;7,16,11,27,40,14,24,20,45,6,21,37,51,2,48,17,41,25,53,22,32,57,26,49,5,15,8,3,1,43,38,29,19,36,9,31,39,33,0,13,50,12,10,59,30,47,42,52,55,28,18,23,54,35,46,58,56,4,34,44
453;103;60637;31479;32,36,14,15,31,58,19,7,55,54,59,29,49,3,22,57,43,37,6,13,25,44,40,34,45,50,24,53,46,26,51,9,4,52,35,30,42,56,2,5,28,11,0,21,47,20,17,16,12,23,33,8,38,27,1,48,18,41,10,39
454;92;48177;26056;15,1,43,56,40,58,9,6,57,48,38,55,12,35,27,46,47,28,24,19,32,11,29,39,0,37,4,54,51,41,8,13,25,59,34,2,36,5,30,52,23,45,22,42,31,3,33,20,10,50,18,49,44,14,17,21,26,7,16,53
455;91;48187;24255;50,10,12,36,48,7,9,23,5,40,46,20,6,25,17,41,22,43,57,54,52,14,44,59,3,37,26,42,38,29,27,19,47,58,53,2,4,31,30,1,8,56,16,13,45,24,33,0,34,21,55,35,39,28,11,49,18,15,32,51
456;76;35709;18917;51,0,30,12,33,40,49,38,53,52,29,44,7,5,25,8,2,45,56,19,48,54,41,58,39,10,4,3,22,34,9,1,50,11,46,17,23,13,47,26,57,16,55,15,27,20,18,37,28,35,42,59,31,36,6,14,24,21,32,43
457;130;87320;45215;20,3,53,29,34,7,37,36,23,50,49,14,9,22,11,52,58,42,0,55,51,24,28,2,45,13,47,6,4,5,40,44,16,43,57,21,18,8,39,25,48,17,32,12,26,41,31,56,15,38,46,54,27,59,1,30,33,35,19,10
458;110;62419;33010;47,40,51,34,33,52,9,53,16,56,48,44,8,37,54,21,26,30,35,1,10,46,58,27,23,3,45,29,11,39,28,6,7,38,14,18,31,59,15,57,49,24,41,42,43,22,0,19,36,12,17,25,13,5,2,50,20,4,32,55
459;60;30349;16012;32,56,16,59,42,31,23,12,18,57,26,17,35,41,5,45,2,43,6,49,40,38,10,47,37,19,14,51,33,8,50,20,58,15,29,30,1,24,4,21,28,7,0,13,9,11,25,44,3,34,46,36,27,55,22,53,54,48,52,39
460;76;37486;19225;48,19,39,41,4,24,30,20,3,59,51,12,28,13,26,37,40,58,49,23,9,7,47,36,56,50,11,14,55,2,52,33,44,57,38,1,42,6,0,53,22,34,35,16,21,29,31,43,46,54,45,15,10,32,25,8,18,5,17,27
461;103;55315;29391;45,56,0,30,52,31,26,16,5,53,17,28,48,15,36,34,51,55,12,7,58,18,29,37,6,59,49,2,8,11,47,42,10,13,50,33,25,21,19,24,9,38,44,1,39,4,20,41,3,57,22,14,32,23,27,46,54,35,43,40
462;82;42847;21924;48,11,25,23,52,34,37,6,2,41,39,42,9,13,35,27,53,36,12,21,17,20,47,14,4,28,15,19,57,58,59,18,26,40,51,50,30,3,56,31,24,33,29,22,55,54,16,0,1,44,43,32,10,7,8,38,45,49,5,46
463;64;30382;15927;27,9,36,11,16,15,1,3,31,21,25,14,29,12,4,28,18,42,56,44,32,58,19,2,41,53,30,6,54,45,50,0,20,33,34,48,57,23,35,49,13,51,22,39,26,24,52,40,59,7,46,8,17,5,10,38,37,43,55,47
464;100;55286;29208;18,0,36,44,3,35,6,43,7,49,34,16,48,29,4,10,39,59,51,5,24,1,52,50,56,57,12,58,25,17,42,26,40,21,55,8,27,14,30,54,28,46,19,22,47,11,2,31,23,38,9,53,32,33,45,15,41,13,37,20
465;75;39269;20265;51,20,13,48,49,25,5,14,27,4,36,9,38,39,54,59,46,24,26,16,29,31,58,33,6,37,21,55,11,2,22,45,32,53,0,3,52,40,42,57,7,43,28,30,50,35,8,1,41,10,19,12,44,18,34,15,47,17,56,23
466;93;48187;26388;0,48,21,41,13,42,18,14,43,29,23,54,16,15,11,49,50,38,37,27,57,34,4,9,1,59,52,46,8,28,5,6,30,45,56,3,36,17,2,33,40,20,22,31,25,7,12,32,24,10,35,55,39,19,47,26,44,58,51,53
467;129;74907;38283;4,24,53,22,26,21,20,54,39,28,59,57,0,27,8,42,19,34,30,25,32,45,1,2,50,44,3,6,23,48,17,56,10,7,51,46,18,14,40,33,12,15,52,16,37,35,36,38,47,29,5,49,13,41,58,43,11,31,9,55
468;70;30382;16156;54,58,53,19,34,16,36,8,23,4,38,32,44,27,43,45,47,13,39,50,1,5,41,24,20,26,3,30,55,9,33,12,22,17,21,15,56,42,40,51,11,48,2,52,57,10,25,6,37,35,7,31,28,49,0,18,46,59,29,14
469;60;32114;18006;41,28,21,35,3,57,30,56,47,45,33,17,37,19,11,16,12,10,5,54,1,32,40,24,14,39,42,13,23,27,15,36,48,53,20,31,44,50,4,38,59,52,2,26,8,34,55,22,29,51,46,9,6,58,18,49,25,0,43,7
470;50;23227;13020;29,44,36,30,55,42,13,24,18,5,48,1,41,59,2,52,3,45,25,27,40,33,21,38,53,0,22,9,37,51,7,46,49,54,58,47,28,31,50,19,23,43,20,35,6,26,17,12,16,34,56,14,10,39,4,15,8,57,32,11
471;92;46392;25524;22,39,56,50,6,11,59,57,45,32,42,8,54,26,15,51,27,24,10,58,41,48,40,1,9,17,52,23,36,14,12,44,31,16,13,5,2,37,35,38,46,28,19,55,7,20,53,49,30,47,21,34,29,33,3,4,25,18,43,0
472;99;57061;32387;46,59,42,26,11,41,44,10,38,9,48,17,40,25,21,54,32,43,45,47,8,2,55,36,58,0,19,6,22,51,56,34,29,14,57,28,23,16,49,13,50,3,31,18,30,24,53,20,15,27,39,5,33,7,35,4,1,37,52,12
473;93;53510;25676;44,1,55,57,46,32,36,7,25,43,37,13,49,42,0,53,29,15,30,28,56,20,22,39,58,10,48,3,16,47,54,35,9,26,8,38,24,27,50,4,11,2,52,6,5,40,59,41,51,31,14,17,12,34,23,21,19,45,33,18
474;63;28580;14134;43,48,2,16,14,4,49,58,36,32,38,50,47,13,51,19,42,28,24,31,40,17,53,46,30,12,35,23,45,15,54,5,11,7,8,25,10,6,21,37,22,27,20,41,59,33,39,55,18,9,52,44,26,1,3,29,0,34,57,56
475;93;49959;24476;49,10,17,14,16,35,23,54,25,6,8,4,40,45,2,33,28,48,5,11,38,39,20,41,47,0,46,57,53,52,30,44,26,24,7,9,31,42,32,1,15,43,27,22,3,58,55,29,50,51,18,56,59,34,36,21,37,19,12,13
476;78;41038;20288;59,57,14,55,22,19,1,26,8,4,54,42,48,7,35,18,52,38,9,13,41,6,11,16,20,12,27,37,3,50,0,46,43,23,34,36,33,25,58,21,24,5,49,31,40,29,45,47,53,15,44,2,32,30,28,10,39,17,51,56
477;80;37495;18490;11,20,34,40,1,56,18,9,38,10,53,33,22,57,0,26,7,24,43,5,17,31,32,46,8,58,37,47,6,19,21,2,50,45,4,3,48,13,25,55,27,42,52,16,30,39,35,54,29,49,59,12,15,14,44,28,51,23,36,41
478;60;30344;15489;58,45,56,49,13,40,25,3,35,31,26,10,0,55,44,16,47,14,20,48,41,21,19,29,34,54,59,6,8,37,28,12,30,42,17,15,22,51,57,33,23,46,5,38,2,53,4,32,50,39,9,18,7,36,27,52,11,43,24,1
479;77;37516;19074;31,3,18,21,22,9,44,57,0,29,51,12,38,16,54,5,17,20,58,45,48,13,27,8,53,2,55,26,41,35,50,6,34,56,14,59,36,42,43,47,23,30,32,10,15,33,37,28,25,49,1,24,40,46,39,4,52,11,19,7
480;92;46433;22636;25,47,11,32,21,38,28,10,15,45,9,22,40,59,39,37,1,55,53,4,43,20,49,26,17,24,31,2,18,56,44,0,3,7,46,33,57,52,50,30,54,19,29,13,34,23,51,6,58,36,8,35,14,5,41,16,48,27,12,42
481;89;48165;24140;37,4,42,7,13,26,43,19,20,53,36,8,34,21,11,41,5,39,47,40,56,6,0,50,1,15,35,9,14,32,30,54,10,38,45,33,24,18,57,48,52,46,59,2,23,29,55,12,28,3,22,31,17,51,44,49,16,58,27,25
482;59;28581;14143;39,30,11,38,43,2,55,25,15,49,6,45,59,48,58,36,5,28,14,26,10,8,16,1,53,29,56,27,31,20,24,47,51,52,19,21,46,12,44,33,40,34,57,3,13,35,23,0,32,54,17,18,50,42,7,4,37,9,41,22
483;89;46380;22742;52,57,9,7,11,49,44,12,31,40,29,2,18,16,26,39,32,58,6,54,34,15,19,33,38,17,8,0,43,13,50,41,20,51,45,23,42,46,22,1,28,3,36,21,37,59,53,24,14,25,35,47,27,4,5,30,48,56,10,55
484;101;51753;25581;30,5,1,59,48,11,50,44,35,9,6,40,2,51,10,52,34,43,53,21,12,49,16,57,25,13,4,55,36,19,23,8,29,47,33,46,15,20,31,54,17,56,41,39,14,18,45,26,24,28,22,37,58,42,7,0,38,27,32,3
485;63;28594;13780;3,22,24,26,25,8,19,54,14,47,36,20,1,57,27,0,9,34,29,15,10,58,11,6,32,50,52,31,5,12,17,49,44,48,2,45,35,42,41,4,46,37,28,33,30,18,40,53,38,39,23,13,56,21,59,43,7,16,55,51
486;88;49936;25083;30,0,47,16,29,45,4,5,37,6,21,42,57,59,18,17,26,52,58,12,43,13,35,33,20,8,55,10,40,46,14,3,27,54,44,31,36,41,11,2,15,32,56,22,50,1,9,24,51,28,48,49,25,23,7,38,53,39,34,19
487;75;39269;19226;4,40,57,36,54,18,55,5,19,45,37,51,21,14,49,25,29,42,58,59,22,31,44,53,56,8,30,27,10,39,43,2,26,47,28,11,16,17,50,35,20,12,48,6,0,1,52,33,13,23,3,7,9,34,38,46,32,24,15,41
488;112;60660;29858;51,28,54,32,26,11,33,27,31,21,49,37,38,57,16,41,2,53,25,44,19,15,12,5,48,43,9,59,45,20,4,7,10,40,30,14,55,3,35,39,13,24,0,1,23,47,58,29,50,42,22,46,56,34,18,8,17,36,6,52
489;66;33912;16767;11,41,17,24,21,35,57,56,33,53,37,2,12,16,55,58,32,59,36,26,50,48,13,43,28,9,34,8,38,30,47,1,20,18,14,49,39,22,52,27,54,51,45,5,29,19,25,0,23,6,7,31,3,4,44,40,15,46,42,10
490;66;28588;14398;58,43,25,3,24,17,15,1,50,54,0,52,26,19,53,35,4,16,47,8,40,56,38,36,55,34,28,5,29,45,46,51,7,37,21,49,18,42,59,23,12,27,11,6,39,31,13,41,2,9,14,30,48,57,20,44,33,32,22,10
491;89;46414;22642;17,11,32,13,41,16,36,57,58,42,0,39,7,24,18,5,20,31,54,56,52,4,48,33,29,12,22,53,27,14,15,28,43,23,8,44,55,49,34,30,46,35,59,25,1,37,2,19,51,3,40,38,50,9,10,47,26,21,45,6
492;132;83771;41436;56,53,45,54,19,57,12,2,22,9,11,3,30,37,58,24,1,20,6,15,10,48,32,46,59,8,38,4,55,51,42,0,35,28,23,13,33,16,36,18,21,44,26,14,17,39,40,29,43,41,5,31,47,7,27,34,50,25,52,49
493;78;41055;20277;2,8,57,34,24,5,42,41,1,26,9,15,32,0,31,10,6,55,43,14,12,49,39,51,3,48,25,44,58,28,23,47,46,38,17,40,53,36,29,45,21,54,52,22,7,56,13,35,27,20,16,30,19,11,18,37,33,50,4,59
494;77;35742;17520;55,39,3,53,44,26,23,48,1,56,8,25,11,37,13,15,52,35,42,0,49,12,29,4,32,6,46,7,30,24,47,31,45,40,50,38,18,33,58,2,14,54,51,21,41,22,17,28,9,20,27,5,16,19,57,43,10,36,34,59
495;112;69530;33904;3,29,45,50,21,59,28,20,36,4,18,9,10,37,39,51,27,41,53,17,42,58,56,12,43,38,49,6,35,44,31,52,1,48,57,33,0,13,19,55,23,30,47,5,16,40,7,34,8,14,46,24,25,2,54,22,26,11,32,15
496;91;49948;24915;21,35,50,17,24,9,43,42,8,37,26,2,27,53,32,56,19,7,16,29,40,6,34,57,11,14,25,36,18,4,0,55,1,54,38,46,31,20,52,12,51,47,39,10,33,58,45,30,5,15,28,3,44,13,49,23,41,22,48,59
497;59;28574;13635;39,47,14,6,36,54,33,4,23,57,21,38,32,12,20,52,1,31,27,58,59,25,48,50,56,29,0,2,7,55,51,30,42,9,28,8,37,49,40,16,11,19,41,53,18,22,15,26,34,46,3,17,44,13,10,24,5,45,35,43
498;84;48160;24384;24,30,47,32,41,42,9,46,39,34,20,3,10,50,55,59,26,58,4,17,16,37,43,33,12,35,18,57,29,44,28,5,11,2,48,45,36,8,0,53,31,21,15,13,56,40,54,22,6,19,38,51,25,49,23,14,7,27,52,1
499;74;39251;19260;26,30,48,40,39,57,15,36,47,43,1,51,28,3,8,20,22,44,29,32,41,38,11,42,24,9,16,18,21,2,17,25,10,46,0,58,31,13,19,37,27,59,4,6,7,34,23,56,52,5,33,54,12,53,35,45,50,55,49,14
