0;551;86500;38600;94,81,80,65,30,79,49,88,67,19,69,64,25,77,8,98,4,37,52,92,7,41,82,24,57,23,32,28,44,14,36,10,85,20,60,46,86,48,53,9,75,72,38,58,22,76,2,50,18,99,54,96,95,63,51,84,31,13,16,83,91,33,43,73,39,0,47,93,26,17,34,66,71,55,1,59,35,70,6,74,12,68,56,45,29,27,61,40,11,15,5,97,21,78,42,62,89,90,3,87
1;710;130207;58151;37,32,26,93,30,79,49,88,67,28,47,0,86,27,56,77,42,87,40,53,78,80,71,17,75,7,36,69,44,64,81,62,13,59,60,1,91,5,63,70,74,10,33,11,22,84,51,95,98,12,90,35,15,46,4,6,92,8,72,3,68,89,21,18,34,41,16,43,85,9,61,25,14,73,38,45,31,52,83,94,19,29,97,48,76,24,55,54,2,57,20,96,58,39,99,66,50,82,23,65
2;533;95556;45360;59,36,74,81,44,69,35,79,80,92,12,6,4,72,89,77,2,32,28,46,82,93,50,17,60,62,88,49,30,47,67,97,40,27,78,1,70,13,42,5,87,95,56,10,71,33,51,91,65,99,57,20,15,7,31,29,75,52,63,48,16,83,55,64,76,34,9,45,38,84,23,0,43,73,86,53,8,85,37,19,94,98,61,24,14,41,3,39,58,25,11,96,66,54,21,22,18,68,90,26
3;721;141578;63408;80,36,65,79,44,67,64,88,30,19,69,32,94,17,75,29,5,77,9,10,60,37,62,55,22,14,70,95,1,81,51,76,53,0,20,47,38,40,87,98,50,27,86,58,41,93,26,33,49,23,18,25,82,74,92,85,68,12,6,78,15,4,61,11,54,39,59,21,35,83,66,24,16,96,56,72,46,42,28,52,2,8,43,13,89,91,31,99,48,3,73,57,34,97,45,71,90,7,63,84
4;667;88653;42040;26,36,47,9,64,73,17,44,93,51,84,85,95,19,59,69,1,81,98,70,35,86,46,66,23,48,88,79,30,32,67,2,27,8,10,20,77,56,5,76,75,42,40,50,57,4,6,72,52,99,97,38,83,71,63,16,34,37,31,91,13,43,22,55,53,54,14,24,28,41,58,18,39,96,25,94,0,80,29,65,33,49,12,82,90,74,89,68,61,45,60,78,92,3,62,15,7,11,21,87
5;640;145645;68875;80,36,64,69,30,19,94,88,67,49,44,81,25,14,46,28,37,47,86,65,8,4,18,98,90,89,32,74,79,92,12,45,31,91,55,63,95,11,51,33,35,16,83,7,15,59,13,1,29,38,62,52,5,77,27,40,87,42,56,71,2,23,60,99,68,75,9,10,85,72,82,6,48,53,0,73,17,93,76,84,26,20,66,97,54,24,57,41,50,39,61,43,3,21,96,58,34,22,78,70
6;658;179568;80857;59,49,35,28,30,67,74,88,79,16,80,47,12,68,82,94,31,32,85,83,63,84,90,9,33,95,36,65,44,81,64,97,27,56,11,77,86,72,89,40,2,99,91,10,60,19,42,5,51,29,62,1,24,61,54,25,34,22,58,57,21,39,0,93,75,43,70,13,26,17,71,7,73,98,18,41,66,14,96,87,37,55,15,76,48,78,23,8,46,45,3,4,52,6,92,38,50,53,20,69
7;532;85559;38127;26,32,47,69,30,81,49,88,67,28,79,80,19,99,4,86,53,87,98,38,72,51,16,93,0,83,36,65,44,70,64,90,82,31,15,94,92,89,12,85,9,68,74,71,59,91,29,63,37,7,62,33,57,76,78,45,17,20,50,60,10,6,61,73,1,35,46,25,2,84,11,95,34,43,56,5,40,42,27,52,77,8,14,21,3,24,22,66,75,54,48,55,18,39,58,96,23,97,41,13
8;771;104306;46451;27,86,56,5,81,40,42,32,77,94,19,69,87,9,18,85,28,98,14,99,57,84,90,80,34,73,88,26,49,30,47,71,70,44,7,33,29,62,0,1,13,41,91,17,83,65,64,43,93,63,31,51,2,6,75,10,8,36,60,46,48,23,92,12,25,45,79,74,37,95,55,16,59,35,53,38,4,50,72,20,76,52,22,21,82,66,15,96,3,39,89,24,61,54,68,58,78,97,11,67
9;588;78708;35069;85,32,86,94,44,65,80,36,64,14,28,19,37,59,63,70,13,87,35,83,34,52,90,84,8,72,88,67,30,81,79,97,33,68,11,51,12,92,74,91,89,48,1,56,27,4,98,6,77,99,78,5,41,0,16,25,71,49,18,31,61,66,38,26,40,10,17,9,73,93,60,42,47,95,55,39,54,24,96,46,2,82,57,29,58,3,20,43,23,50,53,45,7,15,76,75,21,22,62,69
10;666;115690;51699;4,85,98,87,86,38,53,32,52,19,94,95,9,41,66,81,0,69,25,49,48,64,60,70,73,17,88,79,30,36,67,54,23,75,96,14,28,22,26,58,50,57,47,34,35,20,18,76,93,24,71,84,12,83,15,92,89,37,31,16,46,8,62,91,59,63,65,7,51,33,43,74,13,1,2,56,72,99,80,42,77,29,21,68,45,39,90,40,78,97,55,10,27,5,3,82,61,11,6,44
11;729;83594;37428;93,70,33,49,1,26,84,51,47,64,65,95,91,92,41,74,14,12,87,18,66,19,76,2,60,10,88,44,36,81,32,82,85,20,89,79,73,86,17,94,68,38,9,99,72,30,67,6,4,57,78,52,62,45,29,0,7,55,24,34,31,43,27,56,8,40,28,25,98,77,75,46,5,42,59,16,83,35,63,37,80,13,39,15,11,48,61,97,22,21,96,23,50,58,54,3,90,71,53,69
12;666;99406;44686;84,36,26,81,64,69,80,44,65,47,49,25,93,8,46,86,28,85,37,2,72,52,90,38,91,68,88,67,30,32,79,3,29,83,21,31,14,41,18,15,55,82,16,63,45,12,92,74,4,89,11,6,56,77,27,5,60,40,42,71,10,23,43,98,35,13,51,33,1,95,7,59,53,87,76,20,9,0,73,19,94,17,39,57,66,58,50,24,75,97,54,62,34,48,96,22,99,61,78,70
13;596;111244;49994;9,49,17,95,26,44,84,47,64,73,93,51,85,53,98,86,89,38,52,91,7,28,58,66,23,48,88,79,30,32,67,76,5,72,50,77,42,10,27,56,20,60,40,57,14,75,87,99,2,97,18,46,31,16,29,0,63,37,83,34,45,43,59,25,39,61,1,13,70,55,22,96,24,54,35,19,65,81,33,80,69,94,68,71,12,8,11,78,90,3,6,74,21,82,15,62,92,4,41,36
14;600;142029;63484;25,32,67,93,30,26,49,88,47,81,79,0,84,98,91,70,13,1,63,64,7,46,54,74,96,41,36,19,44,85,94,34,17,18,22,75,86,53,87,73,50,38,9,66,24,76,14,23,20,48,58,2,31,8,3,29,15,37,83,78,68,45,61,92,39,35,69,16,80,12,21,55,59,82,65,52,4,33,43,95,51,6,40,72,89,71,11,60,77,5,27,10,57,56,97,42,62,90,99,28
15;628;110143;49249;19,36,65,49,30,81,80,88,69,64,44,67,94,50,56,76,40,20,27,42,5,6,97,72,31,29,32,4,52,79,70,89,53,59,38,37,51,33,95,83,63,91,86,15,45,74,1,12,92,7,90,13,18,28,41,16,35,14,87,23,9,85,21,46,68,61,77,75,2,8,11,3,48,99,0,47,17,93,73,26,84,25,60,39,22,43,66,62,96,54,10,78,82,24,71,58,57,34,55,98
16;632;100547;44867;17,49,26,94,30,79,0,88,67,93,47,85,73,99,62,65,55,37,24,54,39,1,10,95,72,4,32,64,44,70,36,92,83,38,45,89,13,33,63,31,15,43,91,52,7,86,29,53,98,46,8,77,58,14,74,23,48,28,18,22,12,59,9,5,2,40,69,75,84,19,27,51,42,56,96,41,87,66,35,80,25,16,61,50,82,6,57,68,20,11,3,78,60,97,71,90,21,34,76,81
17;589;129401;58574;83,32,86,16,30,79,37,88,67,94,85,49,31,99,46,28,72,47,77,8,3,65,18,93,71,13,36,64,44,69,81,23,5,60,75,27,19,10,56,40,20,2,42,33,62,51,95,1,70,76,50,17,38,53,4,52,9,55,45,12,92,15,14,59,26,7,80,87,98,35,0,73,34,43,68,89,82,91,6,63,74,29,11,25,90,57,61,58,66,39,97,96,41,24,21,54,78,48,22,84
18;527;88138;39258;19,32,28,85,30,26,49,88,47,2,36,94,46,18,48,98,4,81,14,72,75,13,61,0,90,62,79,67,44,65,64,54,63,59,58,12,92,89,91,24,25,68,74,29,83,1,84,33,51,7,31,95,38,9,50,76,10,20,52,23,27,40,16,80,37,34,73,8,17,93,11,43,35,71,53,87,56,77,5,86,69,42,39,41,57,66,60,96,78,82,22,55,15,3,6,45,97,99,21,70
19;611;121431;54682;84,70,51,49,33,26,93,65,47,81,1,64,95,27,56,40,42,77,5,94,19,14,82,92,98,4,88,79,30,32,67,6,76,50,97,28,36,85,2,20,75,8,46,48,23,38,86,53,52,72,99,18,29,25,43,13,59,44,0,71,31,63,55,96,57,54,12,24,74,66,22,58,39,41,11,37,83,35,16,80,69,91,9,61,62,89,34,10,45,7,60,68,15,78,90,3,73,17,21,87
20;637;131356;58611;98,86,53,92,87,4,38,32,52,28,14,12,47,35,11,81,80,77,69,95,16,64,23,17,10,20,88,79,30,36,67,50,40,91,18,27,42,2,56,75,97,6,5,60,99,1,51,33,70,76,57,65,94,74,45,19,9,85,82,48,63,89,90,0,62,13,26,7,49,93,71,84,43,73,72,15,31,8,29,37,83,46,39,24,61,78,66,96,55,25,68,41,34,54,59,22,3,21,58,44
21;674;71708;31963;94,44,19,32,30,79,36,88,67,69,64,85,81,59,72,70,33,1,74,91,8,25,31,41,21,58,28,26,47,65,49,76,93,24,20,35,13,63,12,46,71,48,92,96,54,66,0,39,55,23,34,61,5,40,56,42,27,77,2,78,75,7,38,18,37,50,87,53,86,14,83,22,57,16,68,4,52,6,98,84,51,95,29,15,9,73,99,17,97,89,90,43,45,11,62,82,10,60,3,80
22;628;94948;42837;84,44,81,33,65,1,51,36,70,69,64,13,95,25,0,28,73,47,35,93,43,38,97,86,50,18,88,67,30,32,79,58,23,74,22,72,41,96,66,48,14,59,99,76,6,4,12,92,20,57,75,52,11,31,56,42,63,37,83,60,71,19,5,27,53,90,91,40,29,89,7,98,62,68,17,16,85,26,9,80,49,94,54,78,24,39,2,21,77,61,55,3,15,82,45,46,10,34,8,87
23;635;66494;34692;65,67,80,94,30,36,64,88,44,25,49,85,16,74,59,79,66,87,55,24,62,51,15,95,27,56,32,69,70,37,81,6,4,53,75,98,12,99,92,52,10,48,72,2,97,5,77,42,40,60,8,1,9,76,73,17,43,19,20,34,35,93,71,91,38,31,63,33,13,83,46,89,29,11,14,28,47,18,84,0,41,26,58,50,54,7,21,3,61,57,23,68,78,45,39,82,96,22,90,86
24;636;125877;56603;14,88,28,20,86,19,85,32,94,87,30,76,18,63,89,80,25,49,91,38,22,81,73,5,7,52,79,67,36,64,44,98,51,13,34,1,12,92,74,33,95,35,59,43,17,47,70,26,84,4,6,93,39,27,66,82,24,0,71,54,96,55,46,2,75,78,42,56,40,77,60,10,8,69,83,31,37,53,57,41,16,50,68,48,58,90,23,29,97,3,11,45,9,62,15,99,21,61,72,65
25;624;83562;38253;85,65,94,2,44,81,19,36,69,80,64,98,28,93,38,26,49,47,45,52,33,20,61,40,57,18,88,79,30,32,67,39,96,58,24,14,0,66,25,54,22,55,41,50,71,73,87,23,17,34,21,76,8,4,35,46,6,92,12,15,11,16,53,56,13,1,42,86,77,5,60,75,10,27,9,29,31,51,83,84,95,37,3,72,90,62,89,59,82,68,43,99,48,74,91,78,63,7,97,70
26;594;70177;31249;80,65,26,84,44,69,64,36,81,49,47,93,25,20,76,16,18,37,83,41,50,6,15,4,78,75,88,79,30,32,67,57,56,99,97,2,94,19,85,5,10,40,42,48,3,72,77,1,8,60,82,74,29,35,89,0,62,12,92,53,38,87,90,7,68,43,73,9,17,98,45,13,59,52,14,86,27,28,91,95,51,33,54,71,55,39,22,46,34,31,11,21,23,61,96,63,24,66,58,70
27;688;110898;49661;1,79,74,52,77,98,4,70,81,92,12,69,59,8,45,26,93,47,80,35,43,87,58,17,96,85,88,44,30,32,36,24,83,16,39,37,0,29,94,55,66,62,31,28,22,25,49,41,18,54,71,14,56,27,42,19,10,40,5,6,63,91,60,76,57,9,86,38,53,20,23,34,50,73,33,64,7,65,13,51,95,84,3,75,90,21,97,61,48,72,11,82,46,15,89,99,78,68,2,67
28;631;114521;51152;19,88,52,81,49,28,26,32,47,4,30,69,98,89,97,99,2,72,48,75,6,80,34,12,39,96,36,67,44,64,79,16,62,51,18,41,85,29,94,66,55,91,0,59,21,70,33,1,13,24,63,35,42,84,5,77,17,95,10,23,20,40,22,8,74,54,37,14,93,25,58,61,46,92,86,50,76,53,27,87,38,56,11,3,7,83,60,71,57,78,68,31,82,43,90,45,73,9,15,65
29;536;81815;36578;84,70,64,51,30,79,1,88,67,36,44,95,81,46,61,49,8,25,29,11,90,28,57,17,41,53,32,19,94,86,85,10,56,76,75,20,77,5,40,27,23,2,42,83,71,14,87,18,16,50,60,31,68,63,74,33,52,13,91,7,98,4,43,93,0,45,26,89,47,9,55,82,38,73,92,35,59,12,6,69,80,65,66,34,97,54,15,96,3,21,62,58,22,39,99,24,72,48,78,37
30;642;105703;47374;93,70,51,81,65,44,84,36,64,33,1,69,95,92,5,74,56,12,77,42,10,41,46,96,99,50,88,67,30,32,79,48,91,38,75,27,52,4,6,89,40,72,68,18,28,53,86,76,20,97,23,14,73,29,17,13,71,0,43,60,9,85,16,55,57,24,37,62,25,66,58,22,39,54,59,94,80,35,49,47,19,26,11,3,98,8,34,78,31,83,2,82,21,15,63,45,7,90,61,87
31;552;92573;41685;93,32,26,25,30,79,49,88,67,28,47,80,0,23,71,73,9,17,20,29,31,77,97,5,72,75,36,65,44,69,64,68,4,13,53,98,74,48,12,63,6,59,92,46,43,33,70,91,1,7,99,2,45,95,52,19,24,55,66,62,35,38,83,40,60,8,51,37,84,42,78,10,27,56,14,18,41,86,87,94,85,16,22,61,96,89,54,34,39,82,58,90,3,15,57,21,50,76,11,81
32;610;143757;64107;84,32,25,69,64,36,81,65,44,49,80,19,94,73,55,9,0,85,17,66,24,51,63,77,90,89,88,67,30,70,79,29,4,86,99,92,87,53,98,48,72,38,52,91,97,74,12,59,68,7,62,6,76,39,61,20,54,2,46,96,50,57,75,5,33,27,40,95,37,42,78,13,56,8,16,18,14,41,22,26,47,28,45,35,82,15,21,3,34,10,93,31,83,43,71,60,58,23,11,1
33;516;75385;33873;84,65,49,17,44,93,26,36,47,80,64,73,28,37,46,85,12,9,92,20,61,6,62,4,33,78,88,79,30,32,67,60,42,5,57,56,94,2,19,40,27,10,95,91,97,1,77,51,8,72,99,74,58,18,23,35,21,41,16,50,76,34,3,63,68,45,69,43,81,13,7,75,48,52,38,53,98,87,22,25,86,14,0,11,39,29,24,15,55,71,82,31,90,83,66,59,96,54,89,70
34;577;79974;35775;84,79,36,25,47,49,93,67,26,64,44,0,65,28,35,92,74,12,80,59,24,20,82,27,57,72,88,52,30,87,32,58,48,18,22,14,81,6,98,75,23,68,4,99,97,86,53,50,77,89,3,76,90,9,62,29,60,17,73,71,7,43,45,42,2,69,19,10,94,56,78,85,5,40,63,1,70,91,13,51,95,33,55,11,37,15,61,39,66,54,34,21,8,96,16,41,83,31,46,38
35;755;114796;51179;59,88,80,87,67,74,12,30,79,35,49,25,16,91,13,1,51,70,33,95,63,28,0,52,2,9,32,64,44,65,36,27,42,73,60,77,47,84,26,5,56,93,40,20,23,69,17,19,94,10,71,85,22,18,21,41,57,14,34,11,61,58,48,4,76,99,53,92,98,86,50,46,72,38,24,66,39,83,54,55,37,96,90,15,3,43,97,7,6,78,62,29,75,89,45,8,31,68,82,81
36;628;108229;48756;33,70,65,49,44,26,93,36,47,13,64,28,43,16,31,85,37,94,83,63,91,6,22,27,50,53,88,79,30,81,32,57,48,72,3,74,14,23,18,68,99,58,20,98,97,52,77,4,86,76,75,38,62,25,90,7,61,67,8,71,2,46,11,1,40,59,51,35,84,95,42,5,69,56,9,92,12,73,29,80,17,0,82,96,45,10,78,54,66,24,89,60,34,55,19,39,41,15,21,87
37;709;138845;66420;6,88,79,77,81,98,4,32,52,67,30,74,68,91,78,37,40,69,42,5,97,35,41,17,29,0,36,70,44,65,64,66,95,1,55,51,47,11,26,83,24,45,49,31,71,93,84,33,43,63,62,13,38,20,86,53,57,76,50,89,27,87,48,85,16,14,12,18,92,94,59,34,9,73,2,19,56,46,99,8,28,72,54,90,82,25,23,22,75,58,39,61,96,21,3,15,60,10,7,80
38;573;72462;32467;17,79,69,65,30,64,36,88,44,81,67,80,73,27,40,13,20,70,76,23,48,95,50,59,25,41,32,26,49,28,47,96,31,29,39,55,37,71,24,83,66,54,63,86,53,16,0,18,14,62,22,87,60,4,10,72,99,6,8,46,75,9,7,1,38,43,84,98,52,51,34,45,33,35,42,56,77,85,5,19,94,2,11,15,78,91,3,89,74,61,58,57,12,21,90,82,97,68,92,93
39;739;128491;57855;81,36,26,19,64,80,69,44,65,47,49,94,84,46,71,28,13,70,2,93,0,85,99,53,15,31,88,67,30,32,79,82,59,66,54,92,24,63,74,39,96,58,12,4,48,37,55,83,16,21,72,41,60,20,40,27,76,17,10,23,77,5,75,9,14,7,38,50,52,98,62,18,29,86,91,1,56,33,42,25,51,95,8,22,61,3,97,6,11,78,35,68,89,45,34,90,43,73,57,87
40;683;154483;69402;33,65,93,1,64,51,84,44,36,26,47,70,49,92,16,37,83,91,12,63,31,72,3,75,97,2,88,79,30,32,67,38,18,50,89,86,74,28,85,53,48,82,14,40,78,20,77,76,57,23,68,99,98,52,69,81,45,19,7,34,59,35,73,10,27,9,42,17,56,5,4,8,60,6,29,94,13,0,43,80,25,95,96,71,22,46,62,39,11,61,54,58,15,21,66,41,24,55,90,87
41;580;99123;44726;84,49,26,80,44,65,81,36,64,25,47,69,93,95,39,51,59,1,33,96,46,77,97,56,6,68,88,67,30,32,79,15,12,89,31,53,98,63,29,92,74,83,91,8,78,38,86,4,52,48,82,72,34,17,22,43,37,73,14,54,61,16,76,40,85,10,94,20,19,42,9,99,5,27,66,55,0,24,13,28,70,35,62,60,21,7,58,90,23,45,11,75,50,2,18,3,41,71,57,87
42;557;88047;39491;26,32,49,74,47,87,14,28,79,37,86,12,80,76,71,40,51,77,27,69,11,52,6,4,43,33,88,67,30,44,36,75,10,9,2,19,20,5,42,60,1,23,56,7,62,70,17,73,93,13,90,65,41,24,18,16,55,63,31,96,50,83,68,92,29,89,94,66,85,0,91,99,48,72,84,25,38,95,53,35,81,59,98,45,34,8,39,46,82,57,58,78,97,61,21,15,22,54,3,64
43;676;112061;51768;26,79,47,64,30,44,81,88,36,49,67,84,25,52,95,86,38,87,53,41,18,13,90,74,48,8,70,33,1,65,51,60,40,99,7,56,2,75,5,27,62,10,42,89,68,4,77,72,6,97,78,91,28,34,35,93,59,98,22,14,16,0,45,31,92,43,83,55,37,63,3,15,29,12,94,85,9,19,73,69,80,17,76,11,61,20,54,23,24,39,50,57,82,58,46,21,96,66,71,32
44;651;80708;38822;98,32,81,95,67,51,1,79,70,4,52,84,69,76,99,20,10,19,72,75,60,49,61,73,41,18,88,30,36,64,44,82,38,85,15,87,12,92,86,37,83,89,53,35,34,80,94,16,14,31,21,28,91,62,2,11,90,33,7,68,97,78,13,0,25,71,93,43,29,26,63,9,47,17,42,40,27,56,8,77,5,6,96,24,74,46,45,66,3,23,50,55,22,39,59,58,48,57,54,65
45;616;103282;46549;14,32,44,20,30,79,87,88,67,28,36,76,86,8,72,92,4,12,6,52,46,37,62,0,63,13,49,80,47,65,26,27,42,95,5,70,81,77,69,1,40,56,19,43,45,33,51,84,64,91,11,94,21,96,58,23,59,41,35,48,74,34,66,73,83,25,85,55,16,17,71,31,9,29,75,22,50,38,57,53,98,18,78,24,82,60,39,10,54,97,7,90,3,89,68,99,2,15,61,93
46;578;140796;62919;20,86,19,28,36,64,65,32,44,85,94,14,76,84,45,26,51,47,93,95,43,80,75,68,23,58,88,79,30,70,67,22,55,39,57,66,0,73,62,99,18,17,24,21,3,25,41,96,49,54,61,16,53,2,38,52,13,46,98,34,7,9,92,12,35,72,69,4,87,74,48,59,77,6,91,89,83,33,63,31,29,37,42,15,56,1,78,60,82,5,71,11,90,10,40,97,27,50,8,81
47;628;90153;40090;69,36,70,77,30,79,81,88,67,64,44,74,65,16,26,19,49,94,0,25,62,89,21,4,76,50,32,37,47,86,28,54,55,58,96,73,41,18,87,24,39,66,14,53,48,9,17,23,38,71,20,82,63,6,43,13,98,68,91,7,34,93,3,31,46,45,92,8,12,29,83,72,15,52,95,1,59,51,35,84,80,33,27,90,5,57,78,60,2,40,22,10,61,99,75,97,56,42,11,85
48;662;119047;53249;80,81,26,84,44,64,69,36,65,49,47,93,25,74,21,85,87,98,82,41,58,1,97,56,83,37,88,79,30,32,67,15,99,52,29,72,86,38,89,3,45,53,77,63,78,6,4,68,8,31,43,91,39,92,96,66,46,0,12,61,54,59,76,95,13,27,19,20,94,51,5,33,40,42,34,22,16,14,55,28,35,24,75,11,73,9,57,2,50,71,48,7,90,10,17,60,23,18,62,70
49;582;68598;30733;16,32,94,49,64,65,80,44,36,41,85,25,18,69,2,52,75,98,7,22,15,84,90,47,68,59,88,67,30,95,79,60,56,20,8,19,77,5,40,27,76,10,42,33,91,1,81,6,70,74,35,13,62,37,99,0,83,31,29,55,72,66,46,17,63,9,24,38,28,26,89,71,73,93,92,12,87,4,48,86,53,14,43,58,34,78,54,45,39,82,50,97,11,3,96,21,57,61,23,51
50;621;86112;38569;84,36,93,67,30,47,26,88,49,64,44,81,25,41,96,0,55,32,66,71,39,91,75,53,52,59,70,33,1,65,51,15,31,63,82,29,85,16,9,83,19,18,94,4,72,12,95,92,74,7,48,98,57,76,22,14,2,20,34,46,54,37,50,27,68,6,87,35,79,86,77,89,56,38,58,24,80,23,69,17,73,28,45,40,11,62,97,10,8,43,99,90,42,60,3,78,21,61,5,13
51;629;92792;41728;83,32,86,80,30,49,16,88,37,94,85,55,31,63,11,0,24,28,71,35,34,1,6,56,29,98,36,65,44,70,64,9,73,95,38,93,47,13,26,43,52,45,17,19,62,84,67,81,69,7,4,51,22,20,61,25,76,53,57,50,82,54,99,42,33,75,40,2,77,5,60,91,10,27,21,66,39,41,96,14,87,18,74,97,46,12,15,92,3,68,59,90,78,89,48,72,23,58,8,79
52;700;127599;57113;33,44,65,81,51,1,84,36,70,93,64,69,95,71,14,0,94,29,28,31,22,6,2,56,60,99,88,79,30,32,67,48,17,38,75,53,41,18,85,9,50,62,73,10,76,52,86,4,72,57,23,20,83,59,63,37,7,91,11,16,34,35,68,40,27,78,77,12,74,42,97,19,5,8,98,49,80,25,43,26,47,13,39,45,54,92,61,82,90,46,66,15,58,89,96,21,55,24,3,87
53;640;68559;30928;4,67,74,68,30,81,6,88,79,92,12,98,52,80,35,94,37,85,16,83,9,93,27,26,34,23,36,65,44,32,64,22,96,18,58,41,55,39,24,25,57,54,66,73,62,14,49,20,76,50,99,0,63,7,31,29,45,59,91,3,15,8,95,33,71,51,13,1,70,47,60,17,43,84,86,38,89,53,48,77,87,72,69,5,97,61,90,46,42,19,21,40,10,2,11,56,78,82,75,28
54;766;130248;58225;84,70,33,93,65,64,13,36,44,51,1,43,95,92,23,74,12,79,58,59,35,77,37,5,28,38,88,67,30,81,32,22,41,14,96,80,47,26,49,16,18,66,25,4,99,86,87,53,98,50,57,52,34,20,63,91,10,76,27,24,60,71,75,56,72,78,94,85,19,42,46,8,2,40,7,90,9,62,17,29,0,73,39,15,21,55,68,54,6,3,48,45,83,61,97,82,89,11,31,69
55;642;86767;39275;84,51,33,52,1,98,81,70,32,64,65,4,95,2,75,44,13,36,63,9,7,41,34,18,39,66,88,67,30,49,79,48,59,94,72,28,92,46,12,35,82,8,74,0,21,80,85,55,16,24,61,25,53,26,86,38,17,47,87,60,10,27,50,23,96,57,20,76,93,73,22,54,58,14,42,77,5,56,40,69,19,91,11,99,97,15,45,83,43,78,29,31,71,68,90,3,89,6,62,37
56;499;89854;39917;6,32,52,69,30,98,4,88,81,79,67,19,8,85,50,94,20,86,76,27,40,65,63,1,35,16,28,49,47,93,26,41,54,55,21,96,37,14,23,39,22,18,58,59,71,0,24,66,25,61,34,80,10,57,75,36,68,99,60,78,46,2,9,95,13,17,64,7,44,84,73,43,51,33,38,42,56,53,5,77,87,72,3,90,89,83,91,31,92,15,82,11,62,45,74,12,48,97,29,70
57;779;87425;39159;68,81,74,4,30,67,6,88,79,92,12,52,98,11,9,37,16,49,83,85,99,93,23,33,31,63,32,64,44,65,36,58,54,46,21,25,55,96,66,61,22,41,39,71,43,28,24,14,13,34,73,47,19,42,72,77,5,94,56,48,89,8,60,91,26,62,51,27,95,1,17,0,29,84,59,86,53,35,38,69,80,87,3,10,78,57,90,45,7,2,82,18,76,50,15,75,40,97,20,70
58;666;110316;49220;84,70,1,93,65,49,33,47,26,95,51,81,64,53,91,86,63,37,83,13,43,94,90,57,82,68,88,79,30,32,67,48,77,8,45,4,89,29,38,72,15,31,52,21,58,12,92,6,74,3,78,85,24,96,35,80,39,59,55,16,54,69,50,18,19,73,0,76,66,41,23,99,62,20,34,14,28,98,22,44,36,25,40,60,11,7,71,2,17,5,97,75,9,56,27,42,61,46,10,87
59;578;71507;32346;53,32,38,12,30,79,87,88,67,52,86,92,4,49,66,98,41,81,25,14,23,84,11,51,73,17,36,70,44,65,64,24,31,63,55,37,0,85,94,83,9,16,29,43,34,47,28,26,93,71,45,13,89,27,68,6,40,91,97,75,48,72,10,56,35,60,69,5,19,95,59,33,42,1,57,99,50,18,76,74,77,20,39,90,58,61,78,21,8,82,54,46,62,15,3,2,96,22,7,80
60;616;74120;32990;33,70,1,93,26,81,84,47,49,95,51,36,65,74,58,69,12,80,92,35,11,52,78,4,72,27,88,79,30,32,67,97,85,40,89,86,73,23,17,53,50,48,9,56,10,77,38,5,42,76,99,20,66,28,39,25,0,46,61,22,96,54,7,91,19,75,64,98,44,6,2,94,68,8,16,63,55,83,24,37,59,13,31,18,34,82,43,15,62,29,71,90,60,3,14,45,41,21,57,87
61;537;77067;34361;46,32,28,2,30,79,36,88,67,13,70,77,8,89,56,86,53,87,98,38,99,49,73,55,83,37,81,69,44,65,64,71,33,95,60,51,91,27,29,62,31,42,1,47,11,93,94,0,84,63,17,26,68,18,23,6,57,14,75,50,76,20,22,96,24,39,35,61,59,16,54,25,41,66,92,4,72,12,48,52,19,74,7,58,78,9,15,10,82,45,5,43,34,85,90,3,40,97,21,80
62;620;68766;30670;26,88,49,81,64,69,84,44,36,80,65,25,47,98,7,79,59,74,12,95,35,41,71,31,72,89,32,87,28,86,14,50,17,53,18,9,19,20,94,73,23,76,0,29,99,38,52,4,92,48,58,82,42,37,40,77,16,93,43,83,27,5,46,45,15,24,67,8,30,55,39,66,3,21,63,51,91,13,56,1,70,33,10,54,60,57,11,22,61,90,75,2,96,68,62,78,6,34,97,85
63;656;116618;52104;52,86,38,79,32,67,87,88,30,98,53,81,4,23,48,85,99,94,2,20,57,84,11,13,17,16,36,70,44,65,64,61,24,25,21,55,41,39,96,54,22,58,66,73,34,49,37,26,47,0,71,93,8,91,69,6,78,89,68,97,5,40,95,51,35,63,12,74,92,1,83,43,33,59,56,42,76,19,50,77,72,27,62,45,60,28,7,46,90,9,18,14,31,3,82,15,10,75,29,80
64;728;87724;39508;69,86,81,65,85,80,19,32,94,53,98,64,77,29,89,83,63,37,31,91,50,28,21,70,34,22,88,79,30,36,67,0,66,54,99,49,16,18,41,24,96,62,55,76,71,14,25,58,23,57,39,20,51,2,33,95,75,84,1,10,7,9,6,74,73,12,26,60,47,17,13,93,59,35,27,56,38,87,52,42,40,5,11,45,92,48,82,46,78,97,72,61,3,90,8,68,15,4,43,44
65;600;70474;31533;5,77,19,64,69,65,94,81,80,40,42,44,56,86,9,36,73,47,85,17,29,41,68,66,22,57,88,67,30,32,79,23,52,75,72,4,98,20,53,50,48,76,38,12,58,14,28,18,6,92,99,74,13,83,43,70,31,37,63,71,0,93,8,54,59,61,25,16,49,24,46,96,39,55,51,1,33,95,91,84,26,27,7,3,62,34,11,15,97,2,89,82,21,45,90,78,10,60,35,87
66;593;81099;36098;2,32,14,12,44,65,80,36,64,87,28,92,46,17,73,86,53,37,19,98,23,13,83,68,97,11,88,79,30,70,67,26,40,4,47,42,69,27,81,5,52,84,77,6,48,72,56,99,95,8,78,51,96,35,61,66,16,41,21,34,22,55,18,29,33,62,74,0,59,49,63,91,90,89,58,54,24,82,39,94,85,25,38,75,20,10,31,60,15,57,9,93,43,45,50,3,76,71,7,1
67;630;81020;36137;85,81,69,94,44,65,80,36,64,9,84,19,17,62,29,95,1,51,0,33,91,87,82,4,35,59,88,67,30,32,79,22,24,39,58,55,25,41,66,54,61,16,96,34,74,28,37,46,13,21,63,14,40,76,27,5,50,20,23,75,60,10,98,38,8,89,86,53,77,52,48,68,72,6,93,2,56,47,42,26,49,73,71,92,90,83,99,11,97,57,18,31,3,45,78,12,43,7,15,70
68;692;124507;55626;84,79,51,81,30,70,1,88,67,74,95,77,59,82,15,85,9,32,29,7,90,25,23,66,34,21,28,49,47,36,26,18,0,41,43,64,94,17,31,93,83,73,71,14,22,80,16,35,65,11,58,37,72,48,6,68,56,33,91,27,89,92,19,46,61,2,63,69,13,24,96,54,39,55,86,38,52,53,4,87,98,12,60,50,5,45,97,3,99,8,62,57,20,42,78,40,10,75,76,44
69;601;103947;46255;80,79,19,26,30,49,69,88,81,94,67,47,85,18,48,2,57,32,75,99,23,63,11,33,35,59,36,65,44,70,64,21,39,54,58,28,87,41,66,46,61,74,96,34,98,24,14,25,55,22,12,37,10,73,40,5,60,17,9,27,56,42,0,51,83,29,84,95,93,1,71,31,43,91,72,6,8,4,77,20,52,16,3,62,76,82,90,15,45,38,50,92,53,86,97,89,78,68,7,13
70;670;132882;59279;26,67,17,64,30,44,49,88,36,73,93,84,47,89,71,0,62,29,24,91,60,42,97,4,48,23,81,69,19,85,94,57,87,76,96,53,28,41,18,38,50,66,14,72,2,20,86,27,56,99,46,77,90,74,7,9,35,12,59,34,63,95,92,8,40,10,25,16,80,52,75,5,6,98,1,70,13,51,43,65,33,79,21,15,31,39,83,54,11,3,58,82,22,78,68,37,55,45,61,32
71;608;108108;48672;99,32,4,92,94,49,69,19,80,85,52,12,72,55,45,37,31,29,83,15,16,70,27,51,98,34,88,79,30,36,67,22,38,14,57,86,20,23,76,53,18,58,50,43,7,17,87,73,93,75,63,64,26,48,82,47,66,74,0,40,5,10,68,33,13,35,65,6,81,1,91,95,59,84,8,9,42,46,77,28,2,56,24,90,25,71,78,41,97,21,54,60,62,96,39,11,61,3,89,44
72;557;173034;77337;94,49,80,12,30,79,87,88,67,0,25,92,66,26,58,47,14,28,23,18,96,69,71,40,50,38,32,53,86,81,98,2,36,33,46,65,93,73,17,64,13,9,44,76,91,51,84,95,1,52,63,19,4,8,68,6,15,99,72,3,21,82,29,83,27,89,37,31,77,42,97,56,11,5,55,59,35,41,48,85,16,74,75,90,61,43,45,34,78,57,22,7,60,20,24,62,54,39,10,70
73;647;86195;38426;38,88,52,94,67,85,19,32,86,87,30,69,81,33,1,49,26,93,47,51,23,13,15,63,54,24,36,70,44,65,64,58,12,96,48,59,99,72,79,92,41,4,74,16,22,35,66,55,25,39,21,61,20,98,10,9,50,53,76,60,77,40,2,31,46,11,0,71,29,37,34,28,83,14,73,56,42,17,5,95,84,27,68,18,78,82,57,6,7,45,89,3,8,43,90,62,91,97,75,80
74;677;84224;37665;69,47,49,19,44,65,80,36,64,93,26,94,84,63,2,77,13,70,91,1,29,28,37,58,3,59,88,67,30,32,79,46,38,92,8,4,86,89,53,52,15,72,98,55,39,74,87,12,68,45,31,6,0,76,43,73,71,20,23,62,9,10,34,25,82,22,95,85,51,14,35,21,54,24,40,5,27,56,60,33,42,17,97,41,75,48,50,66,57,11,99,83,16,61,78,18,90,7,96,81
75;614;98192;43929;26,44,84,33,65,1,51,36,70,47,64,93,49,73,71,98,46,28,17,14,39,6,78,68,5,56,88,79,30,32,67,48,53,72,75,87,20,23,76,38,99,2,50,42,8,52,4,27,40,97,57,77,34,16,55,43,96,59,35,54,22,24,63,31,19,45,95,83,37,74,3,89,94,91,66,61,25,0,13,81,69,80,9,12,21,10,11,85,29,7,18,60,15,82,62,90,58,41,92,86
76;592;60709;27034;98,86,14,49,81,80,44,32,69,53,87,25,28,9,27,95,84,38,85,11,71,65,4,72,3,43,88,79,30,70,67,7,83,91,52,37,0,94,29,63,62,19,31,68,8,33,51,93,13,45,78,6,41,58,16,35,21,23,73,61,17,34,39,2,74,66,64,96,36,77,46,59,55,99,76,50,18,20,57,26,47,22,56,48,40,90,54,89,24,82,42,15,12,92,5,75,10,60,97,1
77;707;81638;36417;25,32,47,81,30,79,28,88,67,26,49,69,80,13,63,1,33,70,91,65,61,86,90,72,3,99,36,85,19,95,94,10,71,31,62,29,93,0,73,9,60,43,17,77,11,42,37,83,56,45,78,2,59,12,16,35,6,87,74,68,18,41,48,8,15,53,52,92,4,38,21,82,46,89,34,22,14,98,57,44,64,84,66,97,96,27,39,40,50,23,55,5,7,20,58,76,24,54,75,51
78;624;117375;52453;93,36,64,84,65,51,33,70,1,13,44,95,43,4,98,74,92,12,52,7,62,6,58,77,94,99,88,67,30,32,79,89,53,50,48,87,14,28,18,38,85,41,75,19,2,76,86,57,20,72,23,68,16,49,83,37,0,26,80,34,35,59,11,8,27,78,17,69,73,42,97,56,5,40,24,31,45,29,55,91,63,47,96,60,61,46,90,39,71,54,66,82,21,10,15,9,22,25,3,81
79;654;111965;49969;84,79,64,95,30,51,1,88,70,65,67,81,33,92,35,49,26,80,12,47,45,19,48,76,71,17,32,28,36,14,44,66,29,9,24,94,37,16,83,0,41,55,31,18,23,86,85,53,38,73,62,46,4,77,52,6,5,69,8,78,68,98,72,60,2,10,56,40,42,27,99,50,57,20,63,74,59,43,7,13,93,91,15,22,3,39,97,82,34,61,89,54,96,25,21,58,11,90,75,87
80;791;121498;59039;25,28,26,64,69,36,84,81,44,49,47,65,80,71,31,51,70,95,13,83,63,4,2,99,5,40,88,79,30,32,67,33,38,27,1,86,94,85,87,50,91,98,53,10,60,20,76,19,56,89,97,42,39,46,54,24,21,61,66,11,41,96,43,8,77,3,0,45,93,6,78,72,68,57,34,59,16,35,55,14,37,22,29,48,18,82,58,7,23,12,9,75,62,15,90,92,73,17,74,52
81;552;81242;36135;49,36,26,19,64,80,69,44,65,28,47,94,84,62,60,87,66,99,41,72,48,1,96,51,83,37,88,67,30,32,79,97,5,91,78,86,56,8,42,40,89,53,27,31,55,74,77,63,13,68,11,6,73,76,2,17,23,20,93,38,46,9,22,14,59,34,81,98,25,95,54,16,35,33,92,4,52,12,10,0,29,85,82,58,90,24,7,3,75,50,71,39,21,57,15,18,45,43,61,70
82;523;82770;38394;5,81,42,19,30,79,69,88,67,40,77,94,56,91,11,51,1,70,95,74,48,0,45,66,34,18,32,26,49,28,47,62,31,64,71,65,33,63,83,29,43,13,37,41,59,80,44,16,35,12,92,14,10,36,76,20,57,2,75,60,97,99,98,22,84,39,87,53,86,25,54,24,96,55,68,6,8,52,78,72,4,27,17,46,23,15,50,73,38,85,7,3,21,58,9,82,89,90,61,93
83;629;110422;49069;98,70,53,14,86,44,87,32,36,77,81,28,69,29,89,83,63,37,31,91,33,65,57,26,21,58,88,67,30,49,79,99,96,6,54,12,55,24,66,59,68,92,39,41,18,16,74,35,25,3,62,0,50,46,52,38,2,19,76,13,4,42,9,17,93,20,94,85,64,73,45,43,23,47,95,27,5,84,40,1,51,56,8,10,71,82,75,15,7,90,72,61,22,78,48,60,11,97,34,80
84;597;59717;28007;73,49,17,64,30,44,93,88,67,47,26,65,80,82,15,32,35,28,21,45,3,69,2,5,48,72,70,51,1,98,81,36,84,52,68,95,74,12,79,6,7,92,59,89,10,87,4,38,53,75,60,86,83,34,37,43,14,13,63,18,71,31,23,42,19,76,91,20,33,40,97,56,50,27,41,9,16,25,29,94,85,0,39,57,54,46,22,90,62,66,58,8,99,11,61,96,24,55,78,77
85;753;202047;90054;64,49,26,36,30,67,44,88,79,28,47,93,65,42,40,69,56,81,5,6,27,98,58,16,3,15,32,53,86,38,87,10,12,92,75,72,77,74,19,99,48,68,94,45,50,85,4,9,89,82,21,29,73,0,43,17,63,25,34,91,59,35,54,55,31,24,37,22,14,83,96,18,66,41,1,33,70,51,13,84,95,80,78,61,11,2,62,20,7,90,97,23,57,76,8,46,60,71,39,52
86;572;80686;35952;94,36,85,53,86,87,28,32,14,64,44,98,19,2,7,52,10,29,75,9,5,49,61,55,35,8,88,67,30,81,79,82,15,92,89,72,77,58,99,21,48,23,3,59,11,74,4,12,6,68,97,80,38,20,40,42,57,76,50,0,60,1,24,37,39,83,95,84,51,25,54,96,16,66,33,62,27,91,56,41,65,18,47,13,26,90,34,45,22,43,73,78,46,31,93,63,71,17,70,69
87;631;141543;63246;6,79,70,12,30,52,4,88,32,74,67,92,68,75,50,20,18,28,76,14,57,98,43,16,33,95,81,80,69,94,19,1,5,84,27,44,36,2,77,42,17,56,40,93,91,26,64,47,65,51,73,49,99,21,66,87,3,35,41,82,39,55,38,83,9,63,53,89,86,37,25,0,31,29,58,54,24,23,96,48,72,59,8,90,97,10,15,71,45,61,46,60,7,13,78,11,22,34,62,85
88;668;90488;40515;1,65,95,69,64,81,84,44,36,33,51,19,91,16,25,28,49,47,35,26,93,52,78,0,15,48,88,32,30,79,67,58,41,92,24,74,59,96,55,21,82,39,66,68,85,99,12,72,4,3,45,6,27,53,77,5,76,98,86,50,97,40,89,9,8,90,38,20,87,29,18,75,7,62,83,11,42,37,2,94,80,56,61,60,14,23,17,71,73,46,54,31,57,13,63,43,34,22,10,70
89;517;89024;39626;8,81,68,4,30,67,6,88,79,77,74,52,72,75,23,85,2,94,48,99,97,93,61,43,33,59,32,53,86,70,98,54,16,35,18,80,47,28,26,25,22,14,49,65,34,51,95,84,1,55,24,83,91,17,60,87,73,38,89,9,76,27,90,29,31,7,44,71,36,64,62,63,0,13,40,42,56,5,10,19,69,20,58,12,57,96,92,39,15,21,82,66,11,41,3,45,50,78,46,37
90;626;71343;31923;1,79,26,93,30,81,49,88,67,70,47,84,51,99,21,77,35,95,12,3,58,94,8,42,50,76,36,65,44,32,64,29,38,53,15,98,4,92,52,9,46,72,7,20,18,86,2,85,28,75,10,19,55,54,66,24,43,96,39,45,0,25,41,40,14,31,83,16,37,87,5,69,27,56,68,91,63,6,13,59,74,33,73,78,61,48,22,23,62,34,89,82,60,17,90,71,97,11,57,80
91;588;67372;30422;95,70,51,69,64,81,84,65,44,33,1,80,93,41,71,16,83,37,31,11,62,86,78,52,40,5,88,79,30,32,67,48,57,10,23,42,85,18,94,60,75,14,99,27,2,19,20,76,56,50,97,72,34,98,73,17,7,59,35,9,63,91,28,38,77,46,74,92,12,87,8,6,53,4,29,47,25,0,43,26,49,13,96,89,22,58,90,54,45,21,66,39,82,3,61,15,55,24,68,36
92;573;84144;38818;17,67,26,69,30,81,36,88,44,93,47,84,73,2,75,52,42,19,56,10,60,16,90,29,18,59,32,80,64,70,65,82,74,51,95,85,4,48,6,68,92,72,79,41,62,1,94,91,33,12,89,35,53,34,86,14,57,98,22,38,50,76,9,0,63,24,25,71,49,37,66,83,55,31,40,27,20,5,23,28,77,87,43,54,45,7,58,8,46,21,78,15,96,11,3,61,99,97,39,13
93;708;160826;71715;16,88,67,80,44,65,49,36,64,79,30,25,41,70,0,47,93,28,37,26,84,69,82,5,89,92,32,19,94,86,85,12,31,53,90,9,95,51,83,29,7,11,63,91,46,52,98,38,4,15,8,77,39,61,54,96,23,66,24,58,22,55,99,40,72,50,76,57,20,42,10,2,27,56,73,59,34,17,21,87,35,14,13,48,62,74,60,45,75,33,43,68,78,3,1,6,71,18,97,81
94;643;91862;41188;84,65,69,49,44,26,81,36,47,80,64,25,93,63,59,13,35,70,74,12,92,87,75,14,31,8,88,67,30,32,79,97,27,89,2,99,42,56,77,91,3,5,40,83,57,6,72,68,4,15,78,37,60,10,73,17,7,85,9,90,62,29,45,41,53,20,52,28,98,38,76,50,16,18,95,19,94,1,43,33,51,0,58,22,24,82,66,39,61,96,48,21,55,54,23,46,71,11,34,86
95;559;97580;43638;0,32,67,81,30,47,26,88,49,93,79,25,52,1,98,19,95,94,51,56,7,14,24,18,9,85,36,65,44,70,64,97,40,23,10,75,33,69,91,27,48,84,5,46,38,2,20,76,86,50,89,28,57,29,43,99,62,74,60,15,78,3,16,17,87,71,83,31,37,63,34,53,73,41,42,72,77,8,68,6,4,45,82,22,90,39,80,66,35,21,59,96,54,55,11,61,12,92,58,13
96;646;131141;58763;38,32,53,28,85,19,87,86,94,52,98,14,4,91,10,69,5,81,27,40,9,25,59,35,62,0,88,79,30,36,67,60,65,47,63,64,70,1,33,84,43,51,13,24,58,17,93,26,73,71,23,49,15,82,31,29,76,89,92,50,83,37,57,41,66,61,16,20,18,80,22,55,21,34,56,2,72,42,8,95,77,46,90,54,78,74,48,45,75,68,7,6,96,3,12,99,97,11,39,44
97;580;67385;30206;20,28,26,85,67,94,0,79,19,49,47,93,76,48,66,16,18,41,75,62,96,81,6,51,98,53,88,36,30,44,32,46,12,52,61,4,80,74,35,92,13,25,59,37,83,87,70,38,65,7,63,86,57,43,56,42,8,45,78,50,72,60,97,33,95,27,77,5,40,69,11,84,91,1,71,9,99,23,10,17,73,2,54,90,82,14,29,22,3,15,24,34,68,21,58,31,39,55,89,64
98;563;118354;52843;69,32,4,81,30,67,6,88,79,98,52,8,19,1,92,35,12,80,59,87,38,84,96,73,34,43,28,26,47,36,49,62,29,55,41,37,95,16,51,31,45,18,83,25,54,65,14,33,93,0,66,64,20,48,74,68,85,75,10,60,53,94,2,9,22,23,13,46,70,17,58,24,71,63,27,40,42,86,5,72,56,77,15,50,89,11,57,21,99,7,91,61,39,3,97,90,82,78,76,44
99;733;129322;57601;84,36,64,33,81,51,65,70,1,69,44,93,95,2,60,77,40,42,27,5,10,8,15,6,99,66,88,79,30,32,67,54,31,28,24,0,20,76,37,62,25,71,29,55,46,18,14,41,87,57,39,16,43,59,63,13,98,35,34,7,9,91,45,92,72,78,74,52,12,4,82,48,85,68,56,94,17,19,73,26,47,80,58,38,11,50,90,96,89,53,23,61,21,86,22,97,83,75,3,49
