0;27;604;109;3,14,19,6,18,11,1,10,17,2,5,8,4,15,16,13,9,7,0,12
1;24;751;141;11,18,6,17,5,9,4,15,1,0,3,19,16,14,8,12,10,2,13,7
2;27;654;116;12,3,17,11,2,15,10,5,9,18,19,0,14,1,7,8,4,16,6,13
3;25;970;155;8,5,11,10,3,4,13,17,14,0,9,6,1,15,16,7,12,18,2,19
4;17;558;103;1,10,15,17,0,4,9,7,14,5,2,3,18,19,8,12,11,16,13,6
5;17;707;119;18,17,3,8,5,12,0,13,14,1,16,6,4,15,9,2,11,10,7,19
6;16;926;105;0,19,12,4,9,13,6,8,10,1,16,2,3,11,17,5,15,18,14,7
7;24;515;89;9,2,17,13,8,11,10,3,14,7,18,19,16,15,12,0,4,1,6,5
8;28;603;93;8,19,15,1,9,11,7,14,0,18,3,2,12,5,17,16,4,13,10,6
9;35;1632;275;13,9,12,4,6,1,10,2,0,7,18,19,3,11,17,5,16,15,14,8
10;22;688;122;12,7,19,9,13,2,3,1,0,16,18,15,8,6,14,10,5,17,4,11
11;30;737;140;7,18,11,16,5,19,0,3,14,1,9,10,15,17,12,4,8,2,13,6
12;25;625;111;5,8,2,12,18,4,3,17,9,10,7,6,1,15,16,11,14,0,19,13
13;27;839;147;1,19,6,17,5,13,10,3,18,2,16,15,0,14,4,12,9,8,11,7
14;13;298;47;6,15,1,11,0,13,12,16,18,7,8,17,14,19,2,10,3,4,5,9
15;29;792;138;4,14,17,15,16,7,10,8,13,2,5,18,19,3,12,9,6,0,1,11
16;35;918;160;14,1,11,12,16,5,4,13,0,10,9,15,2,6,17,3,8,18,7,19
17;31;994;179;1,3,6,11,2,4,10,14,8,7,5,0,19,12,17,9,16,18,13,15
18;36;843;159;3,16,12,4,9,13,17,2,18,19,1,8,6,15,11,5,7,0,10,14
19;24;795;137;5,13,4,3,7,11,9,12,0,10,17,15,19,8,2,14,1,16,18,6
20;17;640;95;10,2,11,13,3,1,9,16,18,19,0,7,8,5,14,6,15,12,4,17
21;26;1001;178;11,14,17,6,13,19,10,18,2,9,3,1,15,12,7,0,16,5,8,4
22;37;1487;280;2,5,17,11,6,4,9,10,14,18,13,3,19,12,7,16,1,8,0,15
23;30;787;117;12,2,17,8,0,1,7,5,9,19,18,14,15,11,10,3,4,16,6,13
24;7;296;47;5,1,8,14,16,9,4,3,13,10,12,17,7,2,15,11,18,0,6,19
25;35;803;123;18,3,11,6,10,12,0,1,17,13,19,8,14,15,9,2,7,5,4,16
26;22;692;121;2,5,16,14,15,7,13,3,18,10,9,17,4,11,6,12,8,1,0,19
27;25;767;142;16,0,1,15,10,9,7,18,4,5,19,14,8,11,2,3,17,13,12,6
28;30;894;158;11,9,14,3,16,7,6,17,18,10,1,19,5,0,4,12,13,2,8,15
29;28;825;136;6,0,14,16,13,7,10,2,9,5,1,3,19,11,4,18,12,8,17,15
30;21;754;122;11,0,17,15,2,19,9,12,5,18,13,8,6,4,7,3,1,16,10,14
31;34;789;145;16,13,1,8,7,11,2,0,17,10,9,18,5,15,6,19,4,3,14,12
32;30;1178;195;2,18,17,7,8,19,10,14,3,13,16,6,4,15,11,1,5,0,9,12
33;27;1035;158;16,13,15,12,1,17,0,2,10,9,5,4,8,6,18,3,7,14,19,11
34;26;782;127;3,9,19,15,8,10,17,14,2,13,5,6,1,4,11,16,12,0,7,18
35;22;582;106;6,1,11,14,13,7,0,10,2,9,18,3,19,12,17,15,16,5,8,4
36;16;338;63;12,10,17,11,2,13,18,9,5,8,4,19,14,1,15,0,3,6,16,7
37;39;902;146;4,14,5,13,18,11,2,9,15,7,1,12,19,3,10,0,17,6,16,8
38;28;697;108;2,1,8,13,3,6,16,10,14,18,7,17,11,12,15,4,19,9,0,5
39;15;471;106;16,2,14,17,0,4,19,5,8,6,1,7,12,18,3,10,13,9,11,15
40;32;1435;262;7,4,12,15,0,17,18,9,13,16,2,5,14,8,3,10,11,1,19,6
41;34;944;176;9,14,11,17,8,10,13,4,5,0,19,18,3,15,6,7,2,1,16,12
42;23;472;89;2,4,19,17,1,8,16,5,7,3,14,15,11,6,13,18,10,9,0,12
43;32;862;231;19,3,17,6,7,16,10,18,13,9,2,1,5,12,15,0,8,14,4,11
44;31;1079;178;19,0,17,4,2,11,10,13,9,18,16,15,6,8,12,3,1,14,7,5
45;26;606;113;8,5,13,18,12,4,0,17,14,6,10,16,2,3,11,15,7,1,9,19
46;23;575;105;6,14,15,5,10,11,13,9,0,16,18,2,3,4,17,1,19,7,12,8
47;23;594;148;6,13,0,4,15,12,11,8,17,1,2,10,5,16,19,7,14,18,3,9
48;23;627;116;10,5,17,8,19,14,18,4,3,12,2,16,13,11,7,6,9,1,0,15
49;27;1063;184;14,18,3,17,6,16,12,10,2,1,13,8,9,15,19,5,11,4,0,7
50;21;492;90;11,3,17,15,4,8,10,7,5,13,12,19,18,14,6,0,2,1,16,9
51;28;816;150;19,17,8,16,6,11,0,12,14,4,7,5,2,10,13,3,1,18,9,15
52;21;938;173;14,17,19,9,6,13,18,4,10,16,2,1,11,7,8,5,15,12,0,3
53;31;1377;253;11,14,17,6,9,19,10,1,18,13,5,8,4,15,12,0,2,3,7,16
54;18;492;73;19,14,12,0,2,3,16,5,7,10,4,6,11,1,13,8,18,15,9,17
55;27;767;134;19,17,6,15,2,12,0,18,13,1,5,14,4,11,7,3,8,10,9,16
56;25;549;104;8,7,15,6,13,18,5,0,9,19,3,14,12,4,11,16,1,17,2,10
57;25;688;125;2,1,16,19,8,6,18,10,4,9,7,11,0,14,15,17,5,12,3,13
58;18;721;114;4,14,17,12,0,5,10,1,9,8,19,13,3,11,15,2,6,18,16,7
59;26;536;91;19,0,1,4,13,11,9,16,7,18,15,14,6,8,2,3,10,12,5,17
60;19;471;75;15,8,10,17,12,13,16,4,5,2,6,1,7,14,19,9,3,0,18,11
61;23;976;156;10,19,11,12,2,0,17,1,8,4,14,15,3,5,9,6,7,16,18,13
62;26;363;69;10,19,17,16,4,0,13,18,1,9,11,12,3,2,15,7,5,14,8,6
63;22;492;92;9,0,15,5,2,19,3,1,14,16,6,4,8,7,18,10,12,13,17,11
64;31;745;136;4,8,16,19,17,15,10,14,9,7,6,1,0,5,2,3,11,12,18,13
65;28;1447;231;4,0,9,18,5,6,2,7,13,10,16,15,3,8,1,17,12,14,19,11
66;37;839;346;16,13,14,12,7,5,3,8,9,18,19,1,11,0,15,2,4,10,6,17
67;23;529;80;1,2,15,13,0,4,16,9,14,6,18,3,12,19,10,5,11,7,17,8
68;19;582;93;10,9,19,3,12,18,1,16,7,6,0,14,4,11,13,15,2,8,5,17
69;24;834;154;3,4,15,2,18,8,16,5,19,13,0,11,9,14,6,12,1,7,10,17
70;17;422;80;7,9,11,5,2,6,10,1,13,16,15,8,3,4,14,0,12,18,19,17
71;24;706;132;14,3,11,12,4,16,17,19,8,6,13,2,18,5,0,1,7,9,10,15
72;35;1197;226;5,10,1,19,8,4,0,14,9,7,11,12,17,2,6,3,15,13,16,18
73;20;834;163;9,18,11,14,8,19,10,5,17,13,2,12,1,7,0,3,4,16,6,15
74;22;1012;192;14,2,15,13,19,7,8,10,18,3,5,4,9,11,12,6,17,1,0,16
75;26;908;170;7,18,0,19,10,9,8,11,13,6,15,12,3,17,4,1,14,2,5,16
76;22;699;130;8,7,4,11,3,2,9,10,16,18,17,15,6,14,5,19,13,12,1,0
77;16;575;106;17,18,15,6,12,9,8,1,2,13,5,4,14,7,19,10,11,3,0,16
78;28;594;109;3,15,12,14,10,18,5,13,17,7,8,0,6,16,2,19,4,9,1,11
79;15;448;84;11,17,8,1,2,13,9,6,16,18,0,19,7,14,4,3,10,12,5,15
80;27;699;132;5,2,15,7,0,6,18,1,13,8,16,3,17,12,14,4,19,10,11,9
81;22;514;87;15,5,3,13,6,14,18,2,4,10,7,17,12,8,16,11,1,0,19,9
82;20;618;116;3,5,17,2,1,7,13,12,0,9,8,15,4,19,11,18,6,14,10,16
83;25;684;130;12,5,3,4,7,0,1,8,16,18,19,11,14,17,15,13,6,10,9,2
84;28;758;138;11,14,19,7,10,1,0,12,9,16,3,18,5,15,6,2,13,4,8,17
85;25;772;144;1,9,19,4,6,2,0,10,18,7,11,14,3,15,17,5,16,13,12,8
86;28;908;169;4,9,8,17,16,5,7,10,1,0,11,14,15,6,13,19,2,3,18,12
87;35;715;131;1,6,11,3,17,7,12,14,10,9,4,2,15,16,0,5,19,8,18,13
88;21;839;154;10,16,5,12,4,8,13,17,0,9,19,1,3,6,15,7,11,18,14,2
89;26;1215;216;15,6,14,2,18,4,10,5,13,17,7,12,1,3,11,8,9,0,19,16
90;23;543;93;3,14,16,4,12,5,8,18,17,13,19,0,6,11,2,9,7,1,10,15
91;27;532;106;19,10,14,6,2,8,3,16,5,12,13,11,17,4,15,0,18,9,7,1
92;26;1051;225;4,12,11,15,9,0,18,8,5,1,7,14,17,3,19,6,13,10,16,2
93;37;1356;381;16,14,6,11,13,1,0,18,5,8,7,12,17,3,15,2,19,10,9,4
94;32;1316;242;3,16,12,15,9,13,18,8,0,7,2,1,6,19,17,5,11,4,10,14
95;26;645;116;6,17,11,18,0,13,14,9,8,16,10,5,7,4,3,2,1,12,19,15
96;32;746;132;16,8,2,19,1,15,3,18,6,13,9,11,4,0,12,17,14,7,5,10
97;18;626;113;4,5,6,12,13,10,0,7,15,16,18,19,3,14,1,17,9,2,11,8
98;21;544;102;8,13,19,9,4,18,0,3,14,6,16,1,10,2,12,15,5,17,7,11
99;35;948;153;19,10,0,7,18,4,8,14,6,13,5,12,1,17,11,3,15,2,9,16
100;33;943;119;9,18,1,0,4,15,8,16,10,5,3,14,19,6,2,11,13,17,12,7
101;21;574;61;12,15,11,5,7,6,13,1,18,10,16,19,14,3,9,2,0,4,8,17
102;23;705;74;14,17,8,9,3,7,4,19,18,5,10,2,13,12,0,1,11,16,6,15
103;31;1181;124;4,5,6,11,2,8,0,12,13,16,3,15,14,9,1,17,19,7,18,10
104;28;881;93;3,13,14,8,7,16,5,6,2,18,10,17,11,12,19,15,1,9,0,4
105;18;560;59;15,18,14,16,11,9,3,17,0,4,7,6,2,8,5,10,12,1,13,19
106;24;975;103;19,13,14,6,7,11,3,1,2,18,9,15,17,8,5,0,12,10,4,16
107;25;872;90;14,4,11,9,19,6,0,10,1,12,7,8,2,5,17,15,16,18,13,3
108;23;802;87;1,19,6,15,7,0,2,8,11,10,5,4,3,14,16,9,12,13,18,17
109;19;662;118;12,4,15,1,18,10,7,6,16,17,8,19,14,3,11,13,0,5,9,2
110;19;812;145;12,17,11,14,5,7,1,4,8,0,9,18,13,15,6,3,2,10,16,19
111;26;606;110;17,2,6,13,0,15,10,16,18,9,1,12,5,7,4,3,19,14,8,11
112;22;731;131;13,9,17,14,16,15,10,3,18,7,8,4,5,2,12,6,19,0,1,11
113;26;1091;196;19,0,17,4,5,18,10,2,9,13,16,15,6,8,12,3,1,14,7,11
114;30;1120;173;3,7,19,8,13,18,0,9,2,12,17,14,4,5,1,15,11,10,6,16
115;21;619;112;11,14,17,16,13,7,18,10,8,0,9,6,4,15,12,1,2,5,3,19
116;40;997;159;16,3,2,19,7,13,5,18,12,10,9,11,15,17,4,0,14,6,8,1
117;23;429;77;1,2,11,18,19,6,9,7,16,10,4,15,8,12,17,14,0,5,13,3
118;25;709;127;11,9,2,7,19,18,1,10,3,13,5,8,4,15,16,17,14,0,6,12
119;20;807;144;4,19,8,12,7,0,13,1,11,10,16,15,3,14,5,6,9,18,2,17
120;27;981;170;7,8,1,19,17,5,10,0,13,2,9,3,11,12,6,18,4,15,14,16
121;20;717;125;17,7,10,0,3,8,16,12,5,13,2,9,1,4,15,11,14,18,6,19
122;29;682;124;17,10,11,3,1,13,18,5,2,9,4,15,14,12,0,8,19,6,16,7
123;24;865;146;2,18,4,15,9,16,10,14,0,1,19,12,3,7,6,8,11,13,17,5
124;36;930;152;19,0,5,15,3,1,14,18,6,4,7,17,8,12,2,10,16,9,13,11
125;32;1031;180;3,4,15,6,1,8,16,7,0,19,17,11,10,9,18,12,2,5,13,14
126;23;1144;192;9,18,11,16,8,1,0,2,19,7,12,17,3,15,4,10,13,5,6,14
127;24;489;88;7,8,2,11,10,5,9,14,19,1,15,18,16,17,4,3,0,6,13,12
128;24;687;123;19,18,14,7,6,11,10,0,9,13,16,17,3,15,8,12,4,2,5,1
129;27;1054;164;0,9,8,3,12,5,7,13,4,1,10,14,15,11,2,19,17,16,18,6
130;29;758;134;12,14,19,1,9,3,13,15,18,0,8,7,5,17,16,6,2,4,10,11
131;26;551;99;17,18,11,7,6,2,8,10,16,13,19,3,14,15,9,12,4,1,5,0
132;27;1131;121;6,12,5,19,18,4,0,13,9,7,17,11,3,15,8,10,16,2,14,1
133;31;973;102;10,9,6,14,12,0,4,1,7,13,5,8,15,2,16,19,17,3,18,11
134;24;579;61;0,7,8,17,1,4,5,10,9,6,2,13,12,11,14,16,19,18,3,15
135;27;561;59;4,17,5,19,1,13,10,8,0,9,7,3,15,12,2,14,6,18,16,11
136;17;429;45;14,19,12,7,6,5,3,8,0,13,16,2,18,1,17,4,15,10,9,11
137;32;902;94;6,13,1,16,17,2,18,10,9,7,5,14,19,11,12,4,15,8,3,0
138;31;675;71;19,16,8,11,9,2,0,13,18,1,6,14,4,3,5,12,17,10,7,15
139;28;1163;122;10,3,17,8,0,12,7,19,1,9,18,2,15,16,11,13,6,14,4,5
140;25;601;64;4,14,7,9,13,6,10,0,1,2,16,15,18,11,12,8,19,3,17,5
141;29;824;94;6,0,17,5,15,11,18,14,9,10,16,2,13,1,19,4,3,8,12,7
142;28;882;92;17,11,6,14,3,13,4,19,8,16,0,7,1,12,10,18,5,9,2,15
143;31;1175;122;11,17,6,8,3,7,4,19,18,16,10,2,13,12,0,1,14,9,5,15
144;32;779;81;17,19,5,6,7,1,4,16,0,12,3,11,14,10,2,13,15,18,9,8
145;24;660;68;7,10,5,19,13,2,0,9,12,8,15,3,14,17,4,18,11,6,16,1
146;18;425;44;8,5,4,11,3,7,13,17,18,16,10,6,14,15,2,0,12,1,9,19
147;31;853;101;6,4,1,2,19,17,12,9,18,0,7,8,5,15,11,13,3,10,14,16
148;34;1012;108;4,17,5,15,3,7,9,8,18,11,13,2,10,12,0,6,19,16,1,14
149;22;651;68;0,4,11,7,16,5,8,18,2,13,9,12,17,3,19,1,15,10,14,6
150;29;713;76;12,2,6,11,0,4,10,9,5,8,7,14,17,1,15,3,13,18,16,19
151;23;609;63;8,13,7,17,14,18,10,2,9,6,1,0,12,11,16,5,15,19,3,4
152;17;328;35;14,4,15,12,16,9,2,13,10,7,6,1,19,5,8,11,3,0,18,17
153;33;986;106;14,5,11,12,19,4,13,8,10,16,2,6,7,1,0,15,17,18,9,3
154;21;617;64;11,18,15,19,1,17,0,12,5,9,7,4,8,14,3,10,13,2,16,6
155;25;908;96;15,3,8,11,6,12,5,18,7,4,2,10,19,9,13,17,1,16,0,14
156;28;1088;115;14,9,4,3,16,8,7,15,2,10,17,12,11,1,6,19,18,13,0,5
157;18;512;53;16,10,15,11,12,19,14,13,1,3,18,5,9,2,8,0,17,7,4,6
158;31;835;95;14,11,4,6,12,9,1,3,18,7,0,8,16,19,5,15,2,13,10,17
159;29;1177;123;6,8,13,19,1,4,10,0,9,2,5,3,12,15,16,18,7,14,17,11
160;22;567;59;8,7,5,12,15,0,13,6,18,9,1,11,2,17,4,19,16,14,10,3
161;40;1105;117;5,14,2,6,0,17,13,4,12,9,3,18,15,11,10,7,8,19,16,1
162;37;911;99;2,16,5,3,7,10,14,13,17,4,6,1,19,12,8,9,18,0,15,11
163;23;734;78;2,12,4,15,9,17,8,10,7,13,19,3,14,18,5,16,11,1,0,6
164;15;629;66;2,12,14,0,6,5,16,1,8,13,3,18,19,15,11,9,10,7,17,4
165;28;1429;148;14,4,11,19,1,6,0,8,2,9,7,18,17,5,13,15,16,12,10,3
166;24;1091;114;16,3,2,7,4,9,10,18,13,8,19,1,12,6,15,0,17,14,11,5
167;27;947;100;12,17,3,19,13,7,18,10,8,2,9,14,11,15,16,1,0,4,6,5
168;20;635;66;16,0,2,7,12,5,18,8,1,3,15,4,9,6,13,14,17,11,10,19
169;21;662;69;3,5,11,2,15,17,16,7,10,9,18,19,1,14,4,12,6,8,0,13
170;32;1108;117;11,0,15,5,3,10,9,1,19,18,7,17,8,12,6,2,4,16,13,14
171;33;914;98;1,12,14,8,18,13,6,2,3,9,10,4,7,19,11,5,16,17,0,15
172;26;949;101;1,6,19,11,17,5,0,14,4,12,8,13,15,16,3,2,9,7,18,10
173;23;822;86;10,16,11,3,5,6,14,0,8,4,1,12,19,13,9,7,15,2,18,17
174;33;1293;138;15,9,2,5,19,4,10,18,14,17,7,12,1,3,16,8,6,0,13,11
175;21;718;78;1,5,7,11,19,4,9,12,8,18,3,15,17,14,2,6,13,16,10,0
176;22;914;96;16,0,17,14,5,6,10,4,13,18,9,15,11,8,7,3,2,1,12,19
177;18;763;81;13,19,11,4,15,1,10,16,12,9,3,5,14,8,0,2,6,18,7,17
178;15;576;65;10,9,17,11,16,7,13,0,1,2,18,14,15,19,12,5,6,3,8,4
179;22;540;57;11,16,15,2,7,13,4,18,10,9,3,12,19,17,8,1,14,0,5,6
180;16;413;43;16,0,13,15,17,19,10,14,9,2,1,12,6,11,5,3,4,7,8,18
181;36;1322;141;2,18,12,19,4,10,1,17,9,6,7,0,3,11,15,16,5,8,14,13
182;31;665;70;8,5,4,11,9,1,7,0,12,2,18,3,14,15,6,19,17,16,10,13
183;29;579;61;14,5,15,0,19,3,8,18,12,13,2,6,4,1,9,16,17,10,7,11
184;26;607;63;9,4,15,14,18,17,3,5,7,13,10,11,6,0,8,1,19,2,16,12
185;27;965;100;14,7,11,2,15,17,16,1,10,9,18,3,12,19,0,5,6,8,13,4
186;31;1134;118;9,15,11,12,2,0,13,1,16,10,6,4,14,8,19,7,5,18,3,17
187;38;1428;149;0,16,11,17,5,10,7,13,2,1,6,15,14,8,9,19,4,3,18,12
188;14;414;44;8,3,6,17,10,16,7,13,2,0,18,15,19,9,11,5,12,14,1,4
189;26;1122;116;5,10,12,11,0,17,14,9,7,8,4,6,2,1,15,13,18,16,19,3
190;38;1360;141;12,3,17,6,1,13,10,19,16,2,18,11,15,14,5,0,8,9,4,7
191;30;1506;156;6,0,16,5,2,13,10,8,9,18,19,3,14,11,7,15,4,12,17,1
192;20;416;44;8,5,9,0,17,1,7,19,10,15,14,6,11,4,18,16,12,3,2,13
193;30;1475;152;16,0,2,9,13,7,10,18,12,1,6,15,11,8,5,3,17,14,4,19
194;30;1126;115;1,19,17,15,18,12,10,3,13,2,5,4,8,14,11,6,9,0,7,16
195;23;764;79;17,12,11,6,0,2,13,7,1,9,8,14,15,19,18,4,16,5,3,10
196;16;743;77;16,4,3,11,0,2,18,10,1,14,5,12,17,6,15,13,7,8,9,19
197;23;619;65;17,13,15,1,7,16,14,9,2,3,5,19,8,10,11,18,4,0,6,12
198;14;332;41;17,11,15,13,19,4,9,6,14,18,0,8,16,5,1,7,10,12,2,3
199;13;468;48;12,2,3,14,0,4,19,7,9,1,18,15,16,11,6,8,17,13,10,5
200;26;863;89;3,14,19,17,13,7,18,11,10,1,6,2,15,16,0,12,9,4,8,5
201;19;494;52;11,4,0,8,16,12,9,13,6,1,2,7,5,10,19,17,3,14,18,15
202;20;498;52;6,19,15,5,12,10,13,14,1,0,11,9,18,3,16,4,2,7,17,8
203;21;495;53;5,1,15,18,4,6,13,14,10,17,11,12,19,2,8,7,3,0,16,9
204;27;858;88;0,6,15,17,18,4,9,7,14,5,1,2,10,16,8,12,11,19,13,3
205;30;762;79;15,3,18,0,8,10,9,16,17,4,14,11,19,12,2,6,13,5,1,7
206;24;845;88;19,0,3,7,10,8,18,9,5,16,13,2,11,1,15,4,17,6,12,14
207;26;484;51;9,1,17,19,18,4,10,0,14,7,6,15,16,3,12,8,11,2,13,5
208;26;694;73;9,4,17,14,0,2,13,5,18,7,8,12,15,3,10,1,19,6,16,11
209;25;861;89;9,10,14,19,8,7,3,1,17,4,6,16,2,15,5,0,12,13,18,11
210;26;698;72;12,17,0,4,14,7,8,10,9,1,13,6,16,11,19,2,15,3,18,5
211;20;536;55;6,19,15,17,4,1,13,10,5,2,18,12,3,14,16,7,9,0,11,8
212;26;677;71;2,9,5,15,16,4,14,17,6,10,7,8,18,13,11,12,19,0,3,1
213;29;540;56;0,10,8,13,18,4,5,9,2,1,7,6,12,16,15,11,3,17,14,19
214;23;1203;123;3,5,15,13,18,14,16,2,10,19,1,6,9,4,8,12,11,7,0,17
215;33;1150;173;12,7,3,4,6,2,18,8,9,1,5,11,14,0,19,13,15,10,16,17
216;31;789;138;16,6,3,9,5,0,18,1,4,14,7,17,12,10,19,11,2,8,13,15
217;23;616;110;13,16,17,14,5,6,10,15,4,2,1,12,19,3,18,9,8,0,7,11
218;18;389;70;3,19,15,1,7,11,9,14,0,18,8,13,5,12,17,16,4,10,2,6
219;23;443;80;17,7,15,9,13,18,10,0,19,16,14,3,5,12,6,11,1,4,2,8
220;38;1767;257;1,6,12,16,9,13,2,10,8,5,4,3,14,15,17,19,7,11,18,0
221;26;674;121;4,13,14,15,1,9,3,8,11,10,12,17,16,19,5,7,0,2,18,6
222;23;593;107;10,17,5,3,18,11,9,16,14,2,0,1,12,19,13,6,15,7,8,4
223;21;842;148;1,9,6,2,7,15,10,18,8,0,13,16,11,5,4,19,17,3,14,12
224;30;874;157;17,19,12,16,2,14,13,18,4,5,1,8,0,15,3,7,9,6,11,10
225;29;1015;158;0,8,19,2,12,5,1,4,14,3,15,18,16,7,17,9,6,13,10,11
226;18;546;99;14,7,15,0,13,17,16,9,12,2,10,6,1,11,18,4,3,5,19,8
227;29;717;128;5,4,3,12,13,7,18,0,9,16,6,15,14,8,19,1,11,10,17,2
228;24;986;176;4,17,6,15,9,19,16,14,13,1,10,2,12,11,0,5,3,7,18,8
229;30;761;136;11,9,14,15,6,7,4,18,2,10,19,12,3,1,5,17,13,0,8,16
230;29;1075;166;6,14,0,2,10,3,7,16,5,9,18,8,15,4,11,13,17,19,12,1
231;29;840;149;11,0,17,15,2,1,9,6,12,7,4,3,8,19,10,14,13,5,16,18
232;14;332;59;12,10,11,15,8,16,6,13,19,7,4,14,9,3,17,2,0,5,18,1
233;37;1018;162;19,14,12,6,2,13,7,16,9,18,3,11,4,15,17,0,10,5,8,1
234;25;934;99;8,10,15,16,0,5,3,13,1,9,7,18,17,19,11,2,12,4,14,6
235;22;418;44;13,8,3,18,11,5,19,9,10,14,4,1,7,0,15,2,17,6,12,16
236;27;666;70;19,1,11,15,3,9,18,6,13,16,2,17,4,12,0,10,8,5,7,14
237;28;1024;110;0,7,19,6,13,18,1,2,15,3,5,14,4,8,12,16,9,17,10,11
238;31;944;100;9,5,15,14,16,4,0,7,2,13,8,12,3,1,6,17,18,10,19,11
239;23;722;77;16,2,15,19,3,10,18,11,5,13,9,6,1,4,17,0,14,12,7,8
240;24;636;66;19,16,12,11,9,2,18,0,5,1,6,15,10,8,7,14,13,4,17,3
241;29;735;77;3,4,12,6,1,7,8,2,14,5,10,17,11,16,13,18,19,9,0,15
242;36;1351;142;12,11,1,14,16,9,7,15,18,0,8,5,4,2,6,3,17,13,10,19
243;23;492;52;17,4,7,14,18,6,12,10,0,2,13,8,5,15,1,16,19,9,3,11
244;30;862;92;4,2,17,8,0,7,10,5,1,9,18,15,12,6,13,14,19,3,16,11
245;34;829;89;12,14,3,16,10,5,13,2,18,9,11,0,15,7,4,1,17,6,8,19
246;25;649;118;16,10,19,14,8,7,1,17,4,0,9,3,11,15,12,18,2,13,5,6
247;19;552;99;14,11,8,2,1,0,10,5,19,6,13,16,17,3,4,18,12,9,7,15
248;33;1411;219;12,5,11,18,6,13,0,2,9,8,4,15,14,3,16,17,1,10,19,7
249;26;605;110;6,0,3,2,10,13,18,16,9,14,19,5,8,1,12,4,15,17,7,11
250;30;909;152;15,6,9,19,12,4,18,14,7,2,1,10,16,17,11,5,3,0,13,8
251;31;1203;201;6,2,19,17,7,16,12,10,5,0,13,8,18,4,11,15,14,9,3,1
252;21;613;110;4,5,14,15,18,0,8,9,12,7,1,6,3,2,11,10,13,19,16,17
253;22;643;116;15,9,16,4,14,1,8,10,19,18,7,0,17,11,2,6,5,12,13,3
254;25;624;112;14,4,19,15,2,6,18,8,10,16,13,3,9,5,0,12,7,11,1,17
255;27;710;128;15,4,3,12,0,2,18,1,5,11,9,13,17,8,19,6,7,10,16,14
256;20;476;87;10,7,6,15,11,4,16,8,12,13,2,1,18,19,0,5,3,9,14,17
257;23;890;159;19,14,18,11,13,1,2,9,5,8,7,12,17,3,15,0,10,6,16,4
258;25;556;100;1,0,12,4,2,11,6,9,18,16,13,17,8,19,3,10,15,5,14,7
259;26;734;166;16,3,0,18,15,7,13,17,4,8,12,5,19,14,11,2,10,1,9,6
260;16;660;119;6,14,7,4,9,19,10,3,18,1,5,0,8,11,12,16,15,13,17,2
261;25;527;95;15,9,17,7,5,10,2,14,4,13,11,16,18,3,12,6,19,0,1,8
262;29;1032;163;15,16,1,3,5,6,18,8,4,9,0,11,19,14,7,13,17,10,12,2
263;28;870;157;18,1,14,12,8,2,3,7,16,13,9,11,6,0,5,17,15,10,4,19
264;34;1310;190;11,14,10,4,2,19,13,3,1,16,18,9,5,15,17,0,12,7,8,6
265;24;752;136;14,16,15,0,4,18,8,19,10,5,13,9,17,11,3,1,7,2,12,6
266;21;497;90;17,10,12,14,9,7,1,6,18,2,16,3,19,15,8,4,0,13,5,11
267;23;614;110;19,14,0,7,18,4,8,10,9,13,5,12,1,3,16,17,15,2,6,11
268;18;505;90;14,19,11,2,15,17,18,10,9,0,7,12,1,3,16,4,6,8,13,5
269;26;548;100;1,9,6,15,16,5,0,2,10,13,7,17,18,4,8,12,19,3,14,11
270;26;820;147;4,9,5,3,10,6,2,15,13,7,1,12,11,17,18,14,16,0,19,8
271;26;613;111;7,0,15,19,10,8,18,1,5,4,9,3,11,14,6,12,2,13,16,17
272;33;1306;189;19,10,3,11,5,13,14,9,2,18,7,12,17,1,15,0,4,8,6,16
273;30;574;104;3,12,18,8,5,6,0,13,1,14,11,9,17,2,16,15,4,10,7,19
274;27;738;131;0,6,19,17,18,1,12,9,10,16,2,8,4,15,3,13,7,5,14,11
275;23;829;140;11,9,14,15,16,17,10,18,13,4,7,5,1,3,19,8,2,0,12,6
276;19;505;91;14,5,15,6,0,4,3,1,13,9,18,16,2,19,11,10,12,7,17,8
277;31;712;129;14,4,11,17,3,9,18,7,8,19,0,13,16,5,1,10,12,6,2,15
278;28;1451;224;8,0,15,14,2,11,17,4,10,13,12,3,19,16,9,5,7,1,18,6
279;18;601;107;5,4,17,12,19,13,10,2,3,18,9,15,11,14,16,8,1,0,6,7
280;36;881;147;14,4,6,12,13,5,1,8,10,16,0,19,7,11,15,3,17,18,9,2
281;24;708;127;17,19,11,1,6,18,7,0,14,15,8,3,5,12,9,16,4,13,2,10
282;34;894;160;18,2,15,5,14,13,9,8,12,11,0,1,6,7,17,19,4,16,10,3
283;21;764;134;4,19,11,16,7,1,5,10,12,8,14,15,3,17,9,6,2,18,13,0
284;28;728;131;2,16,17,14,5,6,18,10,1,9,13,11,0,12,15,4,19,8,3,7
285;24;617;111;0,8,11,13,2,5,16,12,4,14,3,9,15,7,17,1,6,18,10,19
286;23;660;118;0,8,6,15,18,13,10,9,2,1,5,14,4,19,12,11,7,3,17,16
287;20;934;168;3,16,12,2,5,15,1,13,8,0,6,7,4,17,11,18,9,14,10,19
288;26;768;137;1,5,6,17,11,4,13,10,3,0,9,18,15,19,16,7,14,2,8,12
289;24;900;149;18,9,2,15,19,11,3,17,10,13,4,8,5,7,12,6,14,0,1,16
290;23;519;93;2,18,12,6,10,5,1,13,0,7,3,19,11,16,17,8,9,14,15,4
291;18;769;137;6,7,19,5,13,17,16,10,12,0,18,15,3,8,11,4,2,9,14,1
292;23;660;119;2,1,3,6,13,7,18,10,17,9,5,14,19,12,11,4,16,8,0,15
293;26;791;138;15,7,11,4,5,17,9,14,2,18,10,13,6,8,19,16,1,12,0,3
294;26;736;132;12,3,1,4,17,13,5,18,9,10,19,11,14,15,2,0,7,16,8,6
295;27;1021;161;12,6,17,15,3,1,18,16,0,7,13,9,8,11,10,2,19,4,5,14
296;21;819;140;13,9,12,14,6,2,16,1,18,7,0,8,11,15,17,5,19,4,10,3
297;23;949;153;4,14,8,7,9,5,6,10,2,13,3,12,19,11,16,17,1,18,0,15
298;27;838;142;8,7,11,14,16,10,0,4,17,13,9,3,18,15,6,5,19,2,1,12
299;28;871;145;19,11,3,4,1,0,18,16,6,12,13,5,17,14,2,8,10,9,7,15
300;23;511;93;7,2,3,15,11,5,18,6,1,14,10,17,16,12,19,4,0,13,8,9
301;21;776;135;12,6,7,5,3,0,1,8,16,19,10,17,4,15,18,13,2,11,9,14
302;27;820;139;14,3,17,19,0,4,16,8,7,10,13,2,12,18,15,5,6,9,1,11
303;33;1243;184;2,1,11,15,18,5,13,14,3,12,0,8,6,19,17,4,16,7,10,9
304;29;820;148;13,16,5,18,7,19,9,2,0,8,1,15,14,6,4,12,11,10,3,17
305;31;1125;191;13,18,8,17,10,19,7,16,1,9,0,12,11,2,15,3,6,14,4,5
306;31;926;167;6,14,17,11,2,4,10,8,12,1,5,19,3,15,7,0,13,18,9,16
307;27;720;128;12,2,15,16,8,18,3,13,7,4,9,11,10,17,14,0,5,1,19,6
308;19;460;82;19,1,3,15,8,2,18,9,5,12,7,11,6,0,13,17,4,10,16,14
309;28;886;158;15,6,16,11,9,14,10,5,7,18,1,19,2,0,8,3,4,12,13,17
310;35;878;145;6,12,16,11,5,17,13,10,7,8,19,14,3,1,2,15,4,18,9,0
311;37;1011;158;19,3,8,17,1,13,7,16,2,6,14,4,15,5,0,10,18,11,9,12
312;23;760;132;6,14,7,19,10,2,1,18,9,4,5,8,3,15,17,13,16,11,12,0
313;28;483;88;0,7,11,15,10,5,4,8,17,16,14,3,18,12,13,19,9,1,2,6
314;28;1067;164;8,6,19,2,17,13,18,16,10,11,0,9,1,15,3,4,7,5,12,14
315;25;748;132;18,0,17,11,2,6,7,4,13,16,8,15,14,9,10,3,5,19,1,12
316;23;677;121;8,13,3,14,7,12,18,0,1,2,9,15,11,6,16,4,19,10,17,5
317;24;861;143;11,0,17,18,5,16,7,13,6,4,8,15,12,9,10,3,2,19,1,14
318;16;438;80;11,9,16,6,10,3,0,17,8,19,5,14,4,15,18,12,7,2,1,13
319;14;381;69;12,14,17,18,8,2,13,5,16,6,10,19,11,3,15,1,0,4,9,7
320;27;474;86;5,14,1,17,13,15,10,4,3,16,6,0,11,19,2,8,9,7,18,12
321;37;782;137;0,1,11,15,17,16,18,6,10,7,2,5,12,4,14,8,19,13,3,9
322;22;551;99;4,12,8,3,1,11,13,19,2,9,10,15,17,6,0,14,16,7,18,5
323;25;697;126;3,15,11,2,4,0,12,18,8,17,9,13,10,5,7,16,19,6,1,14
324;34;859;156;16,0,3,7,4,13,18,12,10,14,19,1,11,6,15,2,17,8,9,5
325;16;514;92;3,14,19,7,0,15,18,8,9,16,10,17,4,11,13,12,5,6,2,1
326;17;347;63;9,16,11,14,7,10,13,4,6,18,2,3,19,15,17,5,8,1,12,0
327;28;631;113;1,2,17,19,8,16,10,13,4,7,9,11,15,14,12,0,6,18,3,5
328;38;763;138;3,12,15,13,9,19,5,2,10,18,1,0,6,11,14,16,4,7,8,17
329;33;940;168;19,15,17,4,2,18,10,3,9,13,16,6,8,1,12,14,5,0,7,11
330;18;533;100;13,12,8,14,16,5,10,1,2,17,7,4,3,6,19,9,11,18,0,15
331;28;1046;161;16,13,0,15,14,9,8,18,11,1,7,12,17,3,19,2,4,10,5,6
332;21;457;82;11,19,15,0,2,14,9,16,5,18,3,4,8,10,17,6,13,12,7,1
333;32;1295;211;8,13,15,5,1,10,14,0,9,6,12,17,3,11,16,7,19,2,18,4
334;32;951;170;15,8,3,4,10,18,9,7,2,13,17,11,12,6,16,14,1,19,0,5
335;35;1063;185;6,1,17,19,8,11,10,16,9,7,2,18,12,15,14,0,13,5,3,4
336;37;1260;186;12,8,17,14,1,13,10,4,5,2,9,11,15,0,7,3,6,18,16,19
337;29;528;95;11,0,15,18,2,8,9,7,5,4,14,3,19,12,6,17,1,16,13,10
338;22;580;105;11,13,15,2,7,4,9,17,6,0,18,3,16,12,8,14,10,19,5,1
339;19;665;119;19,14,1,6,13,11,10,3,17,9,5,2,4,12,0,18,16,8,7,15
340;17;474;85;5,0,14,6,2,19,4,13,1,12,3,15,16,9,11,8,10,18,17,7
341;23;920;163;9,4,11,16,1,13,0,2,10,7,8,15,14,6,12,18,19,5,3,17
342;25;712;128;15,9,19,7,16,4,8,10,2,5,13,12,1,3,14,17,6,11,0,18
343;24;496;89;12,8,3,6,11,15,10,18,9,17,7,1,4,0,19,2,14,5,16,13
344;18;792;136;19,3,0,14,10,12,11,5,2,13,9,6,15,4,8,1,17,18,7,16
345;31;1236;215;16,15,1,11,13,7,10,9,12,2,18,19,14,3,5,0,17,8,4,6
346;21;703;125;8,14,4,19,2,11,10,1,9,7,12,17,3,15,6,0,13,18,16,5
347;25;621;112;14,10,8,7,4,19,0,16,1,9,13,12,17,6,15,3,11,2,18,5
348;36;812;141;2,6,11,14,10,12,18,1,17,9,13,3,15,16,0,5,7,8,19,4
349;27;715;128;9,0,15,6,3,17,18,4,19,12,5,7,8,1,2,10,14,13,16,11
350;20;522;94;13,19,16,6,7,1,10,0,9,18,3,15,14,8,2,11,4,12,5,17
351;29;905;149;16,3,11,12,7,14,0,13,4,10,5,1,19,6,9,2,8,18,15,17
352;19;482;88;18,17,15,16,4,11,14,0,12,5,9,1,2,7,8,19,6,13,10,3
353;19;707;127;17,5,11,8,0,2,10,13,16,18,19,3,14,15,9,12,6,1,4,7
354;27;1128;191;6,14,1,11,9,19,10,0,8,2,5,7,12,4,16,18,13,3,17,15
355;30;673;121;15,8,3,14,1,12,18,5,0,9,13,11,16,6,4,17,2,10,7,19
356;20;428;77;9,10,11,12,8,2,13,5,16,19,18,3,17,15,14,1,4,7,6,0
357;19;622;113;12,2,8,14,7,11,0,5,18,9,13,19,16,1,4,3,17,10,6,15
358;25;520;94;2,1,12,15,9,5,8,18,0,13,19,3,14,11,17,16,7,10,4,6
359;29;815;139;7,4,18,19,1,17,9,0,16,2,8,15,5,6,11,12,13,14,10,3
360;27;1009;159;4,8,11,19,3,2,14,18,12,13,16,6,0,15,9,10,5,7,1,17
361;21;482;89;2,1,12,17,4,9,8,13,10,5,3,14,19,6,15,11,16,18,0,7
362;27;679;122;3,16,12,4,5,17,14,13,10,18,2,7,6,8,19,9,11,1,0,15
363;26;887;158;6,4,1,2,13,15,16,14,9,0,8,7,5,10,19,12,3,17,18,11
364;23;700;126;7,14,10,15,6,19,1,8,13,2,12,17,11,4,5,18,0,3,9,16
365;26;841;151;3,18,8,4,10,19,6,11,17,16,13,5,2,7,0,14,12,9,1,15
366;20;377;68;19,13,14,17,18,6,3,4,2,1,5,7,8,12,11,10,15,0,9,16
367;27;555;100;3,19,4,11,18,13,14,0,8,2,16,17,10,15,6,12,7,1,9,5
368;30;1239;204;10,6,11,3,5,13,19,16,7,8,2,12,15,1,0,17,18,4,9,14
369;15;326;58;4,17,6,13,16,7,8,10,12,0,11,3,19,14,15,9,5,18,1,2
370;27;615;111;15,3,17,7,1,16,10,8,13,6,19,11,12,14,4,0,5,18,2,9
371;23;756;135;11,0,17,7,3,6,14,4,1,19,15,18,8,9,10,2,5,16,13,12
372;20;599;107;3,7,15,11,5,9,12,0,18,2,1,19,6,14,8,16,13,10,4,17
373;19;502;92;10,14,17,6,2,19,13,5,8,12,3,9,15,4,11,1,16,18,0,7
374;19;686;122;1,5,19,9,15,13,0,10,16,3,14,11,4,2,12,17,6,7,8,18
375;23;673;121;15,3,18,1,10,12,2,19,13,11,14,6,5,16,17,0,8,4,7,9
376;21;751;133;12,11,3,18,10,14,19,9,5,8,4,7,0,17,15,2,1,6,16,13
377;18;911;162;0,11,17,15,1,13,9,16,2,7,10,4,14,6,18,8,5,19,3,12
378;30;675;120;8,2,15,16,0,9,13,10,1,11,5,14,3,19,17,4,12,7,18,6
379;42;1367;196;7,10,2,19,13,5,18,8,12,9,4,11,14,17,15,0,3,6,16,1
380;18;642;115;13,5,11,15,6,10,18,1,7,16,2,17,8,12,14,9,19,4,3,0
381;22;462;83;11,9,6,14,7,13,1,3,8,0,18,16,15,2,12,19,5,17,10,4
382;33;1201;178;10,12,4,15,9,8,6,17,13,1,19,14,3,11,7,5,16,18,0,2
383;27;911;108;2,12,6,3,16,11,1,18,0,10,7,4,5,8,15,9,19,17,14,13
384;22;649;67;6,11,16,14,5,13,10,8,9,1,0,18,7,15,2,19,4,12,17,3
385;18;907;92;6,15,4,13,18,1,5,16,9,7,14,11,3,17,10,0,2,19,12,8
386;25;825;86;14,7,11,12,19,2,13,1,18,0,9,8,17,15,6,5,16,4,10,3
387;37;1012;106;1,2,6,7,14,16,0,18,3,11,9,10,4,5,15,17,19,13,8,12
388;20;418;44;6,19,16,11,7,3,13,14,5,8,12,2,17,1,15,4,10,18,9,0
389;22;771;80;17,18,7,5,11,16,1,14,0,10,19,8,3,15,6,4,12,13,2,9
390;30;1038;127;7,18,11,15,10,0,9,5,19,4,14,6,3,1,2,8,12,16,13,17
391;13;459;48;2,19,16,11,7,0,10,1,8,4,5,13,3,12,6,9,14,18,15,17
392;26;887;92;12,14,19,6,9,3,7,15,18,0,8,16,4,2,11,13,17,5,10,1
393;17;427;45;8,13,15,3,14,18,2,19,6,10,17,7,12,4,5,0,1,11,9,16
394;33;1079;113;6,19,4,12,2,15,13,0,9,10,8,5,14,1,16,7,11,18,3,17
395;24;847;88;18,7,13,4,14,10,2,17,5,1,12,19,8,3,16,11,15,0,6,9
396;20;646;67;7,3,6,12,2,11,1,18,14,9,15,4,8,5,0,17,19,16,13,10
397;25;742;77;12,1,8,18,17,16,0,2,10,13,6,4,15,7,5,3,11,14,9,19
398;24;681;71;1,9,12,14,2,10,19,4,13,16,0,8,15,5,17,6,11,7,18,3
399;31;778;82;15,14,6,9,13,1,10,2,12,17,5,7,4,8,16,18,19,3,0,11
400;20;502;53;3,12,5,14,4,18,9,19,17,10,2,7,1,8,13,16,11,6,0,15
401;23;734;76;3,6,14,17,9,1,18,7,10,5,0,19,16,11,4,12,2,8,13,15
402;34;713;76;5,3,4,15,10,1,2,9,6,7,12,11,17,14,18,0,13,19,16,8
403;20;584;61;8,13,7,16,15,17,0,10,11,5,12,1,2,6,4,19,9,3,18,14
404;25;552;57;11,0,17,19,7,5,10,14,1,9,4,13,16,6,15,3,2,8,18,12
405;32;1163;120;19,4,3,11,0,2,18,9,5,16,10,13,17,8,15,1,7,6,12,14
406;28;537;57;14,6,8,13,9,2,10,12,4,5,1,19,0,11,7,3,17,18,16,15
407;31;484;51;11,8,17,6,1,4,10,13,5,2,12,3,15,19,16,14,9,0,18,7
408;32;788;83;2,15,7,19,13,9,18,12,0,16,3,5,14,8,17,1,11,4,10,6
409;29;791;84;12,17,3,19,8,7,18,10,5,15,9,2,11,13,16,1,0,4,6,14
410;17;451;47;11,12,17,18,5,9,3,7,1,10,13,16,6,2,4,0,14,8,15,19
411;25;492;52;16,10,2,4,3,6,18,9,14,19,1,8,7,5,13,0,15,12,17,11
412;18;602;63;5,12,15,7,16,3,1,17,19,14,10,6,11,2,18,4,0,13,9,8
413;31;484;51;14,18,19,13,12,9,0,5,15,7,17,11,10,3,1,4,6,2,16,8
414;21;513;55;0,3,8,2,4,5,13,19,14,6,12,7,17,18,15,1,11,10,9,16
415;14;578;60;11,14,4,8,0,5,7,3,1,9,18,2,15,19,17,13,12,16,10,6
416;18;315;33;7,8,17,16,1,15,10,14,3,9,5,2,13,12,11,18,4,0,6,19
417;22;534;56;4,14,15,12,2,9,13,3,18,8,5,0,19,11,6,7,16,1,10,17
418;18;527;55;3,8,19,17,6,13,12,18,16,1,0,11,7,14,5,9,2,4,10,15
419;32;1012;105;19,1,0,15,17,5,9,14,7,18,2,16,6,10,11,3,4,12,13,8
420;22;1220;126;0,6,12,14,2,13,7,4,10,5,8,3,15,11,17,19,9,16,18,1
421;15;659;67;15,8,9,19,12,5,18,14,7,2,4,10,16,17,11,6,3,0,13,1
422;25;826;84;12,17,14,16,1,7,8,10,18,5,13,3,11,19,4,2,6,9,0,15
423;25;767;80;7,0,14,16,15,11,18,6,4,9,1,5,19,8,3,10,2,12,13,17
424;27;556;58;1,19,9,14,6,15,10,3,8,7,18,2,11,12,17,5,16,0,13,4
425;43;1571;160;7,12,4,19,5,11,10,0,13,17,9,15,3,8,6,18,16,1,14,2
426;34;1244;128;14,16,11,2,12,15,18,6,10,19,3,5,13,1,0,4,7,8,9,17
427;30;694;72;17,7,15,4,19,2,13,10,16,3,12,14,6,11,9,5,0,1,8,18
428;37;1403;143;16,2,17,19,0,4,10,14,8,6,7,12,1,13,11,3,5,18,9,15
429;25;698;73;15,6,17,14,9,16,10,8,13,18,0,19,5,11,7,3,4,1,2,12
430;27;1090;111;19,10,8,6,3,15,0,16,14,5,17,4,7,11,13,2,18,12,9,1
431;39;1387;143;17,7,11,14,13,18,10,3,2,9,19,1,0,12,15,5,16,8,6,4
432;21;446;47;15,13,14,4,19,12,6,3,0,1,18,7,9,8,5,17,11,2,10,16
433;37;1220;126;4,7,1,15,16,9,14,8,10,2,12,11,19,17,5,13,3,0,18,6
434;27;533;56;14,6,3,18,9,4,5,7,8,13,0,11,16,15,12,17,1,10,2,19
435;25;487;51;3,10,15,7,18,11,14,17,2,13,16,1,6,5,9,12,4,0,8,19
436;34;1272;131;12,8,17,6,9,19,13,0,18,3,5,14,4,15,16,1,11,2,10,7
437;24;895;92;1,9,6,7,14,11,0,18,3,16,13,10,4,5,15,2,19,17,8,12
438;24;1071;111;16,3,0,7,10,12,1,18,9,13,19,8,5,15,6,17,2,14,4,11
439;26;521;54;14,5,15,19,16,17,18,10,12,2,4,6,8,1,9,11,7,13,0,3
440;22;804;83;5,10,12,4,18,13,14,2,16,19,1,0,6,7,17,8,15,9,11,3
441;23;751;78;14,5,15,13,10,9,16,2,18,6,4,3,8,19,1,12,11,7,0,17
442;24;1037;109;16,2,0,8,15,5,13,17,1,9,10,4,7,6,11,14,12,18,3,19
443;27;781;80;3,9,5,4,0,15,14,2,13,19,18,17,10,11,1,12,16,7,6,8
444;25;567;59;1,9,6,17,5,13,4,10,11,0,19,3,15,14,16,12,2,18,8,7
445;21;544;56;17,7,11,8,2,5,13,4,3,18,10,15,6,12,9,14,16,1,0,19
446;18;811;83;8,5,13,19,18,4,0,14,6,7,12,17,1,15,11,10,3,2,9,16
447;26;854;87;12,1,17,19,18,5,2,3,9,7,4,8,6,15,16,14,13,0,10,11
448;27;632;66;18,16,11,1,5,15,9,14,8,13,3,12,6,2,17,19,4,7,10,0
449;28;752;79;19,8,0,15,10,18,1,14,7,2,5,12,4,17,11,3,6,13,9,16
450;24;1137;116;16,2,14,15,17,1,3,6,12,19,5,8,4,13,11,0,10,7,9,18
451;28;697;72;12,7,19,16,2,17,14,10,18,5,4,15,8,6,1,13,11,9,0,3
452;35;1537;158;2,12,16,3,5,17,18,9,14,10,7,6,0,1,13,4,11,8,19,15
453;27;625;66;9,1,4,19,18,2,10,14,12,7,5,8,0,15,6,3,11,13,16,17
454;32;666;70;6,4,11,2,13,14,16,5,8,19,10,7,17,12,3,1,15,9,18,0
455;23;673;71;5,10,3,11,0,17,12,9,7,8,13,2,16,18,15,4,1,6,19,14
456;18;522;54;3,12,11,14,15,2,18,1,0,9,7,4,17,6,13,5,16,8,10,19
457;18;754;98;2,1,15,4,13,19,5,9,0,18,10,17,7,12,3,11,8,16,14,6
458;37;900;101;9,14,1,6,13,5,12,4,8,18,3,19,15,11,2,0,17,16,10,7
459;25;808;104;10,6,17,2,5,16,13,4,1,0,8,18,15,7,11,19,9,14,3,12
460;29;832;89;13,0,2,7,3,11,9,12,14,5,1,10,6,16,8,17,15,19,4,18
461;15;375;39;14,9,4,0,2,13,6,11,10,5,17,8,7,15,3,19,16,12,18,1
462;16;801;85;7,12,11,19,4,2,18,1,5,9,13,15,3,8,0,10,14,6,16,17
463;23;617;64;6,0,13,11,17,1,10,12,8,16,19,3,18,15,2,14,7,5,9,4
464;17;524;54;6,4,15,5,13,18,8,7,17,16,0,19,11,14,3,1,12,9,2,10
465;18;530;56;5,3,4,6,7,13,10,12,9,8,19,0,14,11,2,1,17,18,16,15
466;22;712;74;2,18,6,19,13,15,10,3,8,4,9,1,0,5,14,12,16,11,17,7
467;23;847;88;0,9,6,4,12,18,16,7,3,19,17,15,10,11,1,8,2,5,13,14
468;24;690;72;4,6,14,11,7,13,3,10,12,8,16,19,0,17,15,2,9,1,18,5
469;28;726;76;15,8,17,12,9,16,10,13,0,4,5,14,7,11,6,3,1,18,2,19
470;24;983;104;12,3,11,9,10,14,13,1,4,2,5,8,15,19,16,7,6,18,0,17
471;28;423;44;9,1,15,11,13,2,18,12,6,8,5,4,14,0,19,17,3,10,16,7
472;32;891;96;0,19,11,15,7,1,9,16,10,4,14,5,3,8,13,6,18,12,2,17
473;32;832;89;14,1,19,15,13,5,18,6,2,16,10,17,7,12,0,4,11,9,8,3
474;31;889;96;13,4,18,12,11,5,3,8,0,9,7,1,17,6,15,2,19,10,14,16
475;20;576;60;11,15,4,8,1,17,6,10,7,12,14,3,5,9,2,19,16,18,13,0
476;31;1014;109;1,6,12,8,5,16,13,0,10,17,11,14,15,4,7,19,9,18,3,2
477;27;1024;108;10,9,4,11,12,0,5,13,7,1,8,6,15,17,19,16,3,18,14,2
478;32;917;98;4,17,11,7,8,12,9,6,13,5,10,2,18,16,14,1,15,19,3,0
479;31;1089;115;12,1,17,5,18,2,10,14,16,13,6,4,7,3,11,8,15,0,9,19
480;33;899;96;7,18,17,15,16,9,10,13,1,0,19,12,3,2,11,8,5,14,4,6
481;31;1108;117;16,0,4,19,2,7,10,18,8,13,9,14,11,15,6,3,17,1,12,5
482;30;874;92;2,3,17,13,6,19,16,18,14,10,15,4,9,11,7,5,1,8,0,12
483;20;964;102;3,19,15,0,7,5,8,18,1,4,14,2,11,12,17,16,9,10,13,6
484;21;774;83;11,13,19,5,10,8,0,2,15,6,16,3,18,12,1,14,9,17,7,4
485;32;1051;111;19,3,6,7,2,18,10,8,12,16,15,11,14,17,13,0,4,5,9,1
486;26;831;90;15,19,8,16,9,14,13,3,11,4,12,7,2,17,5,6,18,1,10,0
487;24;801;85;5,8,4,9,3,19,15,0,16,14,6,10,7,13,11,1,18,12,17,2
488;20;738;79;12,15,14,0,17,2,11,9,16,10,18,19,8,3,4,1,13,7,5,6
489;29;782;85;2,19,6,14,7,16,1,3,10,9,18,15,11,17,13,5,12,8,0,4
490;19;373;39;8,19,6,17,7,11,4,0,14,5,3,13,16,12,1,9,10,18,2,15
491;26;914;98;7,9,12,15,6,13,8,18,16,4,0,19,11,1,2,3,14,10,5,17
492;20;716;75;12,13,17,5,19,10,7,4,16,0,6,15,8,3,11,2,14,9,18,1
493;26;1012;107;9,1,3,17,4,0,18,16,6,14,19,11,12,10,5,13,2,8,7,15
494;25;783;82;3,19,12,11,18,1,13,14,10,2,16,6,0,15,5,4,9,7,8,17
495;18;584;60;12,5,1,11,13,2,0,17,16,8,4,6,14,10,7,15,18,3,9,19
496;37;782;85;15,9,12,19,6,3,8,18,0,4,7,5,17,1,2,14,16,10,13,11
497;32;867;91;4,14,17,16,0,7,10,8,1,9,5,2,3,6,15,13,19,12,18,11
498;26;758;81;12,10,8,17,2,19,7,16,14,1,6,15,4,11,0,3,18,13,9,5
499;31;1075;114;17,7,2,3,19,4,13,14,8,10,6,16,1,18,11,15,5,0,9,12
