0;96;3811;697;17,4,19,2,15,8,3,14,5,24,16,6,9,18,12,1,10,20,7,23,22,21,13,11,0
1;77;2407;324;8,20,24,13,0,4,9,12,11,17,10,16,2,6,23,7,21,22,1,14,5,15,3,19,18
2;89;3050;385;13,4,12,0,20,24,16,2,10,11,9,8,23,17,6,1,22,19,7,3,15,14,21,18,5
3;82;2458;371;2,8,12,18,22,1,3,17,21,0,6,19,13,15,7,10,23,11,20,4,16,14,24,9,5
4;83;2278;285;0,4,21,8,12,14,2,13,6,16,17,22,23,11,3,1,20,19,7,10,15,18,24,9,5
5;81;2228;316;14,6,12,24,5,17,18,3,9,4,8,2,16,19,15,1,10,20,7,13,21,23,11,0,22
6;70;2747;469;10,4,15,13,0,5,2,23,11,24,17,21,9,20,22,1,18,19,7,3,16,14,6,8,12
7;61;1654;352;8,23,15,11,0,4,5,12,13,24,16,2,9,6,17,7,21,22,1,3,10,14,18,19,20
8;70;1880;251;13,3,16,0,20,12,18,19,10,11,14,8,23,1,6,15,17,2,7,9,5,24,4,21,22
9;67;1643;217;23,10,21,4,2,13,18,14,17,15,20,22,11,16,0,12,8,6,7,9,5,24,3,19,1
10;93;3001;376;16,4,13,5,20,23,19,3,10,24,17,0,9,14,11,12,8,6,7,15,1,2,18,21,22
11;101;1647;207;14,18,22,19,7,11,23,16,1,0,21,10,13,3,20,2,4,17,15,9,5,24,8,6,12
12;58;1936;243;11,10,14,8,12,17,3,13,6,2,20,4,23,0,16,5,9,24,7,21,22,15,18,19,1
13;61;1989;280;10,24,15,0,22,4,5,23,21,13,9,2,11,20,17,12,8,6,7,14,18,16,3,19,1
14;87;2614;483;19,13,22,9,5,0,21,14,24,11,18,20,23,3,10,15,17,2,7,16,1,4,8,6,12
15;75;2238;282;18,14,20,15,2,8,10,21,17,4,3,6,16,22,12,1,5,19,7,11,0,23,9,24,13
16;91;3331;418;14,8,18,23,20,13,12,3,10,11,6,21,0,16,22,2,4,17,15,1,7,19,24,9,5
17;51;1538;196;17,16,19,20,7,8,3,10,1,15,14,6,2,4,12,5,9,24,22,11,18,23,13,0,21
18;79;1452;183;0,11,4,10,20,17,23,21,15,5,13,9,2,22,24,12,8,6,7,14,18,16,3,19,1
19;113;3208;397;24,3,18,23,20,0,19,9,10,11,14,21,13,5,22,12,8,6,7,17,16,4,2,15,1
20;69;1628;203;8,3,10,2,15,4,23,12,20,17,14,9,16,6,24,1,22,19,7,13,5,11,0,21,18
21;80;1925;240;23,14,9,18,22,13,4,16,21,0,3,24,11,10,5,1,20,19,7,2,15,17,8,6,12
22;49;2645;324;11,4,3,23,24,8,14,13,9,20,16,12,10,0,6,7,21,22,1,2,15,17,5,18,19
23;56;2398;439;17,4,18,19,7,5,0,15,1,24,13,21,9,2,22,12,8,6,20,14,11,3,16,23,10
24;70;1707;212;24,4,6,13,0,17,12,9,11,15,16,8,23,5,2,7,21,22,1,3,10,14,18,19,20
25;106;4048;507;11,10,16,20,15,9,14,13,2,17,23,5,4,0,24,1,22,19,7,21,18,3,8,6,12
26;66;1523;191;23,14,4,8,12,24,20,10,6,19,16,9,3,11,5,1,21,22,7,2,15,17,13,0,18
27;100;2873;360;13,14,22,9,5,23,21,3,24,11,18,20,0,19,10,1,2,15,7,4,12,16,17,8,6
28;87;2579;352;9,4,12,13,0,16,2,14,11,23,17,8,24,3,6,1,22,19,7,10,5,15,21,18,20
29;55;1180;149;14,4,12,9,5,15,23,3,24,2,16,8,17,18,6,1,22,19,7,11,10,13,21,0,20
30;91;3792;491;14,3,22,23,20,8,21,18,10,11,13,12,0,16,6,15,17,2,7,24,1,19,4,9,5
31;61;2069;306;22,17,23,5,20,13,15,2,10,24,4,0,9,21,11,1,18,19,7,3,16,14,6,8,12
32;72;1734;311;14,23,2,8,12,4,13,0,6,16,11,17,10,3,20,7,21,22,1,9,15,24,18,5,19
33;85;1950;315;9,4,3,5,19,8,14,18,15,2,16,6,17,24,12,10,23,11,20,22,1,21,13,0,7
34;69;1805;285;11,23,4,12,6,16,3,13,8,20,14,17,10,0,2,7,21,22,1,9,15,24,18,5,19
35;88;2956;418;14,23,1,21,22,13,19,16,20,10,18,7,11,3,0,6,15,8,12,9,5,24,4,17,2
36;66;2857;502;12,16,11,18,22,10,13,8,21,3,23,0,14,6,20,5,24,9,7,4,1,19,17,2,15
37;63;1686;215;23,24,16,11,0,2,14,10,13,17,9,5,4,20,15,1,22,19,7,21,18,3,8,6,12
38;69;1411;179;10,14,6,18,22,13,8,16,21,11,3,12,23,20,0,1,5,19,7,9,24,4,17,2,15
39;80;2259;322;8,3,24,13,0,14,9,12,11,23,4,20,16,6,10,7,21,22,1,2,15,17,5,18,19
40;72;1974;248;10,14,24,20,19,17,3,23,5,15,16,9,2,11,4,1,21,22,7,0,18,13,12,8,6
41;76;1903;243;23,14,21,8,12,10,18,13,6,0,3,22,11,16,20,1,5,19,7,17,2,4,9,24,15
42;71;1987;271;23,11,20,24,5,13,10,14,9,17,0,15,4,16,2,7,21,22,1,18,19,3,8,6,12
43;63;1314;169;4,10,1,9,5,13,15,2,24,11,20,7,23,17,0,6,22,8,12,14,19,16,3,21,18
44;72;1420;182;0,17,14,11,20,8,3,2,10,23,4,6,16,13,12,1,15,19,7,22,18,21,24,9,5
45;91;2747;343;17,8,12,24,5,14,18,15,9,4,6,3,16,2,19,1,10,20,7,23,22,21,13,11,0
46;74;3297;423;8,3,11,4,2,24,0,12,17,16,14,13,9,6,23,7,21,22,1,10,5,15,20,18,19
47;60;1507;193;21,13,15,22,7,9,19,0,1,17,24,2,4,18,5,10,11,23,20,14,16,3,6,8,12
48;70;2140;270;0,21,12,11,20,16,3,18,10,23,22,8,14,13,6,1,5,19,7,9,24,4,17,2,15
49;69;1768;225;2,17,18,8,12,3,19,1,6,16,4,21,14,15,22,5,9,24,7,0,20,13,23,11,10
50;78;1892;238;8,0,14,11,20,4,3,12,10,23,13,2,16,6,17,7,21,22,1,9,15,24,18,5,19
51;109;2284;287;17,3,0,8,12,23,13,4,6,20,14,11,16,2,10,7,21,22,1,18,19,15,24,9,5
52;80;1888;241;0,23,17,3,22,16,4,11,21,6,14,2,8,13,12,1,20,19,7,10,15,18,24,9,5
53;82;2548;323;11,23,10,2,15,9,14,13,5,17,16,20,4,0,24,12,8,6,7,18,19,3,21,22,1
54;72;1903;240;16,4,19,2,15,8,3,14,5,24,17,6,9,23,12,1,10,20,7,21,22,18,13,11,0
55;92;2586;325;14,6,12,24,5,17,19,3,9,4,8,2,16,18,15,1,21,22,7,10,20,23,13,11,0
56;91;2966;368;19,20,11,9,5,13,23,14,24,21,10,0,18,3,22,1,6,12,7,4,15,16,8,17,2
57;107;2546;324;12,3,18,23,20,0,16,8,10,11,14,21,13,6,22,5,9,24,15,1,7,19,4,17,2
58;81;1849;234;21,3,12,10,22,23,16,13,20,11,14,8,0,18,6,1,5,19,7,17,15,2,4,9,24
59;65;3289;415;18,13,11,17,15,14,23,21,2,16,0,10,4,22,20,12,8,6,7,9,24,3,5,19,1
60;99;1674;265;4,17,10,9,1,0,20,15,5,24,2,23,13,19,11,22,18,21,7,8,12,16,14,3,6
61;69;1933;293;18,14,13,5,22,23,10,4,21,24,3,11,9,16,0,12,8,6,7,17,19,20,2,15,1
62;78;1818;259;3,9,16,12,5,2,14,18,15,6,24,4,8,19,17,1,10,20,7,23,22,21,13,11,0
63;110;3464;437;4,14,5,23,20,13,19,16,10,11,3,9,0,17,24,1,21,22,7,15,18,2,8,6,12
64;84;1911;249;15,14,5,4,2,8,3,23,17,24,16,6,9,18,12,1,20,19,7,11,0,13,10,21,22
65;89;2067;265;17,3,11,12,20,14,0,4,10,8,13,23,6,2,16,7,21,22,1,18,19,15,24,9,5
66;58;1641;208;12,2,23,18,22,11,15,8,21,0,17,10,13,6,20,1,5,19,7,3,16,14,4,9,24
67;48;1609;204;11,4,12,9,5,2,16,13,24,15,17,8,23,0,6,1,22,19,7,3,10,14,21,18,20
68;47;2111;265;0,6,2,11,20,16,12,3,10,23,8,17,14,13,4,1,22,19,7,21,18,15,24,9,5
69;85;2824;350;15,23,11,4,2,5,0,14,17,9,13,10,24,16,20,7,21,22,1,18,19,3,8,6,12
70;73;1578;203;18,13,3,19,7,8,11,17,1,22,0,12,21,2,6,5,9,24,15,16,23,14,4,10,20
71;63;1782;230;17,14,19,24,5,8,18,15,9,4,3,12,16,2,6,1,21,22,7,10,20,23,13,11,0
72;75;2274;288;21,14,9,22,20,2,24,3,10,15,16,4,5,18,17,1,12,19,7,11,0,23,8,6,13
73;73;1611;203;15,2,3,24,5,8,14,18,9,16,17,6,4,19,12,1,10,20,7,23,22,21,13,11,0
74;69;1479;187;17,4,0,15,20,5,13,14,10,24,16,11,9,2,23,22,18,21,7,8,19,3,6,12,1
75;75;2461;308;21,14,12,22,20,23,16,13,10,11,3,8,0,18,6,15,17,2,7,24,1,19,4,9,5
76;93;2100;269;14,3,5,8,12,4,24,19,6,15,9,17,16,18,2,10,23,11,20,13,22,21,0,1,7
77;65;1942;247;4,3,10,9,15,8,23,2,24,12,14,20,16,17,6,1,22,19,7,13,5,11,0,21,18
78;69;1399;178;5,9,0,2,15,13,23,19,20,17,24,11,4,1,10,22,18,21,7,3,16,14,6,8,12
79;82;2261;289;4,3,18,8,12,17,5,9,6,22,14,15,21,16,2,1,20,19,7,23,13,24,10,11,0
80;62;2296;290;13,0,3,4,2,8,14,9,17,16,11,6,23,24,12,7,21,22,1,10,5,15,18,19,20
81;90;2509;315;8,2,0,9,20,23,13,12,24,16,17,11,4,6,10,1,22,19,7,3,15,14,21,18,5
82;98;2100;266;5,9,3,17,15,8,14,18,2,16,24,6,4,19,12,1,10,20,7,13,21,23,11,0,22
83;123;2461;314;2,24,5,8,12,14,18,4,6,15,9,19,16,17,3,1,10,20,7,23,22,21,13,11,0
84;58;1721;216;3,14,0,12,6,16,13,21,8,2,4,11,17,22,23,1,18,19,7,20,15,10,24,9,5
85;85;1648;210;11,23,20,24,5,10,14,0,9,17,16,15,4,13,2,1,22,19,7,8,12,3,21,18,6
86;83;1788;225;4,13,19,9,5,0,3,16,24,11,14,20,23,17,10,1,21,22,7,15,18,2,8,6,12
87;118;2871;361;3,14,9,8,12,4,24,18,6,2,16,5,17,19,15,1,10,20,7,23,22,21,13,11,0
88;84;2066;260;11,23,15,24,5,4,14,13,9,20,16,2,10,0,17,7,21,22,1,18,19,3,8,6,12
89;84;2117;269;14,6,19,2,15,4,12,3,5,17,8,24,16,18,9,1,10,20,7,13,21,23,11,0,22
90;104;2739;344;11,23,10,17,15,9,14,0,2,24,16,20,4,13,5,12,8,6,7,18,19,3,21,22,1
91;55;1321;166;21,9,23,22,7,11,19,5,1,0,24,10,13,18,20,6,15,8,12,4,14,3,17,2,16
92;58;1425;179;8,24,5,14,19,17,23,12,3,16,9,15,4,6,2,1,21,22,7,11,20,10,13,0,18
93;63;1384;178;20,11,2,5,7,13,15,23,1,9,0,17,24,10,4,6,16,8,12,21,19,22,14,3,18
94;67;2144;272;14,6,13,18,22,11,12,16,21,10,8,0,23,3,20,1,5,19,7,24,2,15,9,4,17
95;89;2349;297;5,14,9,17,15,8,24,19,2,4,3,6,16,18,12,1,21,22,7,10,20,23,13,11,0
96;67;1857;233;12,6,19,2,15,16,23,14,5,4,8,24,17,3,9,1,21,22,7,11,10,13,0,18,20
97;81;3129;391;9,16,18,5,19,3,23,4,12,6,14,21,8,24,22,1,10,20,7,2,15,17,13,11,0
98;81;2135;272;2,16,19,21,15,8,1,4,22,18,14,12,3,17,6,5,9,24,7,0,23,13,11,10,20
99;69;2102;265;10,0,5,17,15,23,16,14,2,4,13,9,11,20,24,7,21,22,1,8,19,3,6,12,18
