0;165;11026;1892;25,34,23,17,27,21,20,10,24,3,28,6,31,5,30,15,2,22,14,26,9,4,7,18,8,11,1,16,32,19,33,12,29,0,13
1;112;5182;921;16,1,11,3,28,4,7,20,8,24,13,25,33,18,19,0,30,27,32,12,29,2,15,5,26,23,6,34,17,14,22,21,10,31,9
2;122;3078;631;28,17,30,32,13,3,16,11,2,23,25,9,0,21,10,24,4,29,12,26,6,22,31,5,27,19,34,1,15,18,8,14,7,20,33
3;114;4512;805;15,5,23,24,2,25,7,21,6,10,14,9,17,34,3,28,30,31,33,26,13,4,19,18,8,29,1,16,32,11,0,12,27,20,22
4;142;4739;844;15,0,5,22,2,34,11,21,28,17,14,13,19,23,29,6,7,16,33,26,20,4,27,24,3,18,30,9,32,10,25,12,31,8,1
5;159;6566;1166;22,30,5,27,11,34,1,4,20,16,29,0,18,3,13,6,8,19,32,12,26,23,33,21,31,7,25,2,9,17,24,10,28,14,15
6;131;7867;1413;3,24,5,28,21,15,2,10,30,27,34,20,31,25,22,6,23,17,14,26,9,4,7,18,8,11,1,16,32,19,33,12,29,0,13
7;120;5175;944;22,13,29,32,18,12,0,11,20,27,5,3,19,16,34,6,4,30,8,26,33,25,17,31,9,7,10,2,28,21,1,23,24,14,15
8;153;9430;1596;1,4,5,18,2,27,21,25,8,10,6,29,24,32,31,34,9,17,12,26,3,19,22,28,13,7,0,23,11,20,30,16,33,14,15
9;108;4266;781;13,2,11,8,10,19,24,1,0,9,16,21,31,17,18,4,29,25,32,12,34,33,15,5,20,7,6,22,30,14,27,3,23,26,28
10;146;4929;871;13,16,17,10,23,31,14,7,0,18,2,11,15,19,9,21,1,28,33,26,22,25,30,34,6,24,5,27,8,3,20,29,4,12,32
11;103;2756;521;14,25,5,27,30,22,3,1,15,23,34,24,7,28,33,6,20,0,8,26,31,18,29,10,4,13,9,2,12,17,21,32,16,19,11
12;117;5123;1059;10,25,2,1,28,17,0,7,9,4,31,8,23,24,32,21,33,11,12,26,14,27,29,6,34,13,5,3,20,30,15,22,18,19,16
13;148;7949;1364;13,16,5,8,20,34,1,27,0,19,29,3,18,11,22,6,4,30,32,12,26,23,7,15,21,31,14,2,10,17,33,9,28,25,24
14;96;5457;955;23,10,5,14,17,34,29,27,31,2,22,1,21,9,7,6,15,18,33,26,12,11,28,30,32,19,3,24,8,25,20,4,16,0,13
15;92;6738;1159;28,9,24,2,0,21,7,4,23,3,25,31,11,10,30,32,17,19,12,26,8,34,16,27,22,13,20,29,5,18,1,6,33,15,14
16;132;6285;1094;15,5,33,13,27,29,11,18,6,7,14,22,19,34,0,1,16,20,8,26,12,23,17,32,10,31,9,2,24,21,4,25,28,3,30
17;146;6635;1150;20,5,24,32,31,25,2,10,6,27,3,29,21,22,34,30,4,17,12,26,8,19,9,1,15,23,33,7,0,18,14,28,11,13,16
18;130;5938;1035;22,5,15,1,23,7,10,18,6,31,14,28,9,34,27,33,19,25,20,26,30,29,16,24,32,11,12,13,8,0,3,4,21,2,17
19;131;6244;1092;27,33,6,28,31,22,10,7,20,19,34,8,9,1,18,5,23,25,14,15,26,13,3,2,29,16,17,24,12,30,21,32,4,0,11
20;120;8054;1377;13,11,29,2,6,17,34,31,0,18,8,19,27,16,1,4,21,5,32,12,25,7,10,28,26,9,23,30,33,3,24,20,22,14,15
21;139;6193;1071;25,30,23,9,31,15,19,2,24,21,28,20,17,3,10,14,7,22,33,26,8,29,18,0,4,27,13,11,12,16,1,32,34,6,5
22;103;3558;666;29,5,24,3,27,30,2,10,6,20,12,22,21,34,25,32,4,17,8,26,14,9,23,33,19,28,1,15,16,7,31,18,11,13,0
23;110;6039;1674;22,5,15,1,16,33,31,7,6,18,20,29,19,34,27,14,8,13,12,26,32,28,21,4,25,17,24,11,3,2,0,30,23,9,10
24;166;5968;1047;3,6,16,4,28,11,7,19,30,22,13,20,15,5,29,0,32,23,12,26,33,18,17,31,25,24,9,10,8,21,2,1,27,14,34
25;131;5147;898;16,11,10,24,27,30,17,21,13,18,9,0,2,19,31,3,25,4,20,26,33,34,23,15,12,32,14,22,6,7,28,5,29,8,1
26;104;3139;593;0,16,25,30,21,24,5,28,13,17,11,8,6,29,2,4,3,34,32,12,20,9,23,22,33,10,27,7,18,15,14,1,19,26,31
27;114;3875;707;8,17,25,30,1,24,7,28,2,9,4,31,23,21,10,32,3,33,12,26,14,29,5,18,13,6,16,27,20,34,15,22,19,0,11
28;148;5262;930;25,10,30,4,23,32,7,0,9,17,24,31,28,2,21,3,11,19,12,26,8,14,33,13,6,15,29,16,34,18,1,5,27,20,22
29;143;7297;1195;29,32,5,13,30,34,2,17,8,11,3,24,21,4,0,6,16,25,12,26,31,19,10,18,33,23,1,9,22,7,27,20,28,14,15
30;142;6658;1083;29,5,18,11,15,0,7,33,6,22,13,14,20,34,27,16,19,9,1,8,26,4,23,3,24,31,30,25,32,10,28,12,21,2,17
31;85;2051;511;0,30,29,34,25,5,17,15,3,11,13,24,21,28,16,6,14,19,8,26,31,4,23,18,9,10,1,20,32,22,27,12,2,33,7
32;123;7184;1173;22,5,15,7,9,1,31,28,6,18,14,20,19,34,27,33,23,10,12,26,8,16,21,32,11,25,4,29,13,17,2,0,24,3,30
33;104;4406;722;8,13,5,15,11,22,7,32,1,19,29,0,4,16,18,6,14,33,12,26,3,31,27,30,25,34,24,28,9,23,20,10,17,2,21
34;168;7484;1227;20,6,24,28,14,25,9,10,22,27,3,15,33,5,34,30,23,7,12,26,1,11,21,18,19,2,8,29,13,17,31,16,32,0,4
35;130;7075;1273;13,5,17,2,4,21,24,28,6,11,29,16,25,34,0,14,15,32,8,26,9,18,23,3,31,7,30,1,27,33,10,20,19,12,22
36;113;4072;665;9,17,1,32,28,4,3,7,2,25,31,24,23,21,10,8,33,30,12,26,34,16,18,5,14,29,6,22,19,20,27,15,11,0,13
37;142;6666;1103;0,16,17,14,4,21,32,23,13,10,31,9,7,11,19,2,15,18,12,26,25,22,3,20,34,33,27,24,6,30,28,5,1,8,29
38;179;8896;1458;30,24,13,11,2,16,7,21,28,10,3,9,17,25,23,0,19,15,31,26,1,34,18,12,29,14,8,32,5,4,33,6,27,20,22
39;123;3024;736;20,32,34,27,28,22,7,8,12,3,6,25,33,24,30,5,29,23,14,15,19,2,11,31,10,4,9,18,21,16,1,26,17,0,13
40;143;7053;1151;24,21,4,33,27,1,18,20,25,29,8,14,22,2,17,32,7,34,12,26,0,3,19,5,15,30,6,16,23,11,13,28,31,9,10
41;108;3031;501;21,17,33,10,15,31,22,23,2,5,14,29,7,6,34,1,9,28,8,26,19,20,27,16,0,25,13,11,32,4,18,12,24,3,30
42;104;5588;915;16,1,11,32,7,4,28,27,33,0,19,20,22,18,13,8,29,23,12,26,14,2,6,21,24,17,25,34,3,5,15,30,31,9,10
43;171;5879;960;19,11,15,23,2,28,1,10,0,17,31,13,9,16,21,14,7,18,33,26,22,24,3,34,6,25,5,27,32,30,20,12,29,8,4
44;106;4746;784;22,0,34,20,18,3,4,19,29,16,6,12,11,13,27,5,30,32,8,26,23,2,24,10,31,17,9,25,33,21,28,1,7,14,15
45;125;5542;901;11,13,3,20,6,30,34,22,0,19,4,18,5,16,29,32,24,27,8,12,14,17,28,1,26,25,33,7,2,23,15,21,10,31,9
46;113;4490;726;10,31,24,28,34,30,6,15,9,17,25,14,5,2,21,3,23,27,12,26,8,19,22,4,0,7,11,29,16,20,32,13,18,33,1
47;131;6672;1081;0,16,8,9,29,18,31,10,13,17,4,19,21,11,2,1,7,32,33,26,6,25,23,5,22,12,34,15,20,28,14,27,24,3,30
48;103;3403;561;13,11,8,1,2,29,21,18,0,19,4,15,17,16,7,32,33,14,12,26,34,23,9,5,20,10,6,22,30,31,27,3,25,28,24
49;94;2888;542;29,5,18,32,17,9,21,10,6,31,8,13,2,34,27,1,4,16,12,26,0,3,19,28,24,7,25,23,20,33,11,30,22,14,15
50;157;5517;913;14,5,10,21,22,2,27,1,6,7,9,15,18,34,23,31,17,29,33,26,20,11,19,24,3,8,30,25,0,16,28,13,4,12,32
51;99;3613;714;27,5,24,4,20,32,7,9,34,22,25,14,33,6,29,12,18,15,1,8,26,23,2,30,28,10,3,21,13,17,31,0,19,16,11
52;184;6035;1014;29,5,16,19,20,11,3,4,6,12,13,22,32,34,27,0,18,30,1,8,26,10,17,14,9,21,15,7,28,2,33,23,31,25,24
53;138;9270;1556;23,10,24,3,4,30,0,33,9,17,25,31,7,2,21,28,32,11,12,26,8,14,20,6,34,15,5,22,18,29,1,27,19,13,16
54;123;3882;675;6,34,20,4,16,8,24,19,5,3,22,13,18,27,30,29,11,0,32,12,26,10,14,17,2,15,21,33,9,7,1,31,23,25,28
55;102;3635;605;20,32,0,29,7,13,15,11,12,23,3,24,19,30,28,22,16,4,5,6,26,18,2,14,8,27,33,21,31,17,34,1,25,9,10
56;118;2667;439;29,5,17,2,23,21,11,19,6,0,15,22,16,34,13,14,7,28,33,26,1,25,10,8,32,27,4,18,24,9,31,12,20,3,30
57;163;8203;1334;27,5,24,29,30,32,2,21,34,20,25,3,17,6,22,12,4,10,8,26,33,16,9,14,28,23,15,7,13,18,1,0,11,31,19
58;120;4958;810;6,34,27,13,24,29,11,18,5,30,22,15,19,14,3,20,16,0,32,12,8,7,17,10,31,25,9,2,33,21,4,1,28,26,23
59;147;5550;913;0,16,24,25,29,32,2,21,13,4,30,19,17,11,3,20,28,8,12,26,6,18,7,5,27,23,34,14,1,22,15,33,10,31,9
60;114;4589;750;3,5,9,31,27,10,20,2,6,23,24,28,17,34,30,25,21,22,12,26,29,19,4,13,8,18,0,16,33,11,32,1,7,14,15
61;111;8144;1325;13,11,4,6,15,29,33,22,0,18,8,19,7,16,1,32,5,14,12,26,3,21,34,30,25,23,24,28,10,27,20,31,17,9,2
62;121;5648;949;9,27,8,4,2,7,21,29,20,10,1,22,17,18,31,33,32,23,12,26,15,28,34,19,16,3,11,6,0,5,14,13,30,25,24
63;126;7457;1219;22,5,27,1,23,31,10,19,6,15,20,14,9,34,7,33,18,28,12,26,3,16,2,24,29,32,25,21,0,17,30,13,4,8,11
64;131;6410;1051;30,3,33,8,31,1,27,7,20,10,25,23,18,28,9,24,4,22,32,12,26,34,2,29,0,15,13,17,5,14,21,6,16,19,11
65;150;5335;884;0,16,17,28,3,23,7,24,13,31,2,19,30,11,10,21,25,9,33,26,14,1,20,34,6,18,5,22,8,27,15,29,4,12,32
66;110;6068;983;32,24,29,34,10,5,23,22,4,21,12,2,31,25,17,6,27,9,8,26,13,30,7,16,11,20,0,18,3,33,1,19,28,14,15
67;117;5150;866;32,11,30,23,7,28,15,10,4,17,24,0,9,2,21,25,3,14,12,26,20,18,29,22,27,13,34,5,1,6,33,8,16,31,19
68;113;4266;692;32,4,24,28,17,25,2,10,8,13,3,29,21,11,0,30,23,16,12,26,14,18,20,34,6,7,5,27,1,22,15,33,9,31,19
69;127;5269;852;18,16,5,22,2,27,31,15,9,17,6,3,21,13,29,34,14,10,12,26,30,23,19,24,11,7,25,32,28,4,20,0,33,8,1
70;120;4480;740;3,9,24,2,11,21,7,32,31,23,30,0,4,10,28,25,17,19,12,26,20,14,8,27,34,29,22,18,6,1,33,5,16,15,13
71;144;4826;795;25,30,5,15,0,14,29,23,24,27,34,3,7,20,22,6,28,13,33,26,1,10,16,18,31,21,9,19,2,11,8,4,17,12,32
72;99;5173;841;4,17,13,29,10,16,3,23,2,24,11,32,30,21,25,0,28,9,8,26,6,12,7,5,22,1,34,15,27,33,14,20,18,31,19
73;116;6764;1100;19,9,13,18,17,16,29,8,31,2,11,21,7,10,4,0,1,23,33,26,14,30,25,34,6,24,5,27,20,28,15,22,3,12,32
74;138;5230;862;3,24,16,32,2,4,21,31,30,10,19,25,17,28,23,11,12,9,13,0,5,33,29,34,27,7,22,14,26,15,6,20,18,8,1
75;121;3473;574;31,32,17,6,25,29,22,34,12,9,2,24,27,4,10,21,5,23,8,26,14,11,7,33,16,28,19,1,0,18,15,13,20,3,30
76;129;4939;820;14,29,22,34,7,5,9,18,8,1,20,4,15,32,33,6,27,2,12,26,16,24,31,11,13,10,0,28,30,23,19,3,17,25,21
77;144;4780;819;8,18,34,22,2,5,7,32,1,21,27,9,4,31,17,6,29,10,12,26,15,20,19,13,28,23,0,16,30,11,14,3,33,25,24
78;101;5937;962;18,13,10,17,34,2,15,14,16,5,9,3,27,29,6,31,21,22,1,8,12,11,4,30,33,7,20,24,0,25,32,28,19,26,23
79;140;5805;953;27,18,5,14,2,22,17,7,1,10,34,31,21,9,23,6,15,29,33,26,16,20,32,0,3,4,13,11,24,12,19,30,8,25,28
80;101;3388;556;1,29,2,9,4,31,7,19,8,16,17,0,11,13,18,21,10,32,33,26,12,34,27,24,28,22,25,30,5,20,3,6,23,15,14
81;180;6761;1134;8,33,21,4,23,17,28,24,1,7,31,18,25,9,10,2,32,27,12,26,3,22,20,16,0,29,13,11,5,19,30,6,34,15,14
82;134;4214;686;1,20,5,14,19,34,13,29,33,18,22,12,16,7,27,6,15,32,8,26,31,3,17,10,25,4,9,23,30,2,21,24,11,28,0
83;173;10135;1651;24,30,4,33,9,1,17,2,25,10,8,3,21,28,23,32,7,31,12,26,22,16,29,6,34,19,5,27,15,18,20,14,11,0,13
84;131;5856;954;22,5,30,23,25,28,21,10,6,24,20,14,31,34,27,3,33,15,12,26,8,11,7,32,29,9,4,2,0,17,1,13,18,19,16
85;145;8397;1358;21,2,23,24,11,28,7,30,31,4,10,0,3,17,9,25,32,19,12,26,1,22,20,13,29,27,8,16,5,18,33,6,34,15,14
86;111;5775;945;13,19,15,7,5,33,2,21,16,6,0,22,17,11,29,14,1,34,8,26,28,9,31,30,25,4,24,3,12,10,23,32,18,20,27
87;115;4689;798;1,9,16,0,10,11,29,21,8,2,18,31,17,4,7,19,13,23,33,26,3,34,15,30,22,14,20,24,6,25,28,5,27,12,32
88;167;5885;962;27,30,5,14,19,22,0,29,20,16,34,18,11,3,13,6,15,28,12,26,33,4,17,1,31,21,8,7,9,2,23,10,32,25,24
89;149;7093;1157;14,13,5,22,33,34,21,20,15,1,29,19,17,16,18,6,27,31,8,26,12,23,7,32,24,2,25,4,30,11,0,28,10,3,9
90;156;6446;1061;13,11,5,8,14,29,7,22,0,18,34,19,1,16,27,6,4,15,32,12,26,25,17,10,3,23,9,21,24,2,31,30,28,20,33
91;187;5351;876;25,30,15,21,34,14,6,7,24,9,23,3,5,10,2,28,17,31,33,26,8,32,0,16,11,29,19,18,12,13,1,4,27,20,22
92;111;6042;986;3,5,28,10,16,23,13,4,6,11,25,27,0,34,30,24,9,18,32,12,26,33,22,17,31,7,21,2,8,20,29,1,19,14,15
93;120;7318;1181;21,2,24,5,4,6,23,27,31,10,25,9,22,17,29,32,34,7,12,26,33,16,15,20,3,13,30,28,19,0,14,11,18,8,1
94;179;7111;1195;20,24,5,27,10,22,17,31,30,23,6,3,21,25,28,34,15,2,14,26,12,13,7,1,9,29,8,32,16,4,33,18,19,0,11
95;126;5566;959;13,15,5,29,11,22,21,18,0,19,34,28,17,14,16,6,27,23,20,26,30,4,31,25,12,2,24,9,8,10,3,32,7,1,33
96;151;5732;996;25,30,2,17,7,21,8,32,3,28,10,33,4,24,23,9,31,1,12,26,15,16,20,5,22,18,6,34,13,27,14,29,19,0,11
97;137;5813;1062;14,5,18,22,13,27,21,31,34,16,8,15,19,6,29,1,20,17,33,26,3,11,7,30,25,2,24,10,0,23,9,28,4,12,32
98;134;5753;1003;23,25,14,7,17,33,1,4,9,21,28,24,8,10,2,15,32,31,12,26,0,22,30,16,29,20,13,19,5,3,11,6,18,34,27
99;87;3845;703;15,5,24,21,8,32,7,4,14,29,28,34,23,6,17,25,2,22,12,26,13,20,10,11,19,31,16,3,18,30,0,9,27,1,33
