0;275;15442;3542;23,46,31,25,33,26,19,3,10,20,30,48,42,22,5,32,2,0,7,6,49,1,41,43,35,28,24,44,27,45,38,47,16,36,12,4,29,13,37,8,17,39,9,18,14,40,34,21,11,15
1;243;15493;3504;1,28,40,21,15,39,41,30,11,9,12,44,27,37,43,45,6,38,7,22,3,14,13,31,20,26,8,33,18,2,4,34,48,5,29,16,0,23,10,46,24,36,19,42,35,17,47,32,25,49
2;226;21080;4855;28,27,26,31,20,14,40,13,18,22,3,1,9,8,44,43,12,4,2,37,34,5,48,39,30,33,17,11,41,38,24,29,15,21,23,47,0,25,6,35,16,46,10,36,49,42,19,32,45,7
3;226;14225;3218;21,39,42,38,25,27,11,16,15,37,45,9,29,12,40,41,5,1,44,13,24,18,8,34,17,4,2,14,7,32,0,30,47,26,19,48,43,28,49,20,31,10,23,46,35,33,36,3,6,22
4;237;12937;3042;28,6,16,13,8,14,40,42,9,12,18,45,37,4,27,21,5,15,29,11,34,35,44,38,39,1,43,41,49,24,17,36,25,47,26,31,7,23,46,33,30,3,10,20,48,2,22,0,19,32
5;248;16483;3759;2,22,46,30,10,19,20,5,31,33,23,3,26,48,28,47,25,36,38,41,24,1,44,49,43,35,27,6,45,0,32,7,14,13,8,4,42,11,15,21,39,17,18,40,9,34,29,16,37,12
6;291;10585;2467;15,45,5,18,8,14,28,29,21,40,13,27,6,37,9,12,30,4,2,44,0,11,41,32,7,1,39,38,17,24,34,43,35,49,3,48,16,22,26,23,19,31,20,10,36,46,33,42,25,47
7;240;13124;3041;15,44,23,47,12,38,16,46,21,29,25,9,40,19,28,22,20,3,26,1,17,6,35,24,27,42,49,45,0,32,7,4,10,36,18,13,31,41,37,48,39,14,8,30,5,34,43,2,11,33
8;225;10577;2454;5,23,0,28,44,32,41,45,27,1,9,48,19,6,10,39,7,30,34,25,38,49,35,12,4,46,36,43,47,16,42,40,15,21,37,24,14,26,20,33,18,17,11,22,31,2,29,8,3,13
9;243;15373;3516;42,35,23,4,12,45,28,0,16,6,25,49,43,19,46,8,13,18,14,2,22,10,36,20,3,47,48,31,33,26,30,38,5,27,41,24,7,37,29,9,17,44,11,39,15,34,1,40,32,21
10;291;19613;4520;17,28,16,29,25,40,37,42,12,15,21,11,4,9,6,3,31,22,2,35,34,1,41,39,49,44,27,43,24,38,45,0,7,32,5,14,36,23,10,30,26,33,48,8,46,13,18,47,20,19
11;232;10353;2386;11,37,43,28,45,0,1,49,41,44,6,25,27,35,38,47,19,29,36,34,17,12,4,40,24,39,15,9,21,16,42,32,2,7,18,22,46,5,33,31,30,13,8,3,20,26,14,48,23,10
12;259;22833;5193;9,21,41,27,1,5,12,39,37,44,38,15,40,11,29,28,25,6,45,4,34,14,8,0,2,13,17,18,7,32,24,43,35,49,30,31,16,23,42,10,22,33,46,20,26,3,48,36,19,47
13;208;12735;2891;15,37,28,6,1,45,9,0,7,44,27,21,11,32,40,24,41,29,17,4,13,20,33,14,8,26,3,18,31,2,22,30,5,48,12,49,43,10,25,46,16,39,38,35,36,42,34,47,23,19
14;211;12249;2765;37,15,26,20,31,3,42,17,11,33,22,21,9,29,40,0,10,36,32,16,13,4,30,14,8,12,39,18,2,7,34,47,28,19,44,49,48,25,46,1,27,35,6,24,41,45,43,38,23,5
15;346;26223;5925;10,30,22,29,23,19,25,31,33,20,46,48,5,3,12,35,17,42,49,18,2,13,8,43,4,40,36,14,16,47,26,21,15,37,11,32,24,9,44,45,39,6,28,0,27,34,7,38,41,1
16;246;12598;2855;20,23,26,18,22,30,3,4,31,33,48,10,46,37,25,32,2,14,7,12,47,21,15,36,19,9,17,29,40,16,42,5,8,13,44,38,0,11,35,27,43,41,1,39,45,34,24,49,28,6
17;287;15939;3618;37,43,27,23,5,28,21,1,15,9,25,11,29,44,41,8,18,14,13,45,7,38,35,0,32,6,17,49,39,34,24,42,46,19,40,22,2,12,48,20,31,36,16,3,10,26,47,33,4,30
18;249;16846;3800;12,28,5,18,40,13,29,4,15,21,8,9,6,37,11,32,16,42,0,44,17,27,1,24,49,41,45,35,39,34,38,30,33,48,14,26,2,7,23,20,36,3,43,31,10,47,22,19,25,46
19;267;15406;3516;20,28,36,25,47,30,19,48,33,23,26,3,22,10,31,44,41,1,24,43,42,6,35,45,27,46,7,49,32,0,2,38,13,5,14,4,17,37,29,40,39,18,8,12,21,34,16,9,11,15
20;232;10691;2397;27,28,5,25,40,8,15,29,9,21,13,45,42,37,6,4,30,12,16,11,34,41,44,38,39,1,43,35,49,24,17,7,18,14,32,3,48,23,46,20,47,22,0,31,33,26,2,36,19,10
21;249;19501;7013;12,4,3,33,37,20,15,28,17,11,31,9,35,22,2,8,13,18,14,44,7,6,1,32,43,41,27,49,45,0,24,30,5,48,25,47,40,26,29,46,16,36,23,19,42,34,10,39,21,38
22;211;13850;3167;23,5,46,22,3,21,31,2,33,20,29,10,25,19,48,32,43,7,0,14,47,18,8,26,36,13,12,40,30,16,4,42,37,15,11,38,45,9,44,41,49,24,35,39,1,34,17,27,28,6
23;276;14379;4054;10,25,3,30,48,18,33,36,20,31,22,23,37,26,47,11,5,2,24,29,17,40,19,21,15,46,4,9,12,42,16,14,13,8,43,0,41,28,1,6,39,32,35,49,45,34,7,38,27,44
24;269;17616;4033;25,21,33,3,31,22,23,13,37,10,20,15,19,26,12,42,9,29,17,40,16,4,18,47,36,8,2,14,7,32,0,30,46,48,28,38,24,5,41,1,39,27,6,35,44,34,45,49,11,43
25;229;12934;2940;37,20,15,19,28,12,11,40,29,17,9,22,30,21,3,48,23,10,46,26,32,13,33,0,7,31,8,14,18,2,4,16,36,47,44,38,42,25,6,41,35,39,43,24,1,49,34,45,5,27
26;258;17585;5524;13,18,20,25,5,3,30,10,33,48,23,8,26,31,14,32,6,0,7,19,2,49,35,36,47,46,12,43,4,16,42,22,29,40,11,38,45,37,21,1,39,24,41,44,9,34,17,27,28,15
27;261;13319;3106;38,45,24,9,28,17,5,39,41,1,11,27,35,44,6,16,40,12,42,49,0,18,8,32,2,13,43,4,14,7,34,37,21,15,22,20,47,29,23,48,30,31,3,10,46,26,33,36,25,19
28;271;13816;5207;38,49,27,37,11,5,44,45,41,1,28,39,35,6,43,15,12,9,42,18,2,14,8,0,4,13,17,32,7,34,24,29,21,40,19,47,16,25,46,20,10,3,22,31,33,36,26,30,23,48
29;237;11603;2644;14,47,27,1,44,45,8,5,43,35,6,36,18,28,13,24,25,29,17,22,19,33,31,46,23,3,26,20,10,48,30,49,38,41,39,0,40,11,9,4,7,2,42,16,12,32,34,21,37,15
30;282;18971;4329;44,49,13,37,11,48,41,8,1,27,5,28,35,45,6,23,19,46,10,33,22,14,43,3,20,18,7,31,2,0,32,24,29,17,30,34,36,26,21,9,42,39,4,12,40,16,38,47,15,25
31;316;21884;5119;31,5,21,4,9,29,22,12,3,37,40,33,13,15,20,8,14,18,2,48,42,25,23,16,46,30,26,19,10,36,47,17,28,11,6,0,43,27,1,38,39,32,45,24,41,34,7,49,44,35
32;233;16525;3720;33,30,28,41,44,24,20,6,31,22,1,48,26,3,5,39,49,38,34,43,13,4,45,14,8,27,2,18,7,32,0,17,37,11,29,40,35,23,25,19,42,21,9,12,47,16,15,46,10,36
33;228;10271;2358;23,8,30,15,21,37,46,33,19,5,29,20,18,48,13,3,42,40,22,14,32,10,31,0,7,25,26,2,36,47,16,4,43,12,6,38,11,9,35,41,24,27,49,39,1,34,45,17,28,44
34;301;15521;3519;6,17,11,5,27,37,1,8,28,41,13,29,45,44,24,47,40,26,4,33,0,22,20,32,2,18,14,31,3,7,43,15,9,21,49,39,36,19,25,48,30,46,35,38,10,34,42,16,23,12
35;249;14773;3399;28,27,2,37,13,18,5,0,7,14,8,45,29,32,6,15,40,9,21,44,43,41,11,49,35,1,17,38,39,34,24,4,12,30,25,47,22,48,31,10,42,46,23,36,26,16,19,3,33,20
36;275;19904;4547;5,22,7,8,18,29,28,32,13,6,14,3,25,0,2,27,11,37,45,36,26,23,19,33,31,47,46,20,10,48,30,40,15,21,43,16,17,44,41,49,39,12,9,42,35,34,4,38,1,24
37;265;15295;3699;49,44,21,29,28,25,6,40,35,11,37,41,43,15,1,14,8,18,7,45,24,12,9,38,17,27,39,4,16,42,34,0,2,32,22,20,19,5,23,48,36,31,33,10,30,26,3,47,13,46
38;239;24613;5513;23,46,31,36,47,33,25,3,10,20,26,19,30,22,48,39,37,11,34,28,38,44,41,45,27,5,35,1,6,43,49,24,0,2,18,42,29,13,9,4,40,7,14,16,12,17,32,21,8,15
39;229;19704;6200;38,36,24,11,37,44,27,5,28,1,41,25,35,13,47,43,49,6,45,19,22,10,46,31,3,23,30,20,48,33,26,34,17,39,29,40,42,8,4,14,0,15,9,7,18,32,21,2,12,16
40;308;14273;5520;5,19,8,25,12,40,29,4,13,14,16,23,43,18,46,35,28,42,49,47,26,48,10,3,22,36,33,30,20,31,2,21,15,37,11,17,44,9,41,45,39,32,0,24,27,34,7,38,6,1
41;237;14317;3297;24,47,27,3,28,30,44,4,1,9,26,41,25,12,43,20,10,31,22,16,42,45,6,49,35,36,39,2,0,38,34,32,17,7,15,46,33,11,14,21,40,48,23,19,13,29,5,18,37,8
42;171;8285;3137;25,5,32,11,28,29,37,2,27,45,6,47,13,0,36,39,35,38,34,19,26,10,46,3,22,23,48,20,33,31,30,7,21,15,14,4,49,1,44,12,17,18,8,16,9,42,40,24,41,43
43;284;19681;4718;41,11,45,6,28,19,44,38,1,27,23,39,37,25,34,13,8,5,14,29,24,21,9,16,17,12,32,40,15,42,7,49,46,35,4,3,47,18,48,20,26,2,43,31,33,22,0,36,30,10
44;219;13910;3799;29,28,9,25,37,21,23,39,46,19,15,11,5,42,17,36,48,10,47,44,38,35,6,45,27,41,49,1,24,0,32,34,43,7,13,4,30,12,40,3,31,18,8,33,22,2,14,26,16,20
45;222;16128;3698;26,6,25,11,22,37,3,10,31,20,33,27,28,23,45,24,1,29,17,0,34,47,19,16,39,2,46,36,35,42,49,38,41,43,48,14,40,44,12,18,32,13,30,8,4,7,5,21,9,15
46;264;20791;5131;28,9,31,23,5,26,41,33,3,20,19,1,27,22,44,48,10,46,30,15,24,40,37,17,29,11,14,21,18,8,13,43,2,4,47,49,7,12,6,39,0,16,36,35,38,34,42,32,25,45
47;224;12552;2811;31,18,25,30,20,19,48,47,46,10,23,4,33,36,12,13,5,8,26,35,42,45,6,49,16,14,2,43,0,32,7,29,15,21,40,24,37,3,22,1,39,38,9,44,41,34,17,11,28,27
48;284;16864;3803;23,46,14,21,40,37,25,5,18,8,29,19,4,13,47,39,12,16,38,10,34,33,48,3,22,36,30,20,31,26,2,7,11,15,28,45,17,9,41,44,49,0,6,27,1,42,32,24,43,35
49;217;14005;3175;44,39,45,40,4,8,9,6,1,27,18,11,37,28,41,7,21,15,32,43,24,3,20,17,49,33,22,31,0,2,34,14,29,13,35,30,38,19,23,10,16,48,46,26,36,42,5,47,12,25
50;261;15281;3482;23,46,16,15,21,40,37,36,19,25,12,20,29,47,10,32,42,7,0,26,30,14,33,5,48,31,18,13,8,2,4,3,9,22,28,24,38,11,6,41,49,1,27,44,35,43,17,34,45,39
51;262;14433;3262;25,26,31,2,37,22,48,23,10,33,3,36,30,20,47,8,14,18,13,46,34,15,21,40,39,19,12,9,4,42,16,17,11,29,28,45,7,5,41,44,49,27,1,6,35,0,24,32,38,43
52;248;16590;3772;28,19,35,44,41,43,38,45,6,1,49,5,25,27,23,36,39,47,34,26,22,48,30,20,3,46,0,10,33,31,2,24,7,32,11,21,18,13,8,9,16,29,37,15,40,42,17,4,14,12
53;250;16732;3773;29,23,45,28,1,6,37,35,11,41,27,19,13,46,5,15,9,21,40,30,34,25,10,38,39,48,36,26,47,24,17,49,43,44,42,7,22,12,33,8,4,32,16,14,18,2,0,3,20,31
54;164;14303;3222;29,11,42,30,48,7,23,0,19,46,5,28,17,32,6,47,25,10,36,27,24,49,35,44,1,45,39,41,43,38,34,13,8,14,20,18,16,37,21,31,40,3,33,2,26,4,22,12,15,9
55;256;14419;3234;28,27,5,10,23,30,25,42,29,19,48,45,37,46,6,15,12,9,21,44,43,41,11,49,35,1,24,38,39,34,17,36,16,47,20,2,4,26,13,33,7,31,22,0,14,32,3,18,40,8
56;261;15843;3568;31,22,45,23,25,36,33,6,20,37,10,3,26,27,28,48,13,5,30,11,34,35,44,38,39,1,43,41,49,24,17,47,46,19,21,0,8,29,40,12,7,16,15,2,4,32,42,14,9,18
57;281;16984;3837;25,9,6,41,11,44,37,45,23,1,28,15,12,27,21,39,43,38,34,40,24,47,36,17,29,49,35,19,46,16,42,0,7,32,10,3,4,5,13,33,30,20,26,31,48,2,22,18,14,8
58;252;12278;2758;17,13,1,6,28,45,37,24,11,41,27,29,5,44,8,46,23,48,19,14,32,33,18,0,7,43,20,2,31,3,22,49,4,35,40,34,10,30,21,12,36,39,9,42,15,16,38,47,26,25
59;266;12335;2841;37,21,38,28,27,30,5,43,11,41,1,15,29,44,9,19,23,25,47,40,16,8,14,4,12,13,17,18,39,34,24,26,3,22,20,32,36,33,10,6,49,2,31,45,42,0,7,35,48,46
60;270;16611;3733;16,23,49,6,9,45,21,35,12,15,28,25,40,42,19,32,2,0,7,47,26,10,36,3,22,46,48,20,33,31,30,27,38,1,44,17,18,37,5,11,14,43,41,39,29,34,24,8,4,13
61;282;17279;3975;44,24,13,4,17,5,28,14,11,18,29,1,27,8,41,16,12,9,42,2,32,35,6,0,7,43,39,45,49,38,34,30,37,48,33,26,40,25,21,10,47,3,31,20,23,36,22,19,15,46
62;239;14644;4038;25,30,32,21,15,7,6,16,45,0,12,48,28,42,46,11,29,37,27,19,2,22,10,31,33,23,36,20,3,26,47,49,40,35,4,34,5,9,44,13,24,14,18,8,39,17,43,38,1,41
63;231;15152;3749;5,36,29,11,37,17,21,47,23,46,25,10,40,19,48,12,15,16,4,2,14,31,20,8,18,30,22,33,3,13,26,24,27,28,1,45,7,9,38,49,32,43,41,6,35,0,44,34,42,39
64;203;15084;3402;12,25,22,28,3,1,30,40,26,20,27,15,23,9,21,10,6,36,45,35,34,29,19,38,39,47,16,46,42,17,24,44,41,11,49,32,48,37,33,8,2,14,43,18,13,0,7,4,31,5
65;276;10932;3478;8,5,21,25,23,6,18,29,28,40,19,13,14,15,37,32,3,22,7,11,34,1,44,38,39,9,27,41,45,24,17,43,12,4,47,49,33,26,48,46,2,42,36,35,10,0,16,31,30,20
66;194;10917;2950;42,25,44,23,46,28,6,1,49,35,19,12,16,41,9,36,43,40,47,21,34,11,37,39,38,15,27,29,45,17,24,5,8,13,4,32,26,48,30,33,31,7,18,0,20,2,14,3,10,22
67;266;36050;8615;21,40,24,1,44,49,37,8,29,11,41,15,25,17,9,45,6,27,0,43,32,4,12,7,14,18,39,16,42,34,38,35,5,13,47,48,2,28,19,46,20,30,36,10,33,31,26,3,23,22
68;264;14229;3687;23,49,43,18,8,29,25,47,5,13,14,35,6,19,46,39,45,38,34,36,7,48,10,32,26,20,33,30,31,0,2,40,37,21,22,4,27,3,41,9,42,15,11,12,44,16,17,24,28,1
69;236;10412;2442;25,5,40,9,15,17,37,16,29,21,12,23,13,42,19,35,28,11,2,33,22,30,48,31,3,46,36,20,10,26,47,4,8,18,14,32,38,44,1,27,34,7,43,45,6,0,24,39,41,49
70;261;17080;3909;25,9,22,18,33,3,10,47,23,20,31,12,4,36,40,32,2,14,7,16,17,21,15,29,42,37,19,11,46,39,34,26,13,8,48,38,24,28,41,6,45,35,5,49,43,0,30,27,44,1
71;235;13133;2975;12,41,18,37,29,14,11,4,15,21,8,9,43,40,44,16,39,38,42,35,17,27,1,24,49,28,45,6,0,32,7,2,5,13,22,26,47,25,23,30,10,31,33,20,48,34,3,36,19,46
72;258;15767;3930;1,38,14,40,28,8,24,34,9,44,18,41,35,39,27,47,5,13,36,12,42,6,43,49,16,4,7,45,2,0,32,17,29,11,37,3,30,25,23,33,26,22,15,20,10,31,21,48,19,46
73;233;12247;2833;8,38,41,27,1,43,7,24,14,13,5,18,25,44,16,45,6,28,42,4,34,15,9,11,39,12,40,37,21,29,17,47,36,26,22,32,35,23,30,20,48,31,3,33,10,0,2,49,19,46
74;243;21030;4801;13,17,44,37,18,28,5,27,8,41,11,24,29,1,14,21,9,15,40,43,32,35,36,0,7,47,16,6,49,45,42,34,38,39,26,20,4,25,23,48,2,3,30,33,10,31,22,46,12,19
75;223;10599;2587;33,22,19,45,6,35,25,10,48,23,49,20,30,46,3,18,8,12,4,2,32,43,26,7,0,31,36,14,47,16,42,28,5,13,27,38,40,29,15,41,17,39,37,11,1,24,34,44,21,9
76;245;23843;5418;44,28,24,21,9,25,37,23,1,41,15,6,11,5,27,29,46,19,17,10,22,45,33,3,20,48,7,31,2,0,32,38,34,39,35,16,40,30,8,4,47,42,12,36,26,43,49,14,13,18
77;218;11666;4952;11,21,3,30,2,20,12,22,37,33,31,15,38,28,41,7,29,14,43,8,4,27,1,40,18,44,39,9,17,24,34,26,5,13,48,42,32,23,19,36,0,46,10,16,47,49,35,45,25,6
78;309;17337;4379;49,37,14,35,1,5,43,18,41,44,13,11,38,8,29,47,26,25,36,39,34,15,9,16,42,4,21,12,40,17,24,27,6,28,45,32,30,19,46,20,2,3,22,31,33,0,7,10,23,48
79;247;19766;6277;48,28,26,31,10,25,3,46,22,20,23,5,11,30,6,2,37,33,0,49,34,44,43,38,39,35,27,41,1,24,45,36,19,47,42,40,4,13,9,21,32,29,16,14,15,7,17,18,12,8
80;219;10226;3698;29,3,8,15,37,32,40,13,18,21,7,22,25,14,5,0,12,4,2,19,26,20,46,36,47,23,33,31,10,30,48,17,42,16,28,24,38,9,41,1,49,27,6,35,44,34,45,39,11,43
81;287;17658;6337;9,23,29,28,11,6,37,40,15,17,45,19,27,21,46,41,44,1,24,4,34,35,12,38,39,25,47,49,36,16,42,0,7,32,22,31,5,10,30,26,14,3,20,33,18,43,2,13,48,8
82;283;17413;6848;17,11,16,29,25,40,4,42,15,12,21,28,37,9,6,14,18,8,13,35,45,41,1,43,27,44,38,49,39,34,24,7,3,22,20,2,47,23,19,30,32,33,10,48,46,0,31,26,5,36
83;265;23344;9413;9,41,21,23,25,19,17,28,11,37,29,44,24,15,1,4,40,12,16,38,42,45,6,49,35,27,32,39,0,34,7,46,5,43,48,14,22,47,10,33,31,8,30,18,26,2,13,3,36,20
84;303;16795;4863;11,39,35,28,1,45,5,49,41,6,27,29,37,44,43,48,33,38,30,24,34,8,13,2,4,17,7,18,14,0,32,9,21,15,40,16,46,12,23,31,36,3,22,26,20,47,42,10,25,19
85;252;19099;4894;35,23,27,13,5,38,49,0,28,6,1,19,25,45,46,12,4,42,16,2,22,10,36,20,3,47,48,31,33,26,30,43,44,41,37,24,40,8,14,21,7,39,11,29,15,17,34,32,18,9
86;241;15573;3599;36,29,37,31,43,11,26,18,14,13,33,47,19,8,17,20,30,3,22,9,42,15,21,16,12,40,7,4,2,0,32,34,44,39,6,38,10,28,23,1,27,35,41,24,5,45,49,48,25,46
87;245;14119;3191;33,3,0,37,12,23,22,2,18,4,25,20,43,8,31,39,49,38,34,13,7,10,48,32,14,5,36,30,26,47,16,40,24,17,15,46,6,11,9,35,27,19,21,42,28,45,29,44,41,1
88;258;19438;5086;1,5,33,10,23,31,6,11,28,3,20,41,48,22,44,36,30,26,47,19,24,13,8,17,29,18,35,14,46,43,49,27,37,45,38,32,4,25,9,15,42,0,39,7,21,34,2,16,40,12
89;253;15565;3517;31,11,48,19,23,30,29,5,20,33,10,22,17,46,3,25,37,13,26,6,49,1,44,43,35,28,27,41,24,38,45,14,8,18,7,4,39,36,40,12,42,0,32,16,9,34,2,15,47,21
90;239;17746;4447;22,3,8,19,15,40,37,14,33,13,21,20,23,18,31,27,28,6,45,25,4,47,26,16,12,10,2,36,0,32,7,29,11,17,46,49,30,9,44,41,39,35,42,43,5,34,24,38,1,48
91;245;15715;3733;1,41,25,23,10,15,28,34,27,9,12,44,24,39,38,48,19,5,46,47,43,6,16,49,35,36,7,42,45,0,32,17,37,11,21,18,3,30,22,14,33,40,29,8,13,2,4,31,26,20
92;196;10786;2539;25,14,48,26,13,5,8,35,10,30,23,47,18,46,36,27,9,40,38,43,4,49,45,16,12,6,7,42,2,0,32,19,15,21,37,24,39,28,41,20,3,17,33,11,31,22,29,34,1,44
93;255;13898;3154;29,15,6,25,5,46,40,45,28,19,23,21,37,27,9,8,14,13,43,11,34,35,44,38,39,1,42,41,49,24,17,16,4,12,48,0,26,47,30,33,31,32,10,7,20,2,36,3,18,22
94;339;20952;4728;27,44,29,37,21,46,9,42,28,15,19,1,43,11,41,18,8,14,40,38,34,45,6,7,39,35,0,49,32,24,17,16,4,12,25,10,33,2,3,48,13,36,23,30,5,26,47,31,22,20
95;231;17069;4111;31,22,8,11,37,30,33,4,2,14,13,3,20,18,26,23,25,10,46,19,17,15,9,40,29,12,36,21,47,16,42,43,44,28,1,34,7,5,27,6,0,39,41,38,45,49,24,32,48,35
96;215;13657;3089;18,8,26,23,10,31,33,22,48,30,20,14,37,3,13,39,49,25,34,11,38,28,6,44,43,5,27,41,1,24,45,2,4,0,35,17,12,36,40,21,42,29,46,32,15,7,19,16,47,9
97;247;14644;3297;23,48,34,11,37,39,46,47,19,29,25,5,40,36,10,15,28,21,7,18,22,13,8,20,3,14,30,33,31,26,2,17,38,24,35,32,4,41,1,6,16,0,43,45,27,42,49,12,44,9
98;258;19012;4297;29,21,31,46,20,5,23,2,19,10,48,37,15,33,25,32,42,7,0,12,4,47,36,18,40,30,26,16,14,8,13,3,11,22,28,49,34,9,38,1,17,44,41,35,6,24,43,45,39,27
99;243;16258;3811;35,19,16,27,45,12,6,0,49,25,38,23,28,42,46,5,41,1,24,33,22,30,48,20,3,2,36,31,10,26,47,4,32,43,13,7,44,37,29,21,39,18,8,40,15,34,14,17,11,9
100;245;17748;4227;26,47,27,40,37,15,6,3,45,28,21,36,25,22,30,16,11,29,42,19,2,20,10,0,46,23,31,48,33,32,7,4,9,12,1,38,35,18,8,41,43,24,44,39,5,34,17,49,14,13
101;290;32510;7286;47,12,20,19,23,46,25,31,26,3,22,16,37,10,36,15,9,21,40,14,4,48,5,8,18,33,39,13,30,2,34,38,11,29,43,0,17,41,44,6,7,49,35,45,27,32,42,24,28,1
102;259;19798;4423;38,12,24,21,15,28,9,27,41,44,40,4,25,1,2,19,10,23,46,36,42,6,43,49,16,47,7,35,45,0,32,26,31,3,14,17,48,22,33,11,39,13,18,29,37,34,8,30,20,5
103;230;16663;3739;37,14,44,27,28,24,5,38,11,41,1,13,48,43,8,36,47,10,17,26,22,33,18,3,20,30,4,31,2,34,39,40,12,9,6,7,35,25,29,0,16,21,45,32,49,42,15,46,23,19
104;292;19830;4438;10,30,19,35,25,49,36,0,23,47,43,48,5,46,32,12,42,16,4,20,22,8,18,26,3,33,14,31,13,2,7,6,45,28,27,34,40,37,21,41,17,44,1,39,11,24,38,29,15,9
105;256;19858;4454;15,37,44,25,5,1,43,4,12,41,38,11,16,9,21,36,30,47,26,39,34,8,18,17,24,40,13,29,14,7,32,27,42,45,6,2,48,28,23,46,31,0,35,22,20,3,49,33,19,10
106;247;19784;4451;20,48,25,28,30,12,22,47,23,3,26,31,33,19,10,29,18,14,43,46,2,45,6,0,49,36,16,35,42,32,7,38,27,4,40,34,8,5,21,41,17,44,9,39,15,24,1,11,13,37
107;242;20449;4579;1,44,26,48,30,33,41,31,5,22,20,28,24,3,6,46,10,23,19,43,45,14,8,4,27,13,7,18,2,0,32,49,38,35,12,42,29,25,37,9,39,16,47,40,15,34,36,17,11,21
108;263;19219;4320;44,21,22,31,3,26,28,5,1,27,20,9,15,41,40,2,12,4,43,18,14,11,37,13,8,33,39,29,17,24,34,38,48,30,23,47,7,25,6,35,16,46,10,36,49,42,19,32,45,0
109;306;21451;4828;35,23,1,49,41,44,38,27,28,6,43,5,25,45,19,42,16,0,2,30,26,33,48,36,47,46,22,10,20,31,3,24,7,32,11,21,12,13,8,40,39,29,37,15,9,34,17,4,14,18
110;218;11105;2482;47,13,44,5,41,27,25,43,37,11,1,29,26,24,17,39,30,38,34,9,16,14,18,4,12,8,21,40,15,7,32,19,28,23,36,33,42,6,22,20,0,48,10,31,3,2,46,49,45,35
111;256;14354;3227;29,8,27,46,23,36,19,45,37,25,47,14,13,17,18,48,10,5,33,2,7,9,21,32,0,40,12,15,4,42,16,49,6,35,28,24,31,26,30,11,39,44,1,41,38,34,43,3,20,22
112;239;18104;4059;23,47,49,21,37,42,39,46,19,6,15,25,38,35,36,40,9,27,26,10,34,33,31,45,30,20,7,48,2,0,32,16,4,12,43,13,3,5,41,11,24,8,18,29,44,17,14,22,28,1
113;238;9861;2221;9,30,11,45,27,6,3,44,22,1,28,12,26,41,40,20,37,31,33,13,34,18,8,38,39,14,43,4,2,0,49,35,16,42,47,21,48,36,25,19,32,17,29,15,46,7,24,10,5,23
114;267;16880;3811;12,19,18,13,37,14,9,40,15,21,8,23,46,4,25,17,11,29,24,10,42,31,33,36,16,2,3,47,20,22,26,30,5,48,27,0,43,28,1,6,39,32,45,49,35,34,7,38,44,41
115;222;12194;2767;19,25,8,29,14,40,43,12,5,13,18,23,26,4,47,32,6,7,0,36,49,30,48,42,35,10,39,46,16,34,38,21,9,15,41,1,2,37,20,22,17,28,11,27,3,24,44,45,33,31
116;256;15429;3483;1,6,30,33,48,37,5,39,44,41,11,27,28,38,45,19,23,35,46,49,32,18,8,0,7,13,4,14,43,2,34,24,29,17,9,42,10,22,3,12,36,21,15,16,26,47,40,25,20,31
117;199;16095;3693;41,27,22,48,30,20,5,31,28,26,33,1,24,3,44,12,16,4,38,45,2,8,13,0,49,6,43,18,14,32,7,35,36,10,23,19,42,37,15,17,39,46,25,29,21,34,47,40,11,9
118;239;20754;4660;35,23,45,1,27,7,49,0,28,6,42,19,25,32,46,16,4,12,38,30,47,33,2,26,36,48,22,10,20,31,3,15,9,21,44,8,34,37,41,13,24,18,43,14,29,17,40,39,5,11
119;262;13826;3095;12,11,24,21,37,5,15,27,9,25,23,28,4,1,44,29,8,13,17,43,32,35,6,0,7,41,39,49,45,34,38,30,10,48,2,3,14,46,42,36,47,20,33,22,16,26,31,40,19,18
120;273;15568;3510;22,47,3,23,5,46,30,31,10,48,19,36,40,20,26,12,21,25,16,33,4,29,37,8,18,11,17,13,14,2,43,35,44,28,1,0,42,41,9,7,39,45,6,32,49,34,27,38,15,24
121;306;29809;6679;23,36,26,5,31,22,33,30,10,20,3,25,37,48,47,8,14,18,13,9,17,15,12,29,40,4,46,21,19,16,42,2,32,0,27,34,7,11,6,1,35,39,45,24,41,49,38,43,28,44
122;220;12823;2901;18,29,47,30,13,24,8,38,14,36,26,37,11,25,17,20,33,22,3,32,7,9,12,15,21,4,39,40,16,42,34,43,5,41,48,49,31,10,19,28,27,35,1,6,46,45,44,0,23,2
123;282;16792;3777;4,0,23,9,40,15,18,46,12,25,21,30,32,19,48,27,6,28,45,2,3,26,10,31,22,33,47,20,36,16,42,29,37,17,13,38,49,8,14,41,44,11,5,39,1,34,24,43,7,35
124;222;19349;4363;38,2,27,32,0,45,5,44,41,28,6,39,13,1,24,22,3,14,7,37,17,8,29,21,15,11,18,9,12,40,4,49,43,35,25,42,26,33,20,36,16,46,23,47,10,34,19,30,31,48
125;289;19070;4293;28,41,29,37,21,23,9,24,11,15,19,1,44,17,27,48,30,5,43,46,42,38,45,49,35,6,39,0,32,7,34,25,16,12,40,22,13,10,18,20,31,26,36,3,33,2,47,14,4,8
126;257;15306;3442;46,5,25,33,20,26,19,36,10,23,31,48,41,47,30,3,44,28,22,35,34,45,6,38,39,43,2,49,0,32,7,24,27,1,15,16,13,37,29,40,18,9,21,12,17,4,42,8,11,14
127;311;11121;2523;23,10,37,31,26,22,47,11,19,20,33,25,36,29,46,28,1,3,44,30,49,41,5,43,35,48,24,38,39,34,17,13,14,8,18,0,27,6,9,12,7,4,40,16,42,32,2,45,21,15
128;200;11619;2614;36,12,44,29,37,24,25,38,6,11,17,16,47,41,35,21,15,9,40,39,34,14,18,43,49,8,7,4,2,0,32,45,27,1,33,20,42,28,5,23,48,3,31,10,19,46,22,30,13,26
129;234;19551;4415;28,41,46,23,19,21,11,42,9,29,15,44,5,27,1,14,18,8,13,24,34,6,35,38,39,17,7,49,45,0,32,43,25,37,12,47,4,40,33,31,22,36,10,3,20,26,16,2,48,30
130;253;20013;4486;9,21,20,22,5,3,4,48,37,33,31,15,40,30,12,13,8,18,14,29,42,10,23,16,17,25,36,46,19,47,26,34,11,39,28,0,43,2,41,1,24,45,6,32,44,7,27,49,38,35
131;257;19504;4378;40,15,46,10,23,47,25,29,12,19,36,21,37,16,9,45,6,28,27,44,42,11,41,49,35,1,24,38,39,34,17,5,30,48,43,14,22,26,31,33,32,8,4,18,2,7,13,0,20,3
132;264;12070;2731;29,2,5,4,18,13,19,32,46,14,8,11,42,7,17,38,9,39,34,41,43,1,28,49,35,24,27,44,6,0,45,48,37,33,15,10,40,30,16,31,26,25,21,20,3,22,23,47,12,36
133;286;24421;5497;41,39,28,49,35,45,38,27,5,43,6,9,34,1,44,16,12,4,42,15,24,40,37,17,29,11,14,21,18,8,13,7,0,32,23,22,30,25,48,31,26,46,19,20,10,3,2,47,33,36
134;263;11825;2679;9,18,6,28,1,35,44,29,15,41,11,40,8,21,12,27,3,22,45,49,2,24,17,0,42,4,14,16,43,32,7,19,36,47,25,48,26,37,5,20,39,10,23,30,33,34,46,38,13,31
135;190;14306;3204;25,47,28,44,41,27,5,3,37,11,1,23,19,22,26,17,13,29,24,36,46,20,31,48,10,35,39,33,30,34,38,45,49,6,12,0,8,9,40,15,7,16,4,2,21,32,42,14,43,18
136;269;14518;3271;31,39,46,25,10,19,33,5,20,30,23,3,22,48,34,2,37,11,0,28,45,44,41,27,6,38,43,1,35,49,24,26,36,47,9,16,18,13,17,15,32,12,40,4,21,7,42,14,29,8
137;222;11776;2656;48,6,22,33,31,3,10,11,23,19,20,5,30,46,28,47,25,36,26,45,34,44,1,38,39,27,35,41,43,49,24,17,37,29,9,7,16,13,12,18,0,15,40,14,8,32,21,2,42,4
138;204;11172;2519;12,5,23,6,15,29,9,10,4,40,21,30,41,25,48,0,2,7,32,47,16,46,43,42,36,19,39,49,35,34,38,20,33,31,3,8,45,28,44,37,24,14,22,13,11,17,18,27,1,26
139;254;20611;4648;48,8,12,21,29,46,5,4,23,25,19,13,14,16,30,32,15,7,0,40,2,20,33,3,22,18,36,31,10,26,47,17,11,37,43,38,42,9,6,1,49,41,44,39,35,34,24,45,28,27
140;263;18955;4251;0,28,21,18,8,12,2,9,37,40,4,6,22,15,49,31,20,3,33,43,34,1,44,38,39,11,27,41,45,24,17,32,14,7,13,47,35,29,5,10,19,26,25,36,23,42,16,46,30,48
141;263;12535;2809;29,47,27,41,11,44,37,28,17,24,1,36,25,13,5,15,9,21,40,19,30,31,33,48,46,23,3,10,20,26,22,45,35,6,49,32,12,38,8,14,39,2,43,7,18,34,0,4,42,16
142;224;11261;2532;9,41,23,22,3,10,21,19,15,31,20,44,24,28,1,5,33,48,38,46,42,45,6,49,35,27,7,43,32,0,2,36,25,47,40,13,30,37,12,18,39,14,16,8,4,34,26,17,11,29
143;246;20546;4580;37,20,1,48,5,27,30,44,11,41,9,33,43,28,31,15,12,29,21,22,17,40,26,2,24,3,14,4,18,8,13,34,38,39,45,0,19,10,25,35,16,32,6,49,36,42,7,46,23,47
144;302;18522;4174;37,8,22,43,31,20,44,17,11,33,3,14,13,29,18,24,1,41,38,21,34,12,9,7,39,40,4,15,32,0,2,26,28,30,19,47,49,6,48,10,42,45,23,36,25,16,27,35,5,46
145;234;11367;2560;21,17,10,28,19,25,15,47,37,11,23,29,7,36,40,1,9,27,44,4,13,20,22,14,8,26,33,18,3,31,2,30,5,48,46,45,24,12,43,35,39,0,6,49,42,34,32,38,16,41
146;259;9856;2237;7,34,12,29,21,4,37,17,11,15,25,39,28,9,32,48,46,5,30,6,0,41,44,45,27,35,49,1,38,24,43,42,40,16,36,8,33,19,10,26,31,18,47,13,3,2,14,22,23,20
147;212;8794;1989;36,5,22,6,37,27,25,3,10,23,45,48,47,20,30,16,40,12,43,31,7,8,13,32,26,33,4,14,18,0,2,28,46,19,1,38,42,21,9,41,24,49,44,39,11,34,35,17,15,29
148;193;17376;3892;48,25,12,22,3,37,30,15,20,31,33,23,26,9,10,27,13,5,45,40,7,47,36,17,32,21,46,29,19,16,42,4,14,18,8,49,1,11,6,35,38,0,43,39,44,34,2,24,28,41
149;288;18115;4066;8,18,1,11,29,41,21,27,9,15,28,12,40,44,4,36,3,22,47,14,16,45,6,42,43,35,7,49,2,0,32,24,37,17,13,30,26,25,23,46,39,48,5,38,10,34,33,31,19,20
150;268;16301;3660;5,10,29,37,11,32,45,17,41,6,0,23,48,24,25,15,12,21,7,43,16,35,46,36,47,19,39,42,49,34,38,33,31,20,30,26,9,13,8,1,4,22,28,27,44,2,3,40,14,18
151;231;14430;3238;44,45,24,29,11,17,28,39,1,41,5,6,27,38,35,26,3,22,30,43,32,8,13,0,7,49,4,14,18,2,34,40,12,9,15,47,48,37,33,25,10,42,21,19,23,36,16,46,31,20
152;309;18764;4244;23,36,19,4,9,29,15,46,12,21,40,25,10,47,16,27,11,37,17,35,34,45,6,38,39,42,7,49,2,0,32,14,8,18,43,20,24,28,44,30,26,31,13,3,48,22,33,5,1,41
153;281;24922;5557;46,23,26,37,33,22,48,38,20,31,3,10,19,30,25,29,5,11,17,15,34,40,9,4,39,21,47,12,36,16,42,2,8,18,13,32,41,28,1,6,49,7,45,0,35,43,14,24,27,44
154;245;10816;2435;41,28,21,37,39,25,11,19,9,15,23,1,44,38,27,12,48,5,16,6,7,35,46,32,0,29,42,45,49,17,24,34,40,43,14,4,30,8,10,22,31,36,18,26,3,2,47,33,13,20
155;254;17738;3991;28,41,36,9,12,16,44,10,19,25,47,1,43,23,6,17,11,29,24,27,34,48,30,38,39,5,49,45,46,35,42,40,21,15,20,7,4,26,13,33,2,31,22,32,14,0,3,18,37,8
156;242;12794;2877;44,39,15,25,37,29,11,27,28,12,21,41,38,9,1,14,13,8,43,6,34,32,7,49,35,45,17,0,16,42,24,46,23,19,5,33,47,4,18,22,2,10,30,20,3,31,48,26,40,36
157;257;17528;3930;20,3,19,25,12,21,46,4,10,23,29,31,22,2,33,35,42,43,49,40,16,5,8,47,36,18,48,14,13,26,30,17,15,37,11,7,38,9,44,1,0,27,28,45,6,32,24,34,41,39
158;288;21329;4802;13,23,4,37,25,16,29,40,8,14,12,19,5,18,46,24,11,17,43,22,3,48,30,31,20,2,36,33,10,26,47,21,42,15,7,45,41,9,44,35,39,0,6,49,27,34,32,38,28,1
159;313;27868;6280;21,19,31,22,37,3,40,12,15,9,33,23,26,20,25,29,5,11,17,16,42,10,36,46,35,47,39,48,30,38,34,4,32,7,13,2,41,28,1,45,49,14,8,0,6,43,18,24,27,44
160;308;30541;6897;37,15,14,20,31,4,26,18,13,33,43,21,5,8,29,23,25,19,47,11,27,40,9,44,28,41,22,1,3,24,17,2,30,12,16,34,7,48,36,35,32,39,42,49,46,0,38,45,10,6
161;207;17329;3881;11,29,36,46,23,32,19,7,37,25,10,21,13,47,15,30,5,48,26,8,42,9,18,16,17,14,39,40,12,4,34,33,31,20,3,0,38,35,44,6,27,22,28,49,1,45,2,24,43,41
162;251;20877;4713;25,15,3,23,10,22,19,17,33,31,20,37,9,29,21,42,11,46,7,26,2,14,8,4,12,13,47,18,40,16,36,30,5,48,24,34,27,28,1,43,32,39,41,49,6,0,38,45,44,35
163;237;17614;4006;28,44,5,30,29,46,8,24,14,13,48,1,11,17,41,33,37,18,2,43,34,6,35,38,39,27,45,49,0,32,7,42,23,19,25,36,31,9,21,4,22,10,12,47,40,26,16,3,15,20
164;244;13380;2996;25,47,38,41,11,49,10,34,23,46,35,36,37,39,19,27,28,1,44,29,24,15,9,17,40,12,32,21,16,42,7,0,45,6,5,2,4,43,13,20,22,33,30,31,26,3,48,18,14,8
165;258;15437;3460;28,27,8,7,14,5,6,4,43,18,13,1,45,12,41,0,22,32,2,24,34,11,37,17,39,44,9,29,15,21,40,38,35,49,25,42,3,23,33,10,30,36,47,46,48,26,16,31,19,20
166;236;8728;1963;1,45,43,22,3,31,28,49,6,44,20,27,23,35,41,7,14,13,32,25,26,30,48,36,47,5,38,10,39,34,24,46,33,19,9,4,8,37,29,15,0,16,12,40,21,2,42,18,11,17
167;265;14829;3344;28,44,12,29,4,25,40,16,15,21,37,6,43,11,9,14,13,8,18,1,45,49,35,38,27,41,42,39,24,34,17,46,23,19,47,2,7,5,26,33,32,10,48,31,20,0,36,22,30,3
168;259;12438;2799;18,26,23,5,48,46,13,19,8,25,10,36,30,14,47,20,37,33,31,40,0,15,21,32,2,9,12,7,4,42,16,29,24,17,43,38,3,6,27,11,44,35,41,39,1,34,49,22,45,28
169;227;13936;3147;30,5,3,25,20,26,23,28,10,22,31,48,46,11,6,2,47,36,0,49,34,44,43,38,39,35,27,41,1,24,45,33,19,37,9,42,32,29,17,4,7,21,12,40,18,16,15,14,13,8
170;272;14620;3286;27,19,38,11,37,44,6,35,28,1,41,25,45,5,23,0,32,13,2,22,26,33,36,31,3,47,46,20,10,30,48,43,24,49,29,42,7,8,14,9,34,15,21,40,12,16,17,39,18,4
171;274;21985;4914;44,27,15,25,37,16,29,42,11,21,12,1,28,9,41,19,5,23,46,45,32,38,35,0,7,6,39,49,17,24,34,43,40,4,8,26,48,47,2,31,20,13,18,3,33,22,14,30,36,10
172;244;10327;2359;40,42,20,22,37,3,9,26,15,33,31,12,4,21,16,49,18,35,2,46,30,25,23,10,48,19,39,36,47,38,34,17,11,29,13,7,27,5,41,44,0,14,8,43,1,32,24,45,28,6
173;238;13643;3078;28,44,10,19,33,25,30,31,22,20,23,1,24,3,27,7,11,32,42,38,0,48,5,45,2,41,46,6,35,49,43,26,36,47,12,14,29,37,9,18,39,13,4,8,40,34,16,17,15,21
174;233;13709;3074;31,2,48,37,36,13,33,5,20,30,10,22,11,26,3,38,25,47,32,43,0,28,44,49,35,41,27,6,1,45,24,46,19,23,15,40,7,29,8,12,39,9,21,16,4,34,42,14,17,18
175;233;18387;4145;5,29,37,36,47,26,14,27,13,8,25,28,7,45,6,19,23,32,0,44,17,41,11,24,35,1,43,49,39,34,38,21,9,15,40,16,46,22,10,48,2,12,18,30,33,42,4,31,3,20
176;209;9264;2092;48,25,2,18,33,22,5,26,20,31,3,23,38,30,10,43,41,35,49,40,47,46,12,19,36,4,42,29,16,17,24,14,8,13,37,7,6,9,28,21,0,39,11,15,44,32,34,45,1,27
177;331;17998;4052;14,13,29,37,25,15,7,46,23,40,21,8,5,19,18,32,12,4,0,48,2,36,47,31,33,30,26,10,20,3,22,17,42,16,11,24,43,9,35,44,39,45,28,1,41,34,27,38,6,49
178;231;12219;2752;36,12,30,5,26,27,47,46,10,23,19,25,4,48,16,8,18,13,14,2,7,42,35,0,32,6,39,45,49,34,38,15,9,21,40,24,33,37,29,28,22,44,41,11,3,17,1,31,43,20
179;240;13247;2977;30,31,19,35,46,47,10,6,48,23,36,33,43,5,20,38,49,41,24,14,13,3,22,26,8,18,28,44,1,27,45,2,32,0,4,42,11,25,40,9,39,16,12,15,21,34,7,17,37,29
180;259;15724;3530;23,10,15,5,20,37,48,40,21,29,33,19,30,9,46,8,14,18,13,47,49,12,4,42,35,25,39,36,16,38,34,17,32,7,31,24,43,11,44,1,2,3,26,27,28,45,22,0,41,6
181;268;15887;3570;13,23,40,16,37,17,25,18,8,29,21,19,5,14,46,32,12,4,0,33,2,10,30,3,31,48,36,20,22,26,47,7,11,15,28,24,43,9,35,44,39,45,6,1,41,34,27,38,42,49
182;295;20270;4544;8,37,1,28,13,27,14,38,44,43,5,18,29,41,11,35,25,6,49,21,24,12,4,17,40,15,16,9,39,34,42,45,32,7,19,48,47,22,33,20,0,46,23,10,31,2,30,36,3,26
183;195;11829;2671;14,13,3,20,33,26,4,32,18,22,31,8,5,7,2,29,37,11,17,35,0,44,41,43,49,28,1,6,27,45,24,30,10,48,23,42,40,12,15,36,16,19,25,47,38,34,46,39,9,21
184;249;14074;3174;20,25,30,13,5,8,37,46,31,33,18,23,26,48,10,22,11,3,17,19,47,12,4,16,36,29,9,42,15,21,40,2,7,14,43,34,24,44,1,35,32,39,41,49,6,0,38,45,28,27
185;231;24894;5581;25,4,20,23,48,22,30,10,26,3,33,12,18,31,2,13,5,8,38,47,42,45,6,43,16,36,49,14,7,32,0,46,19,35,40,39,41,28,37,15,24,29,21,11,9,17,34,44,27,1
186;252;16735;3769;8,18,23,28,6,49,29,46,13,5,35,14,0,19,43,32,25,40,7,36,30,20,33,26,48,47,22,10,3,31,2,4,16,12,21,17,45,44,1,37,39,15,9,24,11,34,42,38,41,27
187;268;18467;4171;28,6,18,48,30,33,5,14,11,13,37,44,43,8,41,35,9,4,49,27,0,39,38,32,2,1,24,45,7,34,17,29,21,15,26,20,36,40,25,23,42,3,31,19,10,46,22,16,12,47
188;222;17607;3944;9,16,27,3,22,35,41,45,44,1,28,12,40,6,42,21,11,15,29,49,32,4,18,0,7,8,43,14,2,17,24,38,34,39,31,48,19,37,5,26,47,33,20,10,25,36,30,46,13,23
189;280;18360;4122;41,37,43,28,45,12,27,4,44,1,6,11,5,9,15,3,26,22,2,40,13,0,29,8,18,21,32,14,7,17,24,49,42,16,25,36,31,35,38,46,30,19,23,10,48,34,47,20,39,33
190;228;11017;2488;26,47,33,13,8,48,22,31,10,20,30,36,25,3,18,15,37,21,40,43,16,45,6,4,12,14,2,49,0,32,7,23,19,46,28,38,29,5,41,1,24,35,27,39,44,34,42,17,9,11
191;229;13414;3031;37,5,40,12,4,0,25,7,8,18,2,13,26,32,14,3,33,31,22,11,17,47,36,24,29,41,16,43,38,39,34,44,1,9,27,42,20,30,10,6,46,15,45,49,28,35,21,19,48,23
192;308;16926;3818;9,21,24,44,28,41,6,17,45,27,1,15,40,29,12,0,43,32,7,10,16,38,25,47,36,23,35,19,46,42,49,5,11,48,30,3,14,37,8,33,2,20,26,31,39,34,22,4,13,18
193;214;10717;2409;9,16,35,17,24,6,21,38,15,41,1,12,40,44,42,13,37,11,29,8,2,14,43,0,4,49,39,18,7,32,34,45,28,27,22,20,47,5,23,48,10,31,33,30,46,26,3,36,25,19
194;232;9349;2107;30,20,5,27,1,24,28,45,6,44,41,22,26,48,3,40,12,9,49,31,2,8,13,0,4,33,43,18,14,32,7,17,37,11,10,39,16,29,21,46,42,25,23,35,19,34,38,47,15,36
195;217;20862;4651;17,21,44,1,24,38,35,34,37,11,41,15,29,39,9,0,6,32,2,12,42,8,13,16,49,40,14,4,18,43,7,25,36,47,5,26,45,46,23,33,3,48,10,20,31,22,30,27,19,28
196;201;15019;3366;41,44,46,29,11,19,5,49,48,10,23,6,43,35,28,25,26,37,38,27,0,20,33,2,45,1,22,31,3,24,17,34,30,39,13,7,47,21,9,4,16,18,8,32,12,42,14,36,15,40
197;193;9506;2145;32,0,29,18,8,5,22,17,7,14,13,28,2,11,6,30,31,3,26,35,45,41,1,49,27,44,39,43,24,38,34,4,40,9,21,16,20,37,25,46,36,42,15,19,23,47,12,10,33,48
198;282;12800;2954;9,34,23,37,21,48,15,5,46,19,25,39,42,29,11,7,43,32,0,6,49,1,41,38,35,28,27,44,45,24,17,10,47,36,40,4,14,13,33,20,3,12,30,26,31,22,16,2,8,18
199;255;14535;3478;30,6,33,14,13,29,28,20,26,3,22,43,45,31,5,1,41,44,27,48,49,10,23,46,35,25,47,19,36,42,16,40,8,18,21,0,24,37,38,15,34,4,12,32,9,7,2,17,11,39
200;225;19187;4324;21,42,4,5,13,14,37,16,40,8,18,15,29,12,9,6,28,27,45,1,17,41,44,24,35,11,43,49,38,39,34,25,36,47,23,30,7,19,22,20,0,48,46,33,31,2,10,32,26,3
201;242;21837;4916;14,8,11,5,38,34,13,29,43,41,39,44,18,37,1,0,7,32,2,27,24,9,15,17,45,21,4,40,12,16,42,49,28,6,25,46,30,22,31,10,26,19,23,36,20,47,35,48,3,33
202;265;15337;3433;6,45,30,5,49,42,28,48,19,7,35,25,27,46,23,43,41,1,38,10,47,22,20,26,36,33,32,31,3,2,0,16,4,12,13,40,44,37,15,29,24,8,14,17,21,34,18,39,9,11
203;281;22092;5039;9,14,20,5,28,27,41,22,44,3,1,13,43,31,2,39,32,7,34,4,40,33,18,21,15,8,29,37,11,17,24,45,0,6,23,46,38,12,30,49,16,10,19,35,25,42,48,36,26,47
204;287;14915;3358;35,34,15,25,37,17,4,42,11,12,16,39,28,9,38,18,8,14,2,1,24,43,44,45,27,41,49,6,0,32,7,21,29,40,5,47,33,13,3,48,30,46,23,36,10,26,19,31,22,20
205;252;18933;4264;23,47,27,41,38,49,5,45,28,35,1,19,25,6,46,29,37,11,17,48,0,30,10,2,33,36,3,31,20,22,26,43,44,24,32,14,39,40,9,4,42,8,18,7,12,16,13,34,21,15
206;260;18028;4100;5,23,8,12,16,21,29,40,13,14,4,19,25,18,46,35,42,43,49,22,2,33,26,31,3,47,48,20,36,10,30,17,15,37,11,34,6,9,44,38,0,39,41,7,1,32,24,45,28,27
207;239;10536;2397;13,18,37,25,27,42,5,21,4,12,16,8,14,15,40,6,28,45,7,1,38,11,44,24,43,9,29,41,39,17,34,47,23,19,36,20,32,49,46,10,33,3,26,31,48,2,22,0,35,30
208;253;20220;4566;9,15,11,6,1,35,44,17,29,41,38,21,12,24,40,16,27,45,42,49,0,18,8,32,2,43,39,4,14,7,34,13,5,37,30,31,19,28,22,20,47,48,26,10,3,36,33,46,25,23
209;230;14681;3315;37,36,49,41,23,43,11,38,29,46,19,47,10,35,25,48,6,5,30,15,4,40,9,16,12,21,39,42,17,24,34,7,0,32,13,2,45,44,28,33,22,18,8,31,20,3,14,26,1,27
210;212;14067;3184;12,9,36,38,25,34,26,16,37,11,39,15,30,47,21,48,10,5,33,13,7,40,17,32,14,29,4,8,18,0,2,24,41,43,44,42,31,19,46,6,22,35,1,27,28,45,49,3,23,20
211;250;16282;3639;28,37,4,31,20,14,33,8,3,12,13,22,29,18,11,30,48,5,26,41,17,9,44,24,38,1,21,39,15,34,40,43,27,2,45,0,47,25,23,35,16,32,6,49,46,42,7,36,10,19
212;278;11997;2707;44,11,12,27,1,16,5,4,41,43,38,15,37,9,21,45,28,6,0,13,7,18,40,14,32,29,39,8,17,24,34,42,35,49,47,22,19,25,46,10,31,30,36,20,48,3,26,2,23,33
213;221;14122;3182;41,37,45,35,6,14,28,38,1,49,43,11,13,27,44,16,5,30,42,18,34,15,21,40,39,8,0,9,12,4,2,24,29,17,25,26,48,19,23,36,31,32,47,22,20,3,7,33,46,10
214;275;13083;2944;37,29,12,1,44,49,41,40,15,9,38,11,24,21,17,27,28,6,45,43,32,18,8,7,0,13,4,14,2,34,39,16,35,42,46,3,19,5,23,48,30,20,33,31,10,26,22,47,25,36
215;210;17476;3949;9,21,5,28,27,30,1,43,12,44,38,15,16,41,40,35,6,49,42,11,24,18,4,17,29,37,13,14,8,39,34,26,47,25,22,31,45,36,23,10,32,20,33,2,48,0,3,7,19,46
216;276;19271;4348;25,36,18,15,11,40,37,29,13,8,21,47,2,14,5,32,17,7,0,22,3,23,19,33,31,26,46,20,10,48,30,16,4,12,9,38,24,28,44,35,49,45,27,39,1,34,42,43,6,41
217;228;12587;2835;24,29,27,38,41,44,39,28,25,37,1,17,34,11,5,36,13,35,47,26,22,48,33,20,3,30,23,31,10,46,19,21,9,15,40,4,43,8,14,45,32,16,12,2,7,0,42,49,18,6
218;215;10473;2366;13,30,33,18,8,22,28,20,43,3,14,26,6,31,5,4,0,12,2,25,16,47,19,42,49,23,10,35,36,46,48,38,41,44,11,34,32,1,27,15,24,29,37,21,9,17,39,7,45,40
219;267;11066;2506;25,23,40,17,37,9,29,16,12,21,15,19,4,42,46,8,14,18,13,36,30,20,22,10,48,47,3,33,31,26,2,34,11,39,28,0,43,38,41,1,24,45,6,32,44,7,27,49,5,35
220;257;17469;3960;7,0,29,15,21,11,28,19,6,25,37,32,45,23,46,24,1,27,17,26,30,3,22,33,48,47,36,20,10,31,2,5,35,13,41,34,40,44,14,12,16,39,49,43,4,42,38,9,8,18
221;288;12962;2940;44,27,29,12,16,21,19,24,9,11,15,1,28,17,41,2,40,4,43,6,7,42,35,0,32,46,39,45,49,34,38,37,23,25,10,31,18,36,5,48,13,20,22,33,30,26,3,14,47,8
222;349;24340;5480;31,3,5,29,23,46,25,48,20,10,19,36,22,33,47,15,11,37,21,40,16,13,30,43,12,26,8,14,18,4,2,42,49,35,41,34,17,28,1,6,7,39,44,0,45,32,38,24,9,27
223;293;20592;4644;40,15,36,37,25,10,17,13,29,19,23,21,9,47,12,39,11,38,34,4,42,14,18,49,16,8,7,43,2,0,32,46,6,35,44,27,33,41,48,26,3,1,28,24,30,22,45,31,5,20
224;274;15644;3544;3,28,46,25,31,23,26,5,30,20,10,22,11,48,6,2,47,36,0,35,45,41,1,49,27,44,39,43,24,38,34,33,19,37,13,7,42,15,21,8,4,14,29,18,40,32,17,16,9,12
225;215;12311;2775;23,36,20,5,31,22,26,30,10,33,3,25,37,48,47,8,18,13,14,19,17,9,15,40,29,46,4,21,12,16,42,2,28,11,44,27,7,35,6,38,0,1,41,45,39,34,24,32,43,49
226;214;12298;2775;40,26,27,6,28,45,9,37,21,44,1,13,12,15,8,42,30,16,43,22,3,14,18,31,20,4,32,33,7,2,0,11,17,29,41,39,36,25,23,49,46,38,5,35,19,34,24,48,47,10
227;241;21866;4905;40,15,13,5,41,43,29,8,37,11,14,21,25,18,9,19,23,48,46,35,34,12,4,38,39,30,17,49,16,42,24,47,26,36,10,31,27,44,28,7,0,20,33,3,32,2,22,45,1,6
228;256;16528;3725;28,27,5,25,3,20,42,29,19,23,22,45,9,46,6,21,40,37,15,11,34,41,44,38,39,1,43,35,49,24,17,10,31,48,33,32,47,30,8,4,16,14,18,0,12,2,7,36,13,26
229;264;29018;6471;37,9,3,23,10,22,19,17,33,31,20,15,25,29,21,32,42,7,0,2,16,18,4,47,36,12,8,40,14,26,13,30,46,48,5,38,27,11,44,41,43,39,35,24,1,49,34,45,28,6
230;257;11952;2686;46,0,25,33,31,22,2,19,10,20,3,48,30,23,5,47,32,26,36,6,45,41,44,38,27,28,43,1,35,49,24,17,11,29,37,40,7,13,18,12,16,15,9,39,4,34,21,42,8,14
231;233;12485;2817;48,8,19,21,25,29,5,47,10,23,46,30,40,36,13,43,4,17,24,18,7,20,33,32,14,26,31,22,3,0,2,37,11,15,12,39,45,28,41,35,49,42,9,38,44,34,16,27,6,1
232;231;13425;3006;9,15,43,41,44,27,40,4,18,8,1,12,21,14,16,29,37,11,17,2,32,42,35,0,7,6,39,45,49,34,38,24,13,28,30,31,19,5,23,33,36,22,26,20,48,10,3,47,25,46
233;202;9614;2159;25,11,43,31,33,13,20,29,23,47,26,36,37,19,10,3,21,22,40,49,34,48,5,38,39,41,46,30,35,24,17,14,18,8,2,32,15,6,44,16,27,0,4,42,12,45,7,9,28,1
234;233;11026;2498;41,21,34,28,27,3,1,37,44,39,22,15,5,11,9,38,26,30,42,29,16,14,8,4,12,13,40,43,18,17,24,33,20,31,23,46,49,25,45,36,32,48,19,2,47,0,10,7,6,35
235;263;16475;3714;41,37,14,28,27,30,1,18,44,13,5,11,38,8,29,3,25,22,26,17,34,15,21,40,39,24,4,9,12,16,42,45,33,48,46,0,47,19,20,43,7,49,6,2,31,32,35,36,23,10
236;176;12236;2754;41,37,9,28,12,27,38,40,44,15,1,11,5,21,29,22,3,30,26,43,34,8,18,17,39,4,32,13,14,24,7,45,0,6,25,16,31,48,23,10,46,35,47,36,19,42,49,2,33,20
237;220;15552;3479;43,42,13,8,18,2,6,3,5,28,14,49,16,22,35,12,40,25,4,19,30,31,20,48,46,23,36,33,10,26,47,0,7,32,21,39,38,45,9,37,24,29,15,11,41,17,34,44,27,1
238;229;18530;4160;5,10,28,9,44,21,24,13,41,1,15,23,25,27,48,12,8,17,4,11,38,31,33,34,39,37,3,30,20,22,26,19,29,46,35,32,18,40,47,49,2,42,6,7,43,0,45,16,36,14
239;263;13242;2969;1,37,18,38,5,14,6,8,41,28,13,27,45,44,11,35,43,49,42,39,34,40,9,17,24,29,15,0,21,32,7,19,25,23,22,20,46,12,16,33,36,26,3,31,2,10,47,48,4,30
240;220;12868;2927;25,10,44,37,11,15,41,27,38,1,24,23,35,28,49,48,42,5,46,43,2,3,22,31,33,6,45,20,0,32,7,4,9,12,18,13,36,21,29,30,26,8,40,39,17,34,14,47,19,16
241;301;11382;2559;15,29,44,5,23,27,19,41,9,11,28,46,21,1,42,12,37,25,16,45,7,38,35,0,32,6,17,49,39,34,24,43,30,48,22,2,36,10,8,18,26,31,20,33,14,4,3,47,13,40
242;172;9865;2210;18,36,9,25,29,15,8,4,40,17,21,14,47,12,16,3,20,31,22,43,34,45,6,49,39,42,7,35,2,0,32,37,33,11,13,48,19,10,27,41,44,30,26,5,1,24,38,46,23,28
243;242;16400;3724;10,47,8,20,33,5,48,14,30,31,13,26,25,18,36,19,35,23,46,42,7,4,12,32,45,16,43,6,49,0,2,3,28,22,37,17,27,41,1,21,39,29,11,24,15,34,40,38,44,9
244;238;14124;3166;37,31,19,9,15,40,13,46,5,42,21,33,3,23,20,18,8,4,2,12,34,25,10,38,39,48,36,30,26,16,47,29,7,14,35,0,22,28,41,27,24,49,6,45,1,17,32,43,11,44
245;230;10377;2335;25,21,24,5,36,43,47,17,37,11,41,15,26,29,9,35,7,49,42,16,13,4,12,8,14,40,39,18,30,34,38,44,27,1,28,31,32,6,10,33,0,3,45,20,48,2,22,46,23,19
246;226;11437;2567;44,27,17,8,18,16,12,43,9,4,14,1,28,24,41,37,21,15,11,2,7,42,35,0,32,6,39,45,49,34,38,40,5,13,30,47,22,29,31,23,10,19,48,26,25,36,46,3,33,20
247;249;19945;4465;1,5,25,19,23,36,44,45,27,28,10,41,9,6,43,21,37,11,15,30,4,35,46,16,12,48,49,42,38,39,34,47,17,24,26,18,7,29,20,31,0,14,13,33,3,2,8,32,40,22
248;209;9456;2146;37,11,13,4,18,14,48,26,5,30,8,41,24,43,33,39,35,49,34,44,0,31,20,2,6,1,22,28,3,45,27,7,38,32,23,29,17,10,47,15,16,19,25,21,12,42,46,40,36,9
249;263;16940;3826;6,20,44,37,11,5,24,45,28,1,41,22,26,27,3,39,29,17,34,43,7,8,33,32,14,31,4,13,18,0,2,38,48,30,25,47,40,49,12,46,42,36,23,19,35,16,10,21,9,15
250;264;15968;3606;33,3,19,25,23,21,5,2,48,46,29,20,22,10,31,32,43,7,0,30,26,40,47,14,13,36,12,8,18,4,16,17,15,37,11,39,6,9,28,1,45,38,41,27,44,34,24,49,42,35
251;258;12608;2843;30,8,46,29,5,23,40,10,47,36,19,13,4,48,26,35,28,6,49,33,22,14,43,3,20,18,7,31,2,0,32,16,25,12,21,17,45,37,41,38,39,9,15,24,44,34,42,27,11,1
252;181;16349;3656;19,1,10,31,3,20,26,25,47,36,22,28,44,23,6,43,41,38,24,9,40,16,12,15,21,27,45,42,7,32,0,46,49,35,48,4,11,5,13,18,17,30,33,39,8,34,2,29,37,14
253;187;13710;3083;45,35,22,41,1,43,6,31,27,28,44,38,49,3,20,16,12,24,42,25,19,48,5,46,23,13,30,10,36,47,26,33,0,2,37,15,17,9,8,40,32,39,11,21,18,7,34,29,4,14
254;204;12121;2779;28,2,38,44,41,24,49,27,6,1,43,0,35,45,5,39,11,42,34,19,30,33,26,48,46,23,31,10,20,22,3,36,25,47,8,7,17,13,29,40,12,14,18,4,21,16,32,15,37,9
255;346;26436;5964;5,23,8,11,15,14,37,40,13,21,29,19,25,18,46,4,12,16,42,36,2,33,48,26,30,47,20,10,31,3,22,17,28,7,44,45,43,9,41,0,39,27,1,32,38,34,24,49,6,35
256;214;16123;3627;1,49,19,41,38,23,44,29,28,46,25,6,35,27,45,43,47,39,34,9,24,15,21,17,40,12,0,16,42,32,7,11,5,37,48,3,36,13,8,33,4,20,10,31,18,2,22,26,14,30
257;246;13357;3015;25,2,4,9,21,37,18,42,40,12,15,22,29,16,3,32,0,14,7,19,26,20,33,30,46,23,31,48,10,47,36,5,8,13,11,34,43,28,45,1,17,39,41,44,27,24,38,49,6,35
258;284;20377;4569;40,23,12,17,37,4,29,16,21,15,9,25,5,42,19,8,14,18,13,33,22,36,47,20,3,46,48,31,10,26,30,34,11,39,24,49,2,28,1,6,32,35,41,43,45,0,38,7,44,27
259;286;21734;4876;48,13,3,23,25,6,5,31,10,20,22,30,8,33,26,21,37,15,40,47,16,14,18,4,12,36,2,43,7,32,0,45,28,27,19,49,11,1,44,17,39,35,46,24,29,34,42,38,9,41
260;272;14202;3203;27,44,21,4,29,25,28,9,11,37,12,1,43,15,41,18,14,8,2,45,7,38,35,0,32,6,17,49,39,34,24,42,40,16,23,36,30,5,22,20,31,47,46,10,3,26,19,33,13,48
261;309;14972;3388;45,35,25,41,44,39,1,19,27,5,38,28,6,23,46,0,43,49,2,36,22,48,10,31,3,47,30,20,33,26,34,11,13,37,40,42,24,8,14,12,32,21,9,16,4,7,15,17,18,29
262;262;12302;2777;28,45,30,10,23,3,19,22,46,48,20,27,29,5,6,47,36,25,26,1,17,41,44,38,24,11,49,35,39,34,43,31,37,33,13,2,42,21,9,4,32,18,8,0,40,7,14,16,15,12
263;265;16286;3641;6,25,24,13,44,43,28,5,30,1,41,49,26,38,35,3,22,20,31,36,2,23,19,32,0,47,46,10,48,45,27,17,11,29,21,42,7,37,8,12,39,9,15,16,4,34,40,14,33,18
264;288;16543;3741;40,30,16,15,21,19,23,47,12,25,37,48,5,36,10,32,9,7,0,20,26,14,13,3,22,33,8,31,18,2,4,46,42,29,11,34,27,28,44,43,38,49,35,39,41,24,17,45,6,1
265;317;20186;4527;37,21,49,5,1,35,44,34,11,41,38,15,29,39,9,45,25,6,7,40,43,13,4,14,18,12,42,8,16,17,24,27,30,28,26,31,32,23,46,48,0,20,22,33,10,2,3,36,19,47
266;239;17482;3926;37,8,22,47,26,3,11,17,33,31,20,14,13,29,18,10,23,25,36,2,7,9,21,32,0,40,12,15,4,42,16,30,28,19,44,34,27,46,5,41,49,39,1,38,35,43,24,45,48,6
267;246;19178;4474;40,15,26,31,20,22,25,36,23,10,3,9,21,47,12,32,2,0,7,19,49,1,44,35,46,16,28,42,6,45,27,43,38,4,30,8,24,48,5,37,39,14,33,13,11,34,18,17,41,29
268;237;10505;2361;26,48,33,1,35,42,28,31,3,22,49,46,30,20,19,4,43,12,16,47,0,10,23,32,2,25,6,36,7,45,27,38,39,34,41,17,40,9,37,11,8,44,5,29,14,13,24,18,15,21
269;250;20325;4566;45,43,12,23,25,46,27,4,6,35,10,2,41,49,0,44,28,1,24,8,7,48,5,32,14,18,39,13,30,34,38,42,36,16,47,29,33,9,37,15,3,40,19,21,22,17,26,31,11,20
270;315;26422;5938;19,21,44,6,28,45,23,11,37,1,27,15,29,41,9,47,36,40,43,12,17,35,46,24,16,25,39,42,49,38,34,0,7,32,4,2,14,10,48,33,30,3,20,31,18,26,22,13,5,8
271;235;11478;2586;0,27,29,18,40,14,15,7,9,21,8,45,28,32,6,12,4,42,16,44,43,41,11,49,35,1,39,38,17,24,34,37,5,13,19,48,2,25,3,20,26,46,23,10,31,30,33,36,22,47
272;286;15517;3497;31,23,45,12,22,28,26,6,33,30,3,20,25,48,10,21,9,15,40,47,7,46,19,32,16,36,35,42,49,0,2,38,1,27,5,24,18,37,13,11,39,44,41,17,29,34,43,14,4,8
273;274;17598;3944;5,48,8,15,11,40,29,18,13,37,21,46,30,14,19,39,38,17,34,25,26,20,33,36,47,23,22,10,3,31,2,16,4,12,28,32,24,9,1,6,49,7,27,45,35,0,42,43,41,44
274;279;18684;4222;1,11,8,37,27,13,41,18,6,43,45,28,29,14,44,21,23,15,19,33,22,24,17,3,20,26,7,31,2,0,32,5,9,40,48,38,46,47,10,16,42,12,30,39,36,34,4,35,25,49
275;244;15465;3459;23,46,4,21,15,40,37,16,25,42,9,19,39,12,2,17,11,29,38,22,34,10,48,31,3,33,36,20,30,26,47,18,13,8,14,43,24,5,41,6,27,0,7,49,35,45,32,44,28,1
276;242;13361;3022;5,46,11,27,28,44,35,39,37,41,1,23,19,38,25,49,45,6,43,36,31,48,10,3,33,47,30,20,22,26,34,24,29,17,9,16,7,42,8,4,0,40,15,12,18,2,21,32,13,14
277;253;14675;3298;23,0,40,37,9,21,4,16,25,12,15,19,32,42,46,39,27,45,34,30,26,10,33,3,22,48,36,20,31,2,47,7,14,18,8,43,38,11,6,5,49,17,13,44,41,24,29,35,28,1
278;248;13498;3031;5,23,4,21,40,16,29,18,13,14,12,19,25,8,46,32,43,7,0,2,26,10,36,3,22,47,48,20,33,31,30,42,37,15,9,39,45,28,35,41,38,24,11,44,1,34,17,27,6,49
279;282;13157;2964;20,22,12,15,21,25,48,4,33,10,37,3,40,30,31,11,5,29,17,18,32,26,13,0,7,8,36,14,47,2,16,23,46,19,43,45,24,9,6,38,39,49,35,27,1,34,42,44,28,41
280;257;15832;3557;31,30,37,18,8,16,40,13,3,22,14,26,21,33,20,12,9,15,4,48,29,10,25,19,46,5,36,23,47,17,24,2,32,7,11,49,42,28,1,6,39,43,41,35,38,34,0,45,44,27
281;230;17358;3927;43,48,8,49,12,40,5,14,13,4,16,30,6,18,47,27,1,28,45,10,33,22,26,31,20,36,32,3,7,2,0,24,44,41,35,17,38,23,9,21,39,19,46,29,15,34,42,11,25,37
282;251;18258;4137;23,46,18,8,13,26,5,33,48,29,30,19,25,20,10,39,41,38,34,6,49,47,36,43,35,31,2,14,7,0,32,17,37,24,3,27,4,11,15,40,42,1,28,44,9,45,22,16,21,12
283;268;17641;3951;48,6,20,37,25,33,10,22,46,23,31,5,30,3,28,47,26,36,43,49,45,41,11,44,27,35,39,1,38,24,34,17,29,19,9,42,2,13,18,12,32,15,40,16,4,7,21,0,8,14
284;188;15429;3468;29,23,12,37,17,40,13,30,21,15,9,5,14,26,25,45,43,6,0,10,7,46,19,49,32,48,47,35,36,42,16,33,31,20,3,2,27,8,44,11,38,22,18,39,41,34,4,24,28,1
285;220;11191;2527;25,33,9,11,29,24,34,21,37,39,17,7,31,15,12,48,5,30,10,16,26,8,14,47,36,43,18,13,40,2,4,38,44,41,1,0,42,22,23,28,35,45,27,6,3,49,32,46,20,19
286;229;20745;4672;35,44,2,30,40,3,11,49,6,28,22,41,43,0,1,8,13,18,14,45,17,4,9,16,24,27,39,12,38,42,34,26,20,31,37,36,7,15,29,23,46,47,25,10,19,48,33,32,21,5
287;295;33479;7504;37,21,43,28,27,38,5,4,11,41,1,15,12,44,9,42,6,45,16,39,34,8,18,17,24,40,13,29,14,7,32,22,26,3,30,2,49,25,19,48,36,33,20,10,46,0,31,35,23,47
288;257;19903;4487;23,46,22,47,36,30,25,3,10,20,26,48,19,31,5,13,37,33,42,6,45,41,44,38,27,28,43,1,35,49,24,17,11,29,21,7,16,14,18,9,2,39,15,32,40,0,34,4,8,12
289;263;11909;2675;40,43,42,29,37,21,41,16,9,11,15,49,44,12,39,45,6,1,27,13,32,18,8,7,0,4,17,14,2,24,34,38,5,25,23,48,22,35,30,20,36,46,33,10,31,47,19,26,28,3
290;302;18814;4243;46,10,9,30,5,44,48,40,28,1,41,23,26,27,19,8,14,13,18,31,3,15,37,22,20,33,21,11,29,17,24,34,38,39,35,49,43,25,36,7,2,42,6,32,16,0,45,4,47,12
291;165;11205;2511;41,15,16,2,0,42,1,4,43,38,49,44,11,12,9,5,35,37,13,39,34,18,8,7,32,21,40,14,29,17,24,45,27,6,19,3,36,28,30,10,33,46,23,20,48,31,22,26,25,47
292;258;14394;3247;8,12,44,28,5,27,13,38,14,43,1,18,16,41,4,19,23,25,47,37,34,21,9,39,11,42,40,15,29,17,24,49,6,35,30,32,22,46,10,33,31,7,48,0,26,2,45,3,36,20
293;249;21515;4818;36,16,46,37,33,30,25,31,23,10,48,47,12,20,19,17,11,29,24,22,40,28,3,15,21,26,27,9,1,42,45,32,6,7,4,49,44,35,13,14,39,2,18,43,8,34,0,38,5,41
294;265;13922;3169;19,48,25,27,28,49,6,16,23,45,35,46,30,42,33,13,5,14,43,7,0,10,36,2,32,47,20,26,31,3,22,38,4,12,15,34,18,1,37,29,24,21,9,39,11,17,40,8,41,44
295;279;28057;6276;3,33,45,12,28,27,0,23,2,6,38,31,22,25,20,39,7,32,34,49,42,48,10,16,35,19,30,46,36,47,26,4,5,43,13,40,44,41,9,21,24,8,14,29,15,17,18,11,1,37
296;180;10525;2374;37,8,25,22,3,10,26,36,33,31,20,14,13,47,18,39,48,30,34,9,4,15,21,16,12,40,7,42,2,0,32,23,46,19,28,35,38,29,11,44,17,45,6,1,49,24,27,43,5,41
297;266;19721;4433;25,31,15,1,45,37,28,40,12,9,27,3,22,21,33,49,6,35,38,26,16,30,23,36,47,20,19,10,48,46,42,24,29,17,11,2,43,41,13,8,0,18,44,39,14,34,4,32,5,7
298;315;11841;2675;20,22,48,21,29,46,23,30,33,5,19,3,40,10,31,12,37,25,4,18,13,47,36,14,8,26,0,16,2,7,32,42,9,15,6,49,17,28,44,1,39,27,35,38,41,34,45,24,11,43
299;291;15645;3506;22,11,23,33,31,19,3,5,48,20,10,28,30,46,6,47,25,36,26,49,45,41,44,27,43,35,39,1,38,24,34,17,37,29,13,7,42,21,9,4,2,18,8,32,40,0,14,16,15,12
300;351;36572;8178;37,6,4,29,21,40,25,42,15,12,16,28,17,9,11,32,2,0,7,49,24,1,44,38,43,35,27,41,45,39,34,36,19,47,46,26,14,23,13,20,22,48,10,31,33,3,30,18,5,8
301;261;11137;2508;6,35,27,9,28,48,41,30,44,1,5,38,12,45,39,17,16,42,24,49,32,8,13,0,7,43,4,14,18,2,34,3,33,31,22,26,40,11,15,23,19,10,46,36,25,47,20,29,37,21
302;258;19630;4418;36,48,40,25,46,21,23,0,47,19,29,10,5,32,30,12,43,16,4,13,14,20,26,18,8,7,22,33,31,3,2,37,11,15,28,45,17,42,41,1,39,35,6,27,44,34,49,24,9,38
303;253;14530;3257;36,16,22,29,46,40,25,3,10,23,19,47,12,20,26,49,35,42,0,43,2,14,33,18,4,31,5,8,13,30,48,21,15,37,9,17,6,11,41,1,39,32,44,24,27,34,7,45,28,38
304;250;11564;2622;13,23,16,37,25,17,29,40,14,8,21,19,5,18,46,32,24,7,0,47,30,20,10,26,48,36,22,33,3,31,2,42,11,15,12,38,45,28,35,41,49,43,9,39,44,34,4,27,6,1
305;293;18869;4222;21,37,49,4,25,16,40,42,6,43,12,15,29,35,28,23,5,19,46,11,34,1,44,38,39,9,45,41,27,24,17,36,26,47,13,7,48,22,20,3,2,18,8,32,31,0,14,33,30,10
306;245;17433;3917;29,27,18,42,16,43,5,8,12,13,14,37,28,4,40,19,23,25,47,41,24,9,44,17,38,1,21,11,15,39,34,49,6,35,30,32,22,46,10,33,31,7,48,0,26,2,45,3,36,20
307;250;17988;4247;47,3,5,12,16,23,40,30,36,10,25,20,22,48,26,27,28,6,45,31,7,8,13,32,43,33,4,14,18,0,2,46,29,19,42,39,1,21,9,37,17,38,49,11,41,34,35,24,15,44
308;209;13228;2978;31,25,12,6,28,21,3,5,33,37,15,20,22,13,23,45,1,27,38,49,26,46,35,48,30,19,47,10,36,42,16,40,4,9,8,32,24,44,11,2,39,14,18,0,43,34,7,17,41,29
309;321;23667;5328;13,28,34,37,29,2,18,38,8,11,17,14,5,39,35,21,15,9,40,41,24,27,1,49,43,44,45,6,0,32,7,4,12,30,48,31,42,25,19,10,36,3,33,20,46,26,22,16,23,47
310;227;14879;3352;47,30,18,6,28,40,5,7,13,8,29,26,36,14,32,37,25,21,15,33,22,23,10,20,3,48,19,31,46,2,0,43,49,35,16,17,4,44,41,1,39,27,42,24,9,34,45,38,11,12
311;221;12239;2754;20,26,38,46,35,6,22,39,3,49,41,31,10,43,33,36,37,11,47,48,32,18,30,0,7,5,13,14,8,2,34,44,1,28,4,42,29,23,19,9,17,27,12,16,40,24,45,21,25,15
312;303;18085;4302;41,49,15,35,28,37,6,44,9,1,11,40,5,21,29,16,22,12,42,43,2,14,8,0,4,13,17,18,7,32,24,39,38,34,25,47,3,19,33,10,30,45,23,36,48,26,27,31,46,20
313;197;10919;2460;20,49,8,48,5,30,26,4,33,14,13,41,35,18,43,7,36,10,32,31,24,6,28,22,3,44,45,1,27,0,2,17,37,11,40,34,47,29,25,15,42,38,9,12,21,16,39,46,23,19
314;191;13817;3103;1,44,30,25,19,10,9,48,27,28,23,41,24,5,43,29,37,11,17,6,7,35,42,0,32,46,39,45,49,34,38,36,26,47,20,2,13,15,40,16,18,31,22,33,12,4,3,8,21,14
315;251;19276;4311;23,21,33,3,28,22,10,11,25,20,31,15,29,37,19,24,1,27,17,6,45,38,35,0,42,46,39,49,7,32,34,48,41,5,30,43,2,44,40,12,14,47,26,16,13,4,36,18,9,8
316;254;16863;3791;42,6,40,25,16,4,29,9,37,21,12,45,28,15,27,32,14,7,0,1,17,35,44,24,43,11,39,41,49,38,34,8,13,18,5,26,47,23,46,20,31,48,33,22,10,3,30,2,19,36
317;256;19311;4330;3,48,16,23,25,40,22,47,20,10,12,33,5,36,31,39,37,38,34,30,13,4,43,14,8,26,2,18,7,32,0,46,29,19,6,27,11,35,41,44,17,45,28,1,9,24,42,15,49,21
318;295;23016;5164;25,19,39,11,37,9,21,16,40,12,15,23,29,42,46,18,8,4,2,22,26,10,36,31,3,47,48,20,33,30,34,17,35,38,41,49,14,5,28,27,32,44,1,45,6,0,24,7,13,43
319;300;27427;6189;15,6,1,11,41,38,25,27,12,9,44,21,23,28,45,20,10,22,3,19,24,0,35,17,29,49,7,46,32,42,16,40,36,47,37,4,31,5,33,8,2,14,39,18,13,34,43,26,48,30
320;219;13092;2931;37,34,27,12,9,40,4,49,28,6,45,11,29,35,39,16,32,7,42,44,18,5,41,14,8,1,38,13,43,24,17,15,25,21,23,3,0,19,46,10,30,20,33,31,48,26,22,2,47,36
321;271;25193;5656;45,28,25,38,49,13,6,46,0,35,5,27,1,23,19,43,44,41,24,2,22,10,36,20,3,47,48,31,33,26,30,32,14,7,8,40,17,37,29,4,16,15,18,9,12,42,21,34,11,39
322;311;14236;3214;14,13,3,2,33,20,43,22,18,4,31,8,5,28,41,7,38,39,34,11,27,15,29,44,1,37,40,9,21,24,17,26,12,30,19,42,32,25,10,46,0,36,47,35,48,49,16,45,23,6
323;260;14023;3149;9,44,17,25,37,16,11,24,15,21,12,1,28,27,41,18,29,40,4,35,34,6,42,38,39,43,45,49,0,32,7,14,13,8,22,36,46,5,19,20,10,47,3,31,33,2,26,48,23,30
324;224;13985;3137;2,3,13,40,37,23,14,48,18,8,5,20,22,33,31,49,41,11,43,25,26,12,4,36,47,10,39,16,30,38,34,46,29,19,21,7,17,35,28,27,45,15,9,32,1,0,42,24,44,6
325;213;16980;3831;28,6,33,48,5,20,41,31,26,22,30,1,24,3,44,42,46,35,49,27,0,18,8,2,45,13,14,4,43,32,7,10,19,23,11,25,17,29,40,21,39,47,37,38,15,34,36,16,9,12
326;286;18074;4065;37,47,48,18,8,33,13,46,23,10,5,36,26,19,25,29,11,14,17,40,34,15,21,38,39,30,4,9,12,16,42,2,31,20,3,0,24,41,1,6,7,49,22,43,28,32,35,45,44,27
327;344;23936;5431;17,11,14,4,18,13,29,7,0,5,8,28,9,32,6,15,37,40,21,45,34,41,1,38,39,27,43,44,35,49,24,42,12,16,47,26,33,25,19,31,20,30,36,3,10,22,2,48,23,46
328;219;11666;2636;35,47,45,28,1,32,49,27,25,6,0,36,37,23,46,44,41,11,43,29,40,12,4,15,21,19,16,9,42,17,24,7,10,38,22,26,39,48,33,2,13,31,20,30,14,34,3,8,5,18
329;246;13482;3036;41,27,16,17,40,47,9,35,24,12,36,1,28,42,44,26,31,3,22,18,2,6,49,43,4,8,45,14,7,0,32,38,5,13,11,30,20,25,37,21,19,34,29,48,15,46,39,10,33,23
330;206;10962;2469;13,25,3,14,43,17,37,20,33,22,29,5,12,31,23,21,9,15,40,19,42,46,48,16,49,30,10,35,36,47,26,7,28,6,44,32,4,11,41,24,39,27,1,0,38,34,45,2,8,18
331;177;8407;1899;33,3,25,8,18,38,2,19,5,13,14,31,22,23,20,43,12,4,49,35,42,48,10,16,46,39,30,36,47,34,26,37,45,27,28,24,40,6,1,15,0,29,11,7,21,32,17,44,41,9
332;291;29883;6695;15,21,5,28,6,45,9,43,44,1,27,37,40,41,11,35,12,4,49,39,34,8,18,32,0,29,13,7,14,17,24,38,22,2,3,30,16,23,19,10,36,31,20,48,46,26,33,42,25,47
333;231;14561;3278;28,41,21,37,25,16,23,27,19,15,12,44,11,9,1,48,10,5,30,6,32,42,35,0,7,46,39,45,49,34,38,43,36,47,4,13,20,40,33,2,17,8,18,26,31,24,14,22,29,3
334;249;12248;2748;35,49,24,37,11,44,28,38,27,1,41,6,25,17,45,47,19,29,36,40,34,15,9,16,39,12,0,21,42,7,32,43,2,4,5,13,22,23,10,48,31,14,18,30,33,26,8,3,46,20
335;249;15052;3440;13,25,17,1,6,24,28,19,37,27,45,5,35,29,23,41,44,11,38,30,47,33,48,26,36,46,20,10,31,3,22,42,15,21,40,7,43,9,16,2,34,18,8,32,4,0,14,39,12,49
336;189;12897;2911;28,19,1,21,15,44,37,45,6,11,41,5,29,27,23,17,8,13,24,30,2,10,48,26,0,46,22,33,20,31,3,32,25,7,47,49,18,9,12,16,39,35,36,42,43,34,38,4,40,14
337;278;16601;3733;19,25,6,9,44,43,28,45,5,1,41,23,12,27,47,21,26,15,40,10,30,42,16,38,48,36,49,46,35,39,34,24,32,0,17,8,22,29,37,4,31,14,13,18,33,2,7,3,11,20
338;227;10722;2417;23,0,45,5,38,1,25,28,35,49,27,19,42,6,46,4,32,12,16,36,2,48,10,31,33,47,30,20,22,3,26,43,44,41,24,14,40,11,37,17,39,8,18,7,29,34,13,21,9,15
339;244;14814;3334;44,24,12,21,15,25,28,16,9,11,37,1,17,27,41,3,29,40,22,43,49,45,38,0,35,42,39,6,7,32,34,4,47,36,14,30,20,19,46,18,2,5,8,48,33,26,13,31,23,10
340;215;16292;3642;20,3,5,46,19,47,6,33,10,23,36,22,28,48,31,49,25,35,43,26,7,8,18,32,14,30,27,13,45,0,2,4,12,16,40,17,44,42,37,29,39,21,9,24,11,34,15,38,1,41
341;291;15233;3431;9,44,23,37,12,16,11,27,15,21,25,1,41,19,28,17,43,29,24,6,7,42,35,0,32,46,39,45,49,34,38,40,36,47,10,30,4,22,31,33,8,48,20,26,18,13,5,2,3,14
342;274;18740;4223;26,47,19,5,48,46,30,18,14,13,33,36,25,8,37,32,35,38,7,17,34,15,21,40,39,29,4,9,12,16,42,10,20,23,31,27,24,11,44,28,49,2,3,45,6,0,22,43,41,1
343;253;13210;2974;30,39,45,28,4,27,7,0,12,6,2,48,5,32,38,37,11,15,21,25,34,46,19,36,47,23,49,10,35,16,42,1,9,41,44,26,29,40,18,20,17,3,31,22,14,24,43,13,33,8
344;250;14029;3157;29,6,12,18,8,40,13,9,37,15,21,28,5,4,11,16,14,43,42,44,45,35,49,38,27,41,24,1,39,34,17,0,7,32,2,36,22,25,19,31,47,48,33,10,20,26,30,3,23,46
345;256;19684;4435;46,10,24,30,19,44,47,1,48,5,28,23,36,41,25,31,20,3,26,43,34,6,35,38,39,27,45,49,0,32,7,42,12,16,9,4,22,15,21,40,2,8,14,18,29,17,13,33,11,37
346;161;7914;1780;40,25,28,1,27,6,9,42,21,15,45,23,12,35,19,39,49,38,34,46,22,30,48,3,20,16,36,31,10,26,47,44,41,5,11,24,2,33,18,14,32,17,37,43,13,7,29,0,4,8
347;239;11390;2572;20,3,19,9,15,17,37,21,10,23,29,33,22,25,31,32,42,7,0,26,36,14,13,16,47,12,8,40,18,4,2,30,46,48,5,38,27,11,6,41,24,39,35,49,44,43,34,45,28,1
348;274;15846;3568;44,6,38,12,9,16,1,39,41,5,42,27,28,35,45,17,29,11,24,49,0,18,8,32,2,13,43,4,14,7,34,30,46,48,3,26,40,33,25,10,19,20,31,36,23,47,22,21,37,15
349;226;11457;2577;31,28,37,4,18,13,40,30,20,33,8,3,2,26,22,0,6,14,43,44,45,41,11,38,27,9,17,1,39,24,34,5,29,48,21,46,49,12,10,23,16,7,15,19,47,42,32,35,25,36
350;244;17923;4039;47,26,21,37,25,27,42,38,9,15,45,16,36,40,12,48,10,5,33,30,13,2,4,14,8,39,0,18,32,7,34,29,23,19,46,24,31,6,11,1,22,49,35,44,41,43,17,3,28,20
351;208;9706;2189;18,13,23,12,15,30,9,46,4,5,48,8,14,19,2,38,39,41,43,44,32,35,28,0,7,1,27,6,49,45,42,33,31,3,20,17,16,10,37,26,34,40,21,29,11,24,22,47,25,36
352;319;22418;5026;37,14,40,27,41,9,28,24,11,44,1,13,43,17,8,6,29,45,0,4,34,20,33,2,39,18,3,30,31,26,22,38,48,5,10,16,32,12,15,46,49,47,25,35,23,42,36,7,21,19
353;215;12858;2897;38,34,42,25,37,16,4,17,11,12,15,39,43,9,41,8,18,14,13,44,24,27,1,49,35,28,45,6,0,32,7,21,29,40,22,33,47,5,19,10,30,31,3,20,46,48,2,26,23,36
354;247;18957;4273;21,42,6,16,12,46,40,27,29,28,19,15,37,45,9,20,31,3,22,11,34,35,44,38,39,1,43,41,49,24,17,4,23,25,5,7,33,10,47,8,0,13,48,14,18,32,30,2,36,26
355;256;22030;4944;10,19,26,37,33,18,20,47,31,3,22,23,46,36,25,27,28,6,45,9,42,4,12,15,21,40,2,16,0,32,7,14,17,29,11,24,30,8,1,44,39,49,35,41,5,34,43,38,13,48
356;219;19583;4397;44,5,24,11,15,4,30,27,28,9,12,43,48,1,41,25,19,23,10,42,34,6,35,38,39,46,45,49,0,32,7,17,21,29,37,14,20,16,47,33,31,8,40,18,26,2,13,3,36,22
357;244;12595;2837;49,7,12,21,15,40,6,16,0,45,9,32,26,42,35,29,37,5,17,23,47,48,46,36,19,25,30,10,38,39,34,4,2,27,33,14,11,20,1,3,44,8,31,13,22,43,18,24,28,41
358;238;17995;4019;44,11,27,23,5,46,35,45,6,28,19,41,49,1,29,8,25,37,13,15,7,42,9,32,0,21,17,38,39,34,24,43,30,48,10,31,14,12,16,33,47,3,20,2,36,26,22,40,4,18
359;263;14422;3249;11,28,14,18,8,5,37,7,17,29,13,0,2,32,6,3,31,22,26,1,45,43,41,38,27,44,35,24,49,39,34,30,33,48,10,36,4,20,21,25,16,19,23,47,40,42,46,12,15,9
360;272;13841;3122;23,25,3,30,33,26,48,2,10,20,22,19,12,31,46,21,15,29,40,14,32,35,43,0,7,6,36,49,47,16,42,28,5,13,41,38,18,37,11,44,39,27,1,24,17,34,45,4,9,8
361;226;10181;2307;21,25,27,44,6,45,12,40,15,9,1,23,29,28,19,32,24,17,7,46,22,36,10,3,20,35,16,31,47,26,42,30,33,48,5,2,49,37,41,8,39,18,13,0,14,34,4,38,11,43
362;215;14015;3144;14,5,25,12,4,37,8,36,18,40,16,13,29,47,2,15,9,21,42,23,22,10,46,20,3,19,48,31,33,26,30,17,43,24,28,45,39,41,44,49,7,6,1,0,35,32,27,34,11,38
363;257;19407;4396;11,41,42,19,46,40,37,27,15,21,29,44,28,9,1,47,23,25,43,6,7,38,35,0,32,45,39,49,17,24,34,16,4,12,8,2,36,5,30,22,3,14,13,33,20,31,18,26,48,10
364;301;23839;5339;5,35,11,37,18,29,13,34,14,8,17,28,2,39,38,48,33,4,30,44,43,27,1,0,49,41,24,6,45,32,7,21,9,15,19,16,31,12,23,22,26,42,46,47,3,36,40,10,25,20
365;230;17349;3923;9,16,33,20,22,3,26,21,15,11,31,12,30,37,40,39,36,47,34,24,32,4,17,7,0,29,8,2,18,14,13,42,28,19,43,49,10,44,41,23,38,35,6,27,25,45,46,48,1,5
366;269;18999;4277;44,24,14,4,18,13,28,30,27,5,8,1,11,48,41,29,33,37,17,35,2,45,6,0,49,43,39,38,7,32,34,26,36,47,10,22,40,25,12,23,16,20,31,46,19,42,3,21,9,15
367;233;10872;2436;28,27,30,20,31,33,22,4,9,3,18,1,11,12,44,17,26,40,24,35,34,6,43,38,39,41,32,49,45,0,2,48,46,5,37,7,36,23,25,21,16,8,15,14,19,42,13,47,10,29
368;292;16884;3806;25,46,14,37,21,17,40,5,18,8,29,19,16,13,23,49,43,35,42,2,22,10,36,20,3,47,48,31,33,26,30,7,0,32,11,38,4,15,9,44,27,39,41,24,1,45,34,6,12,28
369;285;17703;3976;22,33,24,48,30,5,26,6,28,1,41,3,20,44,31,39,37,11,34,27,7,18,8,32,45,13,4,14,43,0,2,49,38,35,17,21,36,10,25,12,16,9,29,15,46,42,40,47,23,19
370;256;13359;3006;22,31,18,15,11,40,37,29,2,8,21,3,25,14,33,24,39,17,34,13,30,19,23,48,5,20,36,46,10,26,47,7,0,32,4,43,38,9,28,6,27,42,12,49,35,45,16,44,41,1
371;278;21929;4930;14,13,12,29,23,46,37,4,40,25,19,8,5,16,18,24,11,17,43,47,22,10,48,3,26,36,33,30,20,31,2,21,9,15,27,32,41,28,1,6,39,7,45,0,49,34,42,38,44,35
372;243;15576;3497;9,41,19,23,25,37,12,29,28,15,21,44,6,11,1,36,40,47,43,46,49,38,45,42,35,27,17,16,39,34,24,0,7,32,14,2,26,5,48,13,3,18,8,33,20,31,4,22,10,30
373;175;14558;3269;37,9,3,19,11,22,17,2,33,29,20,15,42,31,21,39,7,30,34,13,4,18,8,16,12,26,40,14,36,47,43,44,46,28,35,45,38,23,10,24,32,6,1,49,41,0,27,5,25,48
374;215;17333;3907;23,36,8,21,25,40,19,18,5,13,29,47,46,14,26,15,28,37,11,22,0,10,20,2,3,30,48,31,33,32,7,16,4,12,9,38,35,6,27,41,17,39,42,43,1,24,34,49,45,44
375;242;15982;3591;1,45,11,37,25,19,23,44,9,15,21,27,12,28,6,7,16,32,0,43,34,48,5,38,39,41,46,30,35,49,42,24,29,17,4,13,2,33,20,22,47,8,18,14,3,26,40,36,10,31
376;266;18260;4101;20,46,28,33,22,1,48,27,31,3,6,10,30,45,23,32,2,0,7,25,42,21,9,16,12,19,36,15,40,47,26,35,38,49,5,17,18,44,37,11,39,43,41,29,13,34,24,14,4,8
377;223;10572;2368;48,25,3,41,6,28,33,26,20,31,22,23,5,30,10,4,12,2,0,43,16,35,46,36,47,19,39,42,49,34,38,45,1,27,9,24,18,44,37,29,32,21,15,17,14,7,40,8,11,13
378;194;12092;2711;37,9,18,20,6,31,5,14,13,7,33,21,40,8,15,19,23,32,45,29,17,11,41,24,27,43,28,1,44,22,3,4,0,2,49,34,47,12,26,46,16,39,35,30,48,42,38,36,25,10
379;231;13921;3114;15,45,17,1,27,24,9,29,21,40,41,12,6,5,48,32,44,28,0,38,49,10,23,42,35,25,36,46,19,16,47,39,37,11,30,4,7,26,8,31,18,22,20,33,3,2,34,14,13,43
380;246;18571;4174;46,19,3,0,22,18,48,2,30,20,33,23,32,31,10,35,6,7,49,26,36,9,21,42,47,25,12,15,40,16,4,29,37,17,8,24,45,11,44,5,38,43,13,39,41,34,14,27,28,1
381;263;11808;2660;10,19,33,20,30,4,46,15,5,48,12,23,29,37,25,2,9,42,0,18,7,13,8,14,32,21,36,40,16,47,26,31,22,3,28,43,24,11,44,35,39,45,6,49,1,34,27,38,17,41
382;237;10736;2431;37,17,36,22,20,3,33,47,23,10,31,29,46,25,19,35,28,6,49,2,7,9,12,32,0,4,21,40,15,42,16,26,45,27,48,8,43,11,44,18,39,13,5,14,38,34,30,24,1,41
383;231;15051;3410;14,13,4,21,25,12,29,46,23,40,16,8,5,19,18,11,28,37,17,36,2,33,48,26,30,47,20,10,31,3,22,42,9,15,43,34,7,44,1,35,0,39,41,49,6,24,38,32,27,45
384;330;25458;5799;1,41,15,20,33,19,27,3,9,37,31,44,5,28,11,49,46,35,42,22,43,14,29,40,26,21,13,18,8,17,24,7,6,23,25,2,48,47,36,12,38,0,45,4,16,34,32,39,10,30
385;154;13379;3050;25,21,45,1,44,3,23,42,9,19,28,15,37,27,12,31,20,10,33,8,32,40,18,7,13,4,36,14,26,47,16,22,29,11,46,34,2,30,5,38,43,24,35,39,41,49,17,0,48,6
386;259;31388;8458;40,23,12,17,37,4,29,16,21,15,9,19,25,42,46,8,13,18,14,47,26,3,22,10,36,2,33,31,20,48,30,34,11,39,28,45,7,5,49,41,43,1,44,38,6,24,27,32,35,0
387;261;14645;3373;44,37,6,38,5,29,41,45,1,28,43,11,39,27,9,35,12,49,34,13,4,40,21,18,8,15,0,14,2,7,32,17,22,24,26,20,16,25,19,48,46,31,33,30,10,42,3,36,23,47
388;273;15825;3687;39,12,41,21,11,28,37,27,9,15,44,25,4,1,38,36,47,43,2,6,7,16,49,32,0,35,17,45,42,34,24,40,19,29,46,22,14,23,18,33,26,48,10,20,31,3,30,13,5,8
389;188;9203;2122;22,31,5,43,41,37,6,47,26,23,11,20,3,25,33,1,44,28,27,36,34,30,48,38,39,10,7,45,2,0,32,49,46,35,14,42,24,13,4,21,40,29,18,16,15,17,19,9,8,12
390;279;12279;2820;9,12,44,6,28,45,23,29,19,1,27,21,40,41,15,20,10,22,3,47,42,11,37,16,36,25,17,38,39,34,24,49,46,35,43,32,31,5,30,8,14,2,4,18,13,7,0,26,48,33
391;219;9178;2114;20,26,19,28,6,43,22,46,3,47,29,10,36,23,31,45,27,35,49,48,2,18,33,0,30,5,14,8,13,32,7,44,41,1,40,17,4,11,25,15,42,9,21,39,38,34,24,16,37,12
392;200;13000;2988;48,23,3,37,11,31,10,28,30,20,33,5,25,22,44,12,9,15,49,6,7,27,1,32,0,41,38,45,39,34,24,2,13,26,8,43,35,17,29,36,42,14,18,47,40,16,4,46,21,19
393;219;13180;3021;14,18,1,20,31,27,43,44,26,3,28,8,29,22,13,4,36,47,2,33,17,41,11,30,48,37,39,5,38,24,34,10,25,23,19,7,16,9,12,45,42,15,46,32,6,0,21,49,40,35
394;229;16120;3668;29,47,40,28,11,9,37,42,21,15,12,25,17,16,36,13,35,5,24,19,26,22,10,48,30,23,3,46,20,33,31,34,38,39,8,2,49,1,44,27,32,18,14,7,45,0,4,43,41,6
395;271;19742;4481;27,41,46,31,33,23,35,19,28,3,20,1,38,22,44,6,25,45,49,9,34,11,37,40,39,42,29,15,21,17,24,5,10,48,30,16,43,13,18,14,0,47,26,7,2,32,36,4,8,12
396;230;10650;2476;36,30,40,25,5,21,23,8,47,19,29,48,46,13,10,35,6,43,49,20,0,31,33,2,22,26,14,3,18,32,7,16,12,4,15,17,45,28,41,11,24,9,37,39,38,34,42,27,44,1
397;272;13525;3093;35,47,5,11,37,44,6,27,28,1,41,25,38,45,36,39,17,24,34,19,22,10,46,20,3,23,48,31,33,26,30,43,13,49,2,14,42,29,21,8,16,7,0,18,12,4,32,40,15,9
398;210;19395;4401;12,3,21,31,20,48,18,37,30,33,5,4,40,15,28,13,2,8,26,22,34,1,44,39,11,9,27,41,38,24,17,10,25,23,45,0,43,29,19,35,16,32,6,49,46,42,7,47,14,36
399;252;21545;4871;23,7,28,21,15,42,6,46,45,27,37,32,25,19,0,12,9,40,16,22,26,20,33,36,47,2,10,3,31,30,48,35,29,49,5,17,4,11,44,41,39,14,13,24,8,34,43,38,1,18
400;325;27086;6126;3,11,25,46,19,10,31,36,20,26,23,22,33,47,37,8,13,18,14,17,4,9,40,16,12,29,21,42,15,39,34,38,48,30,28,45,43,5,44,6,32,27,1,2,35,0,24,7,41,49
401;223;15439;3520;5,23,4,40,37,18,20,12,13,33,8,25,19,26,47,15,29,9,21,38,34,10,48,49,39,30,36,35,46,42,16,14,31,43,3,0,17,11,44,6,7,22,28,45,27,32,2,24,41,1
402;279;16885;3855;9,15,6,28,27,35,41,17,44,1,45,40,21,24,12,37,13,11,29,16,32,18,8,0,7,42,49,14,4,2,43,38,34,39,30,19,5,25,3,23,48,36,26,10,20,46,47,33,22,31
403;251;16791;3839;33,3,9,5,2,18,37,12,48,30,4,31,22,26,20,17,11,29,24,10,40,46,23,47,36,25,15,19,21,16,42,13,14,8,44,38,32,28,6,41,39,45,1,43,49,34,27,0,35,7
404;280;15910;3631;27,6,20,22,3,33,11,10,28,19,31,44,45,23,1,2,13,26,0,5,30,43,41,38,48,24,49,46,35,39,34,36,25,47,12,40,32,37,18,15,29,42,9,21,4,17,16,7,8,14
405;212;14822;3392;11,21,45,29,25,6,37,35,44,27,28,15,43,1,41,14,13,8,18,40,24,38,9,17,4,49,39,12,16,42,34,0,7,32,2,46,3,47,26,30,20,23,5,48,33,10,19,31,36,22
406;274;21791;4964;4,32,43,33,31,37,8,11,2,18,14,0,12,41,7,17,20,29,24,22,3,9,15,44,28,6,21,1,40,27,45,38,34,39,49,16,26,13,23,48,10,35,30,46,19,36,42,47,5,25
407;258;19150;4352;1,44,46,25,23,10,27,35,45,5,48,41,24,6,38,12,28,30,4,13,18,39,49,14,8,43,0,7,32,34,2,33,20,31,37,26,16,19,47,21,40,22,11,29,15,17,3,42,36,9
408;187;11830;2709;35,23,43,13,5,14,28,16,49,6,7,19,25,42,46,39,4,12,38,33,22,10,36,3,20,47,48,31,26,30,34,2,8,18,45,40,11,44,1,15,17,32,27,21,9,24,0,29,41,37
409;316;18965;4308;14,18,23,15,21,25,40,46,5,29,37,8,4,19,13,42,9,12,16,36,26,10,48,3,22,47,33,30,20,31,2,17,28,11,27,32,38,44,41,6,34,45,1,0,49,7,24,39,43,35
410;269;11804;2659;41,37,25,35,24,19,44,23,1,28,46,11,13,27,5,49,43,6,45,48,34,31,33,38,39,10,3,30,20,22,26,17,47,36,9,42,2,29,18,12,32,15,40,16,4,7,21,0,8,14
411;218;14612;3279;19,46,27,11,37,21,25,45,28,29,15,23,5,6,7,16,42,36,47,22,3,30,48,31,20,10,32,33,26,2,0,13,49,35,1,38,14,12,9,44,43,17,41,39,8,34,24,4,40,18
412;217;13667;3060;20,3,40,29,23,46,5,47,48,10,19,33,22,36,31,15,25,21,37,30,2,8,13,0,4,26,14,18,32,7,43,16,42,12,6,27,17,28,44,1,39,45,35,38,41,34,49,24,9,11
413;248;13891;3112;15,28,4,29,14,8,21,17,12,40,18,42,11,16,9,25,37,35,38,27,7,41,1,32,45,44,43,6,49,0,24,2,34,39,22,20,47,13,23,48,26,31,33,10,46,30,3,36,5,19
414;281;18818;4237;9,12,40,11,37,17,23,36,21,19,29,15,25,47,16,48,28,10,30,45,7,35,46,0,32,6,39,49,42,34,38,27,1,24,41,8,33,26,22,18,2,13,5,14,4,43,44,31,20,3
415;228;11742;2628;9,21,26,19,25,31,17,43,36,37,33,15,29,47,40,10,20,23,46,8,32,18,14,0,7,13,12,2,4,42,16,3,11,22,28,45,48,6,49,41,39,1,44,24,38,34,27,30,35,5
416;239;15854;3559;43,8,19,35,46,23,6,47,49,29,25,2,45,36,0,1,28,27,44,14,7,15,21,40,32,18,4,9,12,16,42,10,26,13,48,38,11,5,37,31,39,24,30,33,20,34,17,22,41,3
417;245;15047;3396;29,22,15,16,12,36,11,40,37,9,47,20,17,21,3,39,43,30,34,26,7,8,33,32,14,31,4,13,18,0,2,25,23,10,19,49,44,48,28,27,24,35,46,45,6,38,42,1,5,41
418;216;15703;3558;11,24,3,37,33,20,1,35,6,28,31,41,17,22,44,40,9,5,29,49,34,18,8,43,39,13,0,14,2,7,32,26,47,36,30,38,21,10,46,25,42,45,4,12,23,16,27,15,48,19
419;249;22030;4921;37,6,4,29,21,40,25,42,15,12,16,11,28,9,17,32,14,7,0,35,43,27,1,24,49,44,45,41,38,39,34,8,13,18,5,36,2,23,46,47,31,48,33,10,20,26,30,3,19,22
420;258;14694;3305;44,15,38,6,28,12,5,4,41,1,27,11,37,43,9,3,30,22,26,13,7,29,40,14,8,21,17,18,39,34,24,45,35,49,47,46,31,25,48,23,32,16,36,19,10,0,42,2,33,20
421;284;23884;5350;28,32,47,13,26,48,37,5,11,36,30,0,7,25,6,16,8,14,42,44,43,27,1,24,49,35,39,41,45,38,34,10,46,23,19,17,18,20,31,9,4,21,15,40,12,2,29,22,33,3
422;234;17431;3926;33,20,2,13,8,7,37,12,9,18,14,3,22,4,31,46,11,29,17,23,19,26,25,21,15,10,36,40,47,42,16,32,43,0,6,45,24,28,48,1,39,35,44,27,41,34,49,38,30,5
423;205;11593;2606;8,5,29,15,21,17,37,46,18,14,40,13,25,19,23,12,9,4,16,36,2,20,33,30,48,47,3,10,31,26,22,7,0,32,6,24,42,11,44,41,39,49,35,38,1,34,43,45,28,27
424;255;13705;3099;36,12,20,23,5,22,25,31,10,48,3,16,40,33,47,21,9,37,15,26,7,8,13,0,32,30,18,43,14,2,4,46,29,19,49,24,42,6,11,1,39,35,41,38,44,34,17,27,28,45
425;248;25832;5797;37,4,3,29,19,22,21,31,25,23,46,33,12,20,10,42,9,15,17,18,14,5,48,13,8,40,36,30,16,26,47,2,11,43,35,32,24,28,41,45,39,49,6,7,38,34,0,27,44,1
426;270;17133;3879;22,28,43,13,8,18,26,24,11,30,14,44,3,41,1,20,37,31,33,6,2,38,49,45,27,35,39,0,32,7,34,4,9,12,15,16,10,5,25,47,19,17,21,29,36,42,40,46,48,23
427;253;11338;2538;28,27,42,30,48,4,5,0,9,46,12,45,29,32,6,21,37,15,7,11,17,35,44,24,43,1,39,41,49,38,34,16,19,2,40,31,13,23,10,18,47,20,22,33,36,26,3,14,25,8
428;248;15395;3479;44,6,24,37,11,17,28,39,1,41,9,27,35,38,45,16,25,12,42,49,34,18,8,0,2,13,14,4,43,32,7,40,21,15,29,26,30,5,46,31,20,36,19,3,33,22,47,10,23,48
429;231;10648;2399;6,0,5,43,41,13,49,27,35,1,44,45,38,28,2,7,14,32,24,19,30,31,33,48,46,23,3,10,20,26,22,8,4,18,36,42,29,25,37,9,17,16,47,40,39,34,12,21,11,15
430;222;14809;3359;22,47,34,38,39,8,11,2,37,14,18,36,25,29,3,12,43,4,16,31,26,19,20,5,13,33,46,23,10,48,30,17,21,40,15,32,35,41,44,27,42,7,9,0,1,45,24,49,28,6
431;245;13809;3129;10,4,19,27,40,17,9,46,15,21,29,12,38,23,25,30,5,48,26,45,32,49,35,0,7,6,47,2,36,16,42,24,28,1,44,22,13,41,11,33,39,31,20,43,18,34,3,14,37,8
432;242;14900;3340;44,35,29,5,13,22,8,43,28,14,18,1,27,11,41,12,40,9,4,49,32,38,45,0,7,6,17,2,39,34,24,3,30,26,31,10,15,37,23,47,42,33,20,36,46,16,48,21,25,19
433;274;13137;2979;19,21,20,29,46,3,5,33,23,48,31,37,15,10,25,17,24,9,42,12,40,13,26,18,4,30,47,8,14,16,36,2,11,22,43,0,27,28,41,35,39,32,6,49,38,34,7,45,44,1
434;280;14906;3354;2,14,11,20,31,22,13,17,37,33,3,8,0,29,18,43,41,44,24,40,16,15,9,42,12,21,39,4,32,7,34,26,36,47,30,19,49,28,6,48,45,23,25,46,5,27,10,38,1,35
435;262;12583;2856;19,36,27,37,5,14,25,45,23,28,13,47,46,6,26,17,43,29,24,10,30,3,20,33,48,22,0,31,2,32,7,18,4,8,21,16,35,11,41,9,39,12,15,42,38,34,40,49,1,44
436;245;15907;3564;5,10,37,40,9,24,41,21,29,11,17,23,48,15,12,27,6,1,45,19,49,36,47,35,46,25,38,42,16,34,39,30,13,26,20,31,7,28,8,14,0,3,33,43,18,2,22,32,44,4
437;205;11471;2585;13,46,21,11,25,15,29,40,8,14,37,23,5,18,19,39,28,38,34,22,30,31,3,33,48,2,36,20,10,26,47,16,4,12,42,7,44,9,35,49,45,24,43,32,6,0,17,27,41,1
438;203;12612;2822;18,9,43,5,13,35,28,49,8,14,41,44,40,6,1,21,37,11,15,12,42,45,27,17,16,4,2,24,7,32,0,38,34,39,25,26,33,29,23,20,31,36,30,22,10,3,47,48,19,46
439;268;13595;3052;12,47,27,28,41,44,21,4,15,40,1,36,25,9,16,23,29,19,46,42,34,6,35,38,39,43,45,49,0,32,7,14,8,18,24,30,10,37,17,33,31,26,5,48,3,2,13,20,11,22
440;269;20681;4634;41,27,4,5,13,12,9,16,8,18,40,1,28,14,44,19,23,29,46,2,32,35,6,0,7,43,42,45,49,17,24,38,47,36,25,26,33,30,10,11,3,21,37,39,22,34,15,31,48,20
441;288;17929;4043;47,0,48,23,25,40,12,30,36,16,5,32,43,10,7,27,28,6,45,8,2,26,14,18,4,13,20,33,31,3,22,46,29,19,37,17,44,21,9,11,39,35,42,24,41,34,49,38,15,1
442;198;8534;1928;21,29,18,12,5,2,37,14,40,13,4,15,0,8,9,27,28,6,45,7,34,41,1,38,39,32,43,11,44,24,17,30,33,48,22,26,16,25,23,46,47,20,3,10,19,36,31,42,49,35
443;235;16665;3739;1,45,39,49,35,37,44,5,41,11,25,27,6,38,28,47,43,36,26,22,19,20,31,46,23,3,33,10,48,30,34,24,29,17,9,16,7,15,21,18,0,12,40,4,8,2,42,32,13,14
444;290;20093;4537;20,23,18,9,22,4,3,2,31,33,12,10,25,40,36,13,37,8,26,21,47,16,14,19,29,15,7,46,42,32,0,48,5,30,35,38,17,11,6,41,44,39,49,43,1,24,34,27,28,45
445;258;15032;3409;10,26,47,21,25,40,5,46,23,36,29,48,30,19,13,11,15,37,17,20,22,14,18,31,3,8,32,33,7,2,0,16,12,4,28,42,24,9,44,1,34,27,6,35,38,49,45,39,43,41
446;252;19119;4315;9,44,29,5,25,19,37,49,15,21,23,11,28,35,41,14,8,13,43,6,7,38,27,32,0,1,39,45,17,24,34,42,40,46,33,30,4,22,2,31,47,10,20,36,3,26,48,16,18,12
447;264;19145;4303;26,40,20,25,23,30,19,33,3,31,10,47,36,22,18,4,9,12,16,37,17,13,8,21,15,11,39,29,14,7,34,46,5,48,28,0,42,2,41,44,27,49,6,32,1,45,35,24,43,38
448;241;17174;3870;30,47,3,19,46,5,23,33,10,20,48,36,25,31,26,35,6,49,42,16,32,13,43,0,7,12,18,14,8,2,4,22,29,40,37,24,45,21,9,41,38,11,15,39,44,34,17,27,28,1
449;319;18434;4164;19,25,41,13,44,24,28,43,6,27,1,23,26,5,47,3,31,20,22,45,34,48,10,38,39,36,35,30,46,42,49,16,37,11,12,40,2,29,17,4,0,21,9,7,14,32,15,18,33,8
450;236;15688;3538;25,46,37,1,41,44,28,39,5,13,11,19,35,38,23,49,29,6,43,47,22,33,10,20,3,36,48,31,26,30,34,24,45,27,17,32,14,9,21,4,2,16,12,7,40,0,42,18,15,8
451;248;18301;4091;20,6,25,41,22,33,19,10,46,23,5,3,28,48,31,27,44,1,45,47,43,30,26,49,35,36,39,0,2,34,38,11,13,37,29,7,42,21,9,40,24,18,8,32,4,17,14,16,15,12
452;220;15448;3483;24,35,40,29,11,21,1,38,17,9,15,41,6,12,44,27,37,28,45,49,2,14,18,0,4,8,39,43,7,32,34,16,22,42,30,20,36,25,5,48,19,31,33,10,23,46,3,47,13,26
453;205;12050;2709;5,23,31,28,6,22,41,26,43,33,3,30,19,20,48,27,44,1,45,25,16,35,46,42,47,10,39,36,49,38,34,13,37,11,24,4,40,29,9,8,7,0,17,18,14,32,2,21,12,15
454;236;18401;4121;3,30,19,36,26,47,31,46,20,10,25,48,22,23,5,0,32,33,2,6,38,41,44,27,45,28,35,1,43,24,49,42,12,16,4,40,7,11,13,29,39,21,9,17,8,34,15,18,37,14
455;264;11848;2693;12,13,38,31,33,25,9,34,21,15,37,26,30,39,40,49,22,3,42,18,7,16,4,32,14,8,36,43,47,0,2,10,23,20,48,17,44,5,41,27,45,46,29,35,1,24,19,28,11,6
456;239;23572;5304;18,16,5,9,15,23,37,13,14,40,21,12,25,8,4,39,11,38,34,2,26,10,36,3,22,47,33,20,31,30,48,19,29,46,17,49,27,28,1,6,7,35,24,0,43,32,42,45,41,44
457;238;13705;3098;32,36,8,25,40,21,7,5,18,14,29,47,0,13,26,27,6,28,45,23,2,33,48,46,19,30,22,10,20,31,3,17,15,37,24,16,43,11,41,39,49,12,9,42,38,34,4,35,1,44
458;258;16885;3791;11,44,29,23,25,46,37,27,15,21,19,41,9,28,1,16,4,12,42,35,0,38,45,32,49,6,17,7,39,34,24,43,40,5,13,33,22,47,10,30,31,18,8,48,26,2,14,3,36,20
459;205;15560;3505;28,35,10,33,20,25,6,19,27,45,37,44,22,23,1,31,13,3,26,11,34,48,5,38,39,41,46,30,29,17,24,21,9,15,40,36,43,49,18,4,32,16,12,47,2,0,42,7,8,14
460;324;17625;4000;24,44,15,21,25,16,17,27,11,37,12,1,28,9,41,19,23,29,46,42,34,45,6,38,39,43,7,35,49,0,32,4,2,40,18,47,5,22,20,33,30,13,14,36,31,26,8,48,3,10
461;262;10717;2420;28,23,14,44,1,18,6,7,27,13,8,19,5,45,46,49,41,35,43,48,0,20,30,2,32,10,3,33,31,22,26,36,29,47,4,34,38,25,37,9,24,42,12,39,40,17,16,21,11,15
462;238;13294;2999;0,49,32,20,23,3,46,9,29,19,22,35,5,42,6,30,10,48,43,11,34,44,41,38,39,28,27,45,1,24,17,7,21,15,25,16,13,37,33,36,2,12,26,47,18,4,40,8,31,14
463;253;23274;5236;15,33,29,20,3,17,31,40,9,11,22,37,26,21,12,47,42,16,36,39,34,8,13,32,7,30,4,14,18,0,2,44,19,28,1,45,10,23,5,6,35,27,41,43,38,49,24,46,25,48
464;280;18886;4254;25,5,38,15,21,17,29,34,37,11,35,47,13,39,36,18,14,8,40,19,3,10,46,31,22,23,48,20,33,26,30,24,43,41,1,32,4,28,9,45,42,7,6,0,27,2,49,16,44,12
465;270;15424;3474;10,3,16,25,23,21,46,40,36,19,12,22,29,47,20,17,11,37,24,33,5,4,2,30,48,31,18,26,8,13,14,42,9,15,27,0,43,28,1,6,39,32,45,49,35,34,7,38,44,41
466;206;11313;2563;22,31,41,6,28,24,48,43,11,5,1,20,33,44,3,17,29,37,4,26,32,8,13,7,0,30,18,2,14,34,39,38,27,45,23,35,40,10,12,21,16,19,25,49,15,42,46,47,9,36
467;267;16207;3647;37,6,8,12,4,18,15,5,9,21,40,28,29,13,11,32,7,0,2,44,17,35,1,24,45,41,39,27,49,38,34,43,42,14,25,36,33,30,3,23,10,47,26,19,20,46,16,48,22,31
468;256;13721;3089;29,15,13,31,20,14,3,5,22,18,33,21,28,8,40,2,12,4,43,37,34,1,27,39,38,9,44,11,41,24,17,26,48,30,23,47,7,25,6,35,16,46,10,36,49,42,19,32,45,0
469;271;22246;4986;37,25,26,28,31,3,33,19,36,20,22,23,1,47,10,21,15,44,35,41,34,48,46,38,39,11,29,5,30,24,17,27,6,45,13,0,42,40,12,14,7,18,8,4,43,32,2,49,9,16
470;235;14704;3298;19,14,10,3,31,22,33,36,46,23,20,18,29,25,47,35,6,43,49,40,42,12,4,15,21,2,0,9,16,7,32,26,30,48,8,24,44,37,11,45,39,5,13,38,27,34,17,41,28,1
471;192;11851;3793;5,48,39,9,44,43,28,34,6,1,41,30,12,49,35,15,37,11,21,19,47,25,23,16,36,46,27,10,38,42,45,24,29,17,20,2,40,26,8,33,7,31,22,0,14,32,3,4,13,18
472;370;23391;5277;13,21,3,23,10,22,25,26,37,33,20,15,9,31,12,42,46,19,43,4,32,14,18,7,0,8,47,2,40,16,36,17,11,29,48,34,35,28,44,24,27,39,5,38,41,45,30,49,6,1
473;262;20465;4595;11,44,21,5,38,12,37,17,9,15,29,41,1,40,24,27,28,6,45,43,0,18,8,7,32,13,4,14,2,34,39,30,33,48,26,36,49,22,31,20,46,47,25,10,23,42,16,35,3,19
474;243;10911;2622;28,44,6,23,25,0,21,45,15,37,32,9,19,27,1,12,40,7,16,29,42,38,41,35,46,11,17,49,39,34,24,5,8,13,36,26,4,47,18,20,3,30,10,33,22,31,48,2,14,43
475;224;14796;3348;25,26,12,14,8,4,13,16,5,40,18,47,37,29,36,22,11,3,2,15,31,19,23,20,33,21,30,10,48,46,42,17,7,9,43,49,27,35,44,24,39,0,6,45,41,34,32,38,28,1
476;272;11665;2663;14,5,42,21,15,32,37,36,25,12,7,13,29,16,47,18,4,8,40,19,26,33,10,30,46,23,31,48,20,22,3,2,11,0,6,45,17,28,44,41,39,43,35,38,1,34,49,24,9,27
477;265;15590;3569;15,25,29,37,27,17,9,47,21,40,4,23,10,19,12,24,41,1,38,6,7,46,2,32,45,36,35,0,49,42,16,11,44,28,31,26,14,43,48,33,39,22,20,30,18,34,3,13,5,8
478;237;21609;4932;27,41,18,20,23,33,19,8,28,22,3,1,5,13,44,48,46,26,30,40,17,21,15,11,29,9,38,37,39,34,24,14,43,31,47,7,35,25,6,16,49,2,12,32,36,0,4,42,10,45
479;199;11689;2664;20,26,5,23,25,38,47,33,10,36,37,3,22,48,31,27,6,45,43,39,34,8,13,0,2,30,14,4,18,32,7,16,40,12,9,17,49,11,28,19,35,29,15,42,46,24,21,44,41,1
480;214;8618;2001;6,27,11,10,25,43,23,41,48,44,37,28,30,5,1,7,13,32,0,45,42,38,29,35,49,19,17,46,39,34,24,36,26,47,20,22,14,9,21,4,18,3,33,40,12,2,31,8,15,16
481;269;19702;4479;44,37,27,5,41,34,3,9,28,1,39,11,22,12,15,31,20,33,43,4,13,29,40,14,8,21,32,18,7,17,24,38,26,30,25,42,2,48,10,46,0,36,47,35,19,49,16,45,23,6
482;259;17224;3959;23,10,15,29,40,4,20,43,19,21,9,25,31,12,46,22,28,3,26,47,16,49,6,42,36,35,2,45,0,32,7,34,38,39,33,13,27,37,41,18,24,5,48,8,14,17,30,44,11,1
483;267;22201;5036;13,14,20,5,48,23,37,10,33,3,22,8,11,31,18,35,41,43,49,2,4,47,26,16,12,25,30,36,38,39,34,17,29,24,40,7,6,19,28,27,45,15,9,42,1,32,21,0,46,44
484;206;11303;2549;25,19,12,9,40,38,29,45,21,15,4,23,5,6,47,33,43,20,31,10,2,35,46,16,36,48,7,42,49,0,32,34,30,39,41,17,14,37,11,28,13,24,1,44,8,26,27,3,18,22
485;189;10014;2244;36,48,12,11,37,15,23,16,19,25,21,10,29,47,33,24,9,40,17,26,34,3,20,39,30,31,46,22,35,38,42,5,28,13,49,7,4,41,44,45,2,14,6,32,27,0,43,18,1,8
486;221;15059;3372;15,40,30,35,13,38,37,12,9,17,26,21,29,4,5,18,33,8,14,27,45,10,25,19,46,48,36,23,47,42,16,24,28,1,41,34,31,11,44,32,2,39,6,43,7,0,49,3,20,22
487;286;15532;3503;19,17,36,48,5,33,23,47,13,37,10,29,46,25,8,39,35,38,34,18,40,12,4,15,21,14,16,9,42,7,32,26,20,30,31,0,49,28,44,6,24,2,3,27,1,45,22,43,11,41
488;259;20061;4502;1,41,33,20,26,31,28,4,27,22,3,44,5,43,9,38,30,39,34,37,13,21,15,8,14,11,40,18,29,17,24,2,16,12,47,0,48,25,19,6,35,32,36,45,42,49,7,46,23,10
489;287;17901;4027;16,36,29,39,11,34,37,40,12,15,9,25,42,21,47,13,35,5,38,22,30,20,31,48,26,3,23,33,10,46,19,17,2,4,28,45,49,18,41,6,7,27,1,0,44,32,24,43,8,14
490;253;16507;3714;28,23,35,41,44,49,27,0,45,1,43,19,5,6,46,16,7,32,42,47,26,10,48,3,22,36,33,30,20,31,2,24,25,38,11,39,12,13,8,15,40,29,37,21,9,34,17,4,14,18
491;272;14820;3344;25,36,24,44,41,27,28,17,37,11,1,47,13,29,5,14,18,8,43,23,33,30,46,31,10,19,26,48,20,3,22,38,34,39,40,42,2,35,45,15,32,12,9,4,21,7,16,0,6,49
492;305;18979;4269;41,27,47,13,28,30,44,38,1,19,26,5,24,25,23,3,31,20,22,10,7,46,48,0,32,36,35,45,6,49,43,2,8,14,18,42,29,33,11,9,39,12,4,40,15,34,16,17,37,21
493;229;10498;2354;49,43,21,4,12,40,25,42,35,37,16,6,29,15,28,32,5,0,7,11,45,44,41,38,27,9,17,1,39,24,34,46,23,19,10,31,14,36,18,48,26,20,22,33,30,2,3,13,47,8
494;258;13146;2956;36,26,31,15,21,37,19,10,46,23,25,47,40,20,29,2,42,16,0,30,24,5,48,32,17,33,13,18,8,14,7,22,11,3,28,45,35,9,4,41,39,1,44,38,6,34,27,49,12,43
495;237;17561;4123;41,37,45,46,19,6,44,49,1,27,28,11,25,35,29,32,23,0,7,17,34,9,12,38,39,24,15,40,21,16,42,43,36,47,10,3,14,5,8,20,2,30,48,31,33,22,26,4,13,18
496;266;21170;8154;6,25,5,9,44,43,28,19,27,1,41,45,12,23,47,17,11,29,24,16,49,48,10,35,42,36,30,46,38,39,34,40,15,21,26,18,22,37,0,7,31,8,13,14,33,2,4,3,32,20
497;270;16553;3730;31,23,5,21,15,13,3,30,26,33,37,20,19,48,10,40,22,9,4,12,42,36,47,49,16,25,39,46,35,38,34,29,28,11,6,32,18,41,1,45,24,14,43,0,27,17,7,2,44,8
498;249;18806;4211;14,36,4,23,5,25,16,18,13,40,12,47,43,8,26,46,29,19,42,22,3,10,48,31,20,30,7,33,2,0,32,37,15,21,9,24,35,28,27,41,38,11,44,39,1,34,17,49,6,45
499;295;24270;5433;4,42,37,48,10,5,30,15,12,25,23,36,46,9,16,31,3,20,33,26,13,21,19,8,14,47,29,18,40,17,24,43,41,11,1,34,2,44,28,35,0,39,27,49,6,45,38,32,22,7
