0;81;5864;1585;15,44,42,33,3,22,23,47,55,43,13,58,16,46,1,19,49,36,24,37,57,14,40,29,51,10,48,56,59,2,6,26,35,4,17,7,30,50,11,39,0,12,28,18,53,52,34,32,8,31,54,27,41,20,9,38,25,45,5,21
1;122;20329;5595;17,56,26,8,0,28,43,21,33,15,16,53,9,41,50,36,47,1,19,48,40,29,52,27,34,51,10,35,57,12,54,11,58,37,2,13,38,45,31,23,55,6,22,46,49,3,5,20,4,30,42,24,59,7,44,18,39,14,32,25
2;81;11107;2971;15,44,11,19,29,27,48,51,12,23,17,37,32,43,40,56,4,39,50,7,58,5,6,33,16,46,38,34,9,10,13,26,57,21,52,31,54,55,41,30,28,35,8,18,36,0,47,42,53,45,59,25,1,3,14,20,22,2,24,49
3;115;16510;4425;38,56,52,43,55,21,36,6,35,58,49,15,39,24,13,45,10,47,34,54,40,22,18,4,14,25,8,50,57,32,2,17,31,59,53,7,29,1,3,30,37,16,44,26,42,41,11,19,9,23,12,33,46,28,48,5,51,0,20,27
4;109;13600;3635;22,18,52,29,8,11,37,51,38,7,23,35,24,46,32,1,25,58,44,2,56,47,5,33,48,26,36,9,12,16,55,27,20,31,15,34,45,13,28,50,30,3,6,49,40,17,43,19,4,59,21,57,0,42,41,10,53,39,54,14
5;97;7552;2021;26,10,25,56,38,18,33,9,31,19,1,43,29,5,39,35,15,30,2,13,46,42,45,44,28,6,34,51,53,59,37,48,22,27,49,16,54,47,20,14,57,36,21,7,17,8,3,40,55,11,50,52,23,4,58,0,24,12,32,41
6;107;18978;5064;21,37,55,44,49,50,46,54,17,16,31,45,18,39,8,38,19,7,57,5,47,29,43,4,11,25,35,41,6,15,13,22,20,30,33,53,59,12,27,36,51,42,14,3,10,58,48,56,0,52,1,23,26,40,34,9,28,2,32,24
7;105;15679;5781;56,32,14,47,18,40,38,50,10,9,43,49,51,54,20,24,19,17,11,57,44,31,0,5,1,35,7,46,4,3,30,27,22,34,23,2,8,21,6,52,36,25,59,45,48,33,13,55,12,39,28,16,26,58,15,29,42,41,53,37
8;118;14584;4191;19,41,23,25,16,14,57,47,35,29,44,2,13,58,36,30,49,52,51,28,3,15,24,4,17,38,48,37,34,0,1,53,40,9,54,12,27,18,26,42,11,56,43,31,55,20,8,59,7,6,21,33,46,50,45,5,39,32,22,10
9;101;11864;3232;12,53,7,57,1,16,49,28,54,10,15,30,59,39,29,48,56,21,27,50,55,40,47,32,44,5,34,35,33,45,46,26,20,13,42,18,31,24,19,9,25,17,6,3,4,11,23,22,43,36,58,52,8,2,0,51,37,38,14,41
10;127;20466;7391;2,57,14,20,26,12,44,25,45,4,5,59,11,38,43,30,40,31,27,7,56,48,41,55,53,46,35,42,22,34,3,52,10,37,23,13,8,6,16,51,39,21,36,18,54,17,50,24,9,29,15,49,0,58,47,28,32,19,33,1
11;108;13193;3777;55,27,3,51,17,44,9,42,31,0,50,24,39,23,58,33,25,2,14,15,38,53,56,32,18,49,52,12,13,40,5,47,48,59,8,16,4,43,41,46,1,54,6,10,34,30,37,29,7,36,28,11,57,45,22,20,26,21,35,19
12;115;17486;4829;41,47,38,33,27,59,17,21,28,42,54,44,49,43,55,1,18,25,56,26,0,52,40,45,48,19,14,50,23,15,2,51,34,39,31,3,30,46,32,9,22,16,8,10,4,12,24,35,20,29,13,6,36,57,5,58,53,11,37,7
13;102;14544;4017;36,28,33,40,2,6,54,19,13,11,58,42,16,21,32,23,3,43,48,35,47,50,4,37,57,8,7,15,18,10,25,52,39,29,45,12,26,34,51,27,53,17,59,22,5,44,41,56,0,31,38,24,55,9,30,20,1,46,49,14
14;90;11060;3028;22,37,48,43,31,56,27,4,0,12,50,5,13,44,35,19,53,10,34,3,29,14,1,6,57,26,45,54,51,58,46,30,59,39,16,17,9,2,55,25,42,47,32,40,21,28,11,23,38,15,49,33,8,24,20,36,41,7,18,52
15;103;15555;5863;30,26,24,20,55,44,50,9,15,2,11,14,10,37,12,49,52,39,25,56,22,4,7,16,46,59,29,38,19,0,35,48,27,40,57,33,13,58,53,23,54,34,45,18,17,1,51,42,6,36,41,5,8,21,47,28,43,3,32,31
16;92;12867;3532;37,4,23,56,13,53,52,20,16,30,38,27,10,7,59,24,39,47,35,55,15,49,19,3,8,50,45,46,57,40,17,51,1,31,0,28,21,26,42,33,2,48,54,9,36,44,11,41,14,22,43,58,32,25,5,34,29,6,18,12
17;76;14309;3896;13,56,1,17,52,23,37,58,8,20,40,12,45,59,50,47,5,30,29,43,19,16,44,11,53,7,21,26,49,35,39,48,24,3,22,14,4,38,18,41,27,32,34,15,51,25,0,9,36,33,54,31,57,2,10,55,46,6,28,42
18;91;8971;2679;0,18,21,34,38,50,47,33,29,5,40,48,36,13,25,35,59,19,20,27,41,6,32,58,16,15,4,3,45,44,14,42,7,46,49,31,17,22,9,55,23,57,52,30,10,54,2,37,28,51,24,56,12,26,8,43,39,1,11,53
19;90;5086;1463;10,14,7,4,45,31,16,3,51,24,34,54,44,39,52,21,0,50,27,48,41,38,26,42,15,46,33,12,58,37,59,25,43,23,55,49,47,17,29,13,9,6,22,30,28,2,53,1,57,8,35,11,40,56,18,36,32,20,5,19
20;107;17302;4665;5,41,13,32,30,11,34,9,27,53,40,29,47,1,14,38,49,35,16,24,44,3,33,37,39,0,55,26,18,28,17,23,58,42,21,45,2,20,54,51,46,52,57,15,48,7,25,10,50,59,36,19,22,8,12,4,6,31,43,56
21;106;9808;2672;26,49,27,22,20,40,39,38,36,28,48,50,57,32,42,4,29,41,33,30,10,55,37,45,35,17,5,14,44,34,3,7,43,8,18,0,23,13,21,2,31,59,51,1,15,47,9,58,19,56,24,12,25,54,46,52,6,16,53,11
22;128;17943;4828;30,53,36,44,47,23,22,13,39,27,5,9,48,35,59,8,34,26,1,46,10,0,16,37,7,18,40,57,3,42,45,21,55,6,33,4,14,38,43,17,50,12,15,11,56,24,2,28,58,49,52,31,20,25,54,51,19,29,32,41
23;98;12736;3459;10,49,25,47,11,42,14,4,13,17,27,1,37,32,53,59,3,58,55,16,19,7,43,45,28,34,50,30,39,48,2,5,0,52,56,46,54,40,57,33,21,15,24,36,35,29,18,26,22,8,51,12,44,20,23,41,38,31,6,9
24;119;13037;3571;16,55,40,41,4,31,7,23,22,39,17,53,27,10,8,13,43,2,26,25,57,47,44,51,34,15,38,46,3,11,33,29,35,14,58,52,42,50,30,19,28,6,5,12,18,0,37,32,36,45,49,24,20,54,9,59,21,48,56,1
25;113;10745;3085;53,22,45,34,25,44,32,59,18,57,8,49,54,5,42,51,43,19,12,58,41,50,11,36,38,33,1,17,46,55,13,48,27,28,6,2,52,23,30,20,37,31,24,14,0,40,15,26,9,10,56,39,21,7,35,4,47,3,29,16
26;98;17515;4755;9,26,31,56,52,30,59,50,55,17,18,54,42,13,39,4,43,16,3,40,12,36,41,23,20,10,48,47,34,45,35,29,22,38,6,11,33,44,58,53,25,5,24,57,0,32,8,15,46,28,2,14,37,19,49,27,51,7,21,1
27;106;13660;3713;55,26,19,3,46,5,9,38,21,29,35,27,8,34,20,15,16,4,0,12,32,42,33,22,37,54,56,10,59,49,28,45,52,6,57,25,31,47,24,30,50,39,18,1,53,43,7,51,23,58,36,13,11,48,40,17,14,2,44,41
28;93;16108;4369;37,11,31,41,25,4,55,27,16,9,21,10,20,12,6,14,28,32,42,58,1,8,43,53,22,44,51,13,57,56,54,19,39,15,46,33,5,50,34,23,47,18,40,26,24,0,36,52,30,48,59,7,38,3,49,29,17,45,35,2
29;126;27493;7374;25,57,48,32,31,52,10,30,37,54,11,9,26,14,24,38,20,0,19,39,29,33,43,35,36,15,28,5,59,41,17,7,16,58,27,23,51,49,56,18,55,45,50,44,21,47,2,1,4,46,13,34,6,3,40,53,22,8,12,42
30;108;15431;4251;15,19,46,57,3,48,36,8,2,22,38,37,56,50,42,32,40,23,27,17,44,31,26,39,51,58,7,59,9,43,1,49,33,55,13,25,29,35,28,14,16,34,30,24,18,6,10,12,0,5,47,53,54,45,52,21,4,20,11,41
31;100;11975;3270;8,56,6,51,24,44,41,31,11,42,35,12,40,52,57,7,14,43,59,0,29,49,19,26,4,17,37,46,45,5,18,10,33,30,36,47,9,3,1,54,2,27,25,50,34,22,32,58,38,21,13,15,39,23,16,53,55,48,28,20
32;98;12240;3354;22,59,1,37,52,23,39,33,36,8,42,2,38,15,0,6,35,32,46,48,16,34,25,30,13,43,19,3,55,11,17,18,12,56,29,45,7,54,26,31,9,40,41,27,53,20,50,14,24,49,21,5,51,57,47,4,58,10,28,44
33;102;11031;3065;30,14,3,56,36,11,0,16,15,4,33,28,34,10,26,8,35,53,5,12,55,46,48,45,23,40,21,42,58,27,31,39,44,50,25,13,7,47,6,54,9,2,41,32,43,51,24,37,57,49,29,1,20,18,59,52,38,22,19,17
34;75;8015;2189;42,28,33,50,53,31,41,26,17,36,48,56,22,19,14,54,35,43,52,46,12,47,32,39,5,3,16,1,2,58,18,21,51,25,7,0,23,4,10,57,11,29,34,8,55,6,24,37,40,49,59,30,20,38,15,27,13,45,44,9
35;89;19119;5176;10,58,5,27,56,39,4,13,50,44,11,53,24,31,48,47,17,29,59,32,55,25,40,28,14,57,7,45,30,26,2,3,43,36,0,46,42,16,20,8,54,12,37,34,51,22,15,52,21,49,23,38,1,18,9,33,35,19,41,6
36;112;17808;4793;29,55,58,9,0,18,34,17,21,47,10,28,15,38,57,40,35,51,5,26,44,2,14,8,1,11,43,33,59,31,30,20,49,50,23,13,52,25,24,27,45,54,32,7,3,37,46,56,39,6,12,48,16,41,36,53,4,42,19,22
37;95;18265;5314;22,49,53,30,55,54,2,17,42,5,3,7,14,29,48,18,15,37,57,23,16,25,43,20,19,33,12,8,47,4,28,40,0,50,6,31,45,21,1,35,38,46,44,26,58,32,52,36,9,13,59,34,56,39,41,24,11,51,10,27
38;97;10275;2852;39,51,25,41,52,30,56,58,42,11,21,8,28,1,32,49,18,29,40,53,34,55,35,20,33,14,48,5,23,22,4,17,26,36,59,15,24,38,10,50,45,54,16,37,3,6,57,27,7,31,2,0,44,46,13,12,9,47,43,19
39;129;22784;6901;10,44,50,30,20,55,0,29,23,49,51,11,37,4,21,32,28,2,8,7,22,59,1,5,26,34,3,48,33,54,9,40,41,46,17,45,18,42,6,14,31,52,27,57,36,16,53,56,39,12,15,47,13,25,58,35,43,38,19,24
40;89;18338;6110;16,11,33,42,15,58,1,47,13,54,3,51,21,31,10,5,59,28,12,32,40,55,43,20,30,35,53,22,6,44,36,45,38,2,52,25,7,24,0,37,49,14,34,23,29,27,17,57,19,18,4,46,26,48,9,39,8,50,56,41
41;107;15656;5106;30,3,51,19,57,17,40,20,2,59,50,37,58,38,25,18,47,13,7,35,29,8,44,16,23,34,53,22,24,43,5,10,28,11,31,46,4,39,15,26,0,41,1,32,56,55,14,6,27,54,42,9,49,45,21,33,48,12,52,36
42;107;21679;5838;35,57,33,55,18,11,59,47,42,58,28,53,16,26,17,8,13,54,10,37,43,49,52,5,31,6,24,0,45,7,29,21,48,41,3,20,12,56,9,51,15,36,30,23,40,44,2,19,4,27,39,14,25,38,1,32,50,46,22,34
43;112;18033;4884;19,40,4,16,33,9,10,46,20,15,36,35,44,57,30,53,24,48,41,58,37,34,52,23,13,59,43,27,0,39,7,2,55,28,54,47,17,50,18,56,22,51,26,8,31,49,42,29,1,3,45,5,32,14,25,21,6,38,12,11
44;109;15775;4602;29,32,2,28,0,42,12,55,58,52,31,9,18,22,19,4,39,57,8,14,11,27,43,54,30,44,35,41,6,36,38,37,51,7,40,20,5,16,10,45,50,34,26,53,15,21,48,24,49,3,17,23,1,13,46,59,25,33,47,56
45;117;17914;4872;57,4,16,44,26,24,7,38,23,12,18,50,39,15,45,3,49,43,48,10,29,28,52,59,42,0,35,21,25,5,51,11,32,2,31,54,36,46,56,53,13,33,37,8,9,40,20,6,1,27,19,30,22,47,41,14,58,34,17,55
46;103;14294;3810;53,12,3,18,0,19,47,21,17,15,13,24,54,26,7,51,39,43,20,27,4,29,41,11,14,34,10,40,46,6,35,42,16,31,28,56,44,2,22,48,58,52,23,49,50,32,38,37,59,30,5,36,33,55,57,8,25,45,9,1
47;112;19168;5158;27,34,30,32,28,48,7,13,36,39,35,21,20,45,44,55,43,38,6,50,49,24,59,2,26,11,3,41,33,53,29,4,9,23,42,16,5,25,54,17,46,37,14,51,58,40,15,1,31,22,52,18,10,12,19,0,47,57,8,56
48;112;10223;2845;40,35,9,20,22,55,2,46,45,4,11,53,18,24,0,34,32,51,37,31,28,1,25,57,39,3,43,7,13,47,33,15,56,21,41,8,48,52,54,5,27,42,19,30,16,14,17,26,38,23,49,58,6,59,36,12,29,50,44,10
49;124;13419;3638;14,41,55,3,53,30,10,34,13,43,33,49,56,23,6,21,58,35,20,37,22,1,26,19,11,9,42,38,50,48,15,27,44,24,17,5,7,31,29,4,8,51,0,59,52,32,46,12,54,2,57,39,25,36,16,47,28,45,40,18
50;127;23665;6403;24,58,45,49,25,35,28,53,14,46,26,6,37,7,48,52,59,11,33,0,54,1,19,50,3,9,43,16,40,42,39,13,8,36,27,2,21,12,44,4,31,30,41,5,38,32,18,56,34,47,17,23,29,57,15,51,10,55,22,20
51;95;11152;3225;28,47,39,54,42,20,52,36,23,15,16,58,40,12,10,57,1,21,19,31,26,25,56,4,30,24,41,2,34,18,53,51,6,45,27,7,17,38,55,13,50,43,3,29,35,14,32,48,5,8,46,59,11,0,49,22,9,33,44,37
52;89;7567;2088;10,53,46,44,4,15,25,6,39,49,14,41,37,11,58,47,57,43,40,45,32,5,22,18,56,36,3,55,50,16,48,2,59,7,28,27,38,23,19,34,30,20,54,52,12,31,13,26,33,1,17,35,0,24,42,51,21,8,29,9
53;92;11964;3251;37,16,39,49,2,14,48,0,3,8,17,22,52,45,6,4,35,26,30,27,20,5,25,53,13,43,19,21,33,10,51,57,41,47,7,55,23,42,11,36,50,29,54,38,28,40,56,1,46,24,31,58,32,9,18,34,12,59,15,44
54;106;10763;3084;23,37,39,9,5,45,47,8,38,35,55,52,24,11,46,44,10,58,53,59,56,13,40,18,32,17,34,41,28,0,7,16,43,1,21,51,15,12,31,36,6,22,29,50,4,42,2,3,48,20,54,26,30,57,49,25,19,27,14,33
55;107;13103;3569;15,44,50,21,8,0,29,36,33,58,23,48,41,45,39,9,4,47,53,2,40,51,19,3,31,43,52,57,37,10,17,35,42,16,55,49,56,34,54,7,12,59,5,28,26,30,38,1,46,24,14,32,25,27,13,18,22,20,11,6
56;116;22743;6238;26,29,51,16,47,39,6,20,21,12,4,28,31,22,57,58,15,50,17,27,43,7,25,48,11,32,45,49,8,56,44,19,35,5,18,46,9,10,0,23,52,59,30,1,3,34,42,40,37,38,24,54,14,41,2,36,53,13,33,55
57;123;19721;5293;9,28,43,27,37,32,34,1,25,56,26,44,19,47,50,21,17,16,57,55,52,13,30,39,45,48,35,36,46,18,8,11,54,24,51,3,53,6,58,38,4,0,2,15,49,22,7,42,23,5,59,31,29,33,20,14,12,41,40,10
58;114;12799;3472;47,10,17,4,2,5,48,9,52,35,25,16,22,39,40,44,46,14,12,57,29,15,54,21,43,3,0,37,18,24,53,58,56,26,50,42,51,55,28,36,32,11,8,13,23,59,30,49,41,33,45,38,19,31,1,34,6,27,7,20
59;114;20114;5424;9,56,24,30,51,40,1,18,45,36,10,50,48,16,58,43,55,31,47,28,20,35,49,42,11,0,38,13,27,22,52,12,26,14,6,37,57,8,32,23,5,46,15,33,59,53,17,41,3,25,19,39,7,4,21,2,54,34,44,29
60;96;9631;2701;30,26,52,37,3,15,53,47,44,34,9,22,4,24,49,45,7,40,35,55,10,32,56,46,38,58,27,16,12,43,36,31,19,5,48,59,8,6,42,14,20,18,50,0,13,23,17,2,29,39,21,25,57,33,28,54,1,11,41,51
61;110;9744;2710;2,43,31,46,38,18,22,34,36,9,6,37,51,5,53,58,26,32,25,13,56,40,54,55,48,1,29,12,27,44,15,59,0,52,30,4,28,3,19,17,11,21,35,7,50,14,23,47,16,8,33,57,20,45,39,49,41,24,42,10
62;92;10603;3521;26,43,30,49,27,21,59,23,46,32,38,39,15,44,2,8,56,34,29,10,54,13,22,3,47,24,57,9,12,50,1,40,52,48,37,45,7,20,42,19,17,11,16,33,6,53,55,0,36,5,51,31,35,28,41,25,4,14,18,58
63;116;18952;5281;49,43,12,3,22,47,39,26,9,42,7,35,57,25,6,54,4,50,16,46,40,17,37,1,38,2,0,58,31,51,45,53,19,55,52,23,27,21,30,48,34,18,5,10,11,33,13,29,8,15,36,59,41,24,32,44,14,56,28,20
64;110;14009;4018;14,51,23,16,54,28,46,22,4,19,33,9,44,13,32,56,8,52,17,58,30,24,41,25,34,45,26,21,6,53,38,50,48,59,7,15,39,27,29,35,20,18,36,2,10,49,42,37,47,43,57,31,40,55,0,3,1,11,5,12
65;109;19557;5879;27,29,56,19,39,1,46,11,54,6,52,13,12,18,37,59,43,40,36,10,2,34,42,48,33,47,28,8,55,30,25,49,53,45,38,15,31,57,44,17,23,9,35,5,21,26,4,41,50,0,32,20,3,51,16,14,24,22,7,58
66;118;15393;4185;33,9,16,1,32,19,35,37,45,39,14,36,58,28,15,31,51,22,20,48,49,25,55,17,13,41,42,30,3,44,50,23,46,6,34,24,21,54,57,7,38,29,18,52,11,4,59,10,53,47,2,56,8,0,12,40,5,27,26,43
67;111;21902;6288;22,9,37,50,4,38,53,59,0,10,21,28,43,24,46,42,48,29,17,40,11,16,52,23,3,41,36,7,39,55,30,19,32,14,5,45,54,15,33,27,58,34,57,2,35,44,31,6,12,20,51,25,1,18,47,26,13,49,56,8
68;101;18071;4944;30,22,2,15,50,38,56,27,39,13,8,19,54,6,47,17,1,9,32,45,25,7,40,52,12,18,23,35,36,34,4,14,16,33,37,5,51,48,24,21,49,3,41,11,42,26,58,10,31,57,28,46,29,59,53,0,43,55,44,20
69;104;14569;3924;8,1,12,42,20,36,48,39,7,41,24,34,40,58,38,55,16,46,26,0,29,33,30,25,49,4,10,35,13,44,6,14,28,54,9,31,53,57,51,11,18,59,56,27,52,43,22,47,17,21,23,45,5,2,37,3,15,50,32,19
70;105;13181;4009;0,11,42,15,40,45,4,7,6,5,39,16,54,57,49,17,37,25,30,20,32,27,47,14,12,58,26,59,8,34,24,9,52,23,2,38,55,10,29,33,51,19,41,13,46,43,28,3,31,48,44,1,36,35,56,53,50,21,22,18
71;97;11650;3359;5,24,0,41,8,22,3,49,36,47,16,43,4,39,51,6,59,34,52,27,42,1,10,12,38,35,13,31,15,11,18,23,44,37,33,54,28,57,17,2,26,40,48,9,7,30,50,53,20,58,45,21,56,25,19,46,29,14,55,32
72;109;13577;4353;59,3,12,51,7,10,29,23,37,30,18,20,19,25,5,2,57,58,38,47,27,40,41,45,24,50,42,54,33,49,17,46,44,43,21,31,53,32,26,13,8,1,55,48,36,15,4,14,6,35,0,34,22,28,16,52,56,9,11,39
73;112;13463;3806;34,28,31,58,35,53,14,12,17,0,55,57,32,24,44,18,48,42,7,43,6,36,27,45,11,41,59,5,49,54,10,4,33,2,37,51,13,38,9,21,25,29,15,40,39,30,46,19,23,20,8,1,52,3,50,16,22,26,56,47
74;81;9245;2606;35,53,48,22,59,55,38,20,34,57,6,45,10,50,30,52,56,11,13,2,43,51,12,42,47,14,27,36,54,21,46,58,32,19,28,4,24,17,41,25,0,5,33,15,37,7,49,44,18,1,8,40,26,23,39,3,31,9,16,29
75;131;23104;7249;23,20,12,40,11,39,51,58,13,14,21,42,5,2,28,9,16,24,29,35,26,31,3,1,6,48,36,57,25,10,54,7,32,15,22,45,50,47,44,37,46,53,56,18,55,52,30,43,17,27,38,8,19,33,49,4,59,0,34,41
76;113;11414;3178;9,41,3,55,43,7,46,6,15,28,58,52,2,17,53,12,8,49,39,19,56,48,33,21,13,45,40,10,59,22,47,36,30,34,38,25,26,14,37,31,0,5,51,35,44,24,18,11,23,27,42,29,20,50,1,57,16,54,32,4
77;115;13104;3560;43,38,33,26,19,4,49,40,51,59,21,42,12,27,50,28,29,34,31,5,56,10,15,23,53,16,13,1,57,32,39,46,2,11,52,0,18,30,37,3,35,17,25,8,54,44,47,22,36,9,41,45,6,7,58,55,48,14,20,24
78;125;17179;4993;26,58,53,23,6,44,34,52,38,3,1,47,8,30,7,40,19,15,25,5,4,46,45,55,29,12,43,28,22,0,31,48,20,50,35,36,18,14,42,24,17,13,33,21,16,27,54,32,39,9,51,37,10,49,41,56,2,57,11,59
79;106;11771;3800;52,7,4,29,21,51,2,30,8,54,55,0,22,24,16,39,18,9,44,35,11,15,40,13,1,12,23,27,41,50,49,37,45,26,53,38,10,48,32,58,17,19,28,5,25,14,57,56,20,36,31,6,59,42,46,47,33,3,34,43
80;104;7800;2204;37,47,45,17,52,41,1,30,7,34,53,5,12,59,22,21,57,8,31,50,20,0,24,51,49,54,10,38,6,19,9,2,40,13,26,18,55,42,32,4,27,28,36,33,3,48,16,56,58,35,23,43,46,15,44,39,29,14,25,11
81;100;10763;2945;28,13,9,55,29,34,24,18,15,8,17,42,36,46,51,30,12,56,4,0,35,5,26,59,33,31,22,20,40,16,27,21,54,19,38,3,11,50,37,14,57,7,32,44,25,39,2,43,45,53,47,49,41,58,1,6,10,52,48,23
82;105;12651;4519;36,58,2,56,49,33,28,59,52,48,15,19,27,10,53,7,45,30,50,47,32,42,26,57,8,37,41,44,43,4,14,18,20,16,0,17,25,5,34,31,3,1,13,51,24,29,21,22,55,12,11,46,23,38,35,40,9,39,6,54
83;90;8874;2420;53,6,0,37,2,59,7,17,11,35,56,16,43,26,40,55,27,39,8,47,21,20,1,14,30,52,12,46,5,24,48,13,34,22,36,15,23,50,28,31,3,25,41,49,58,4,51,19,33,57,10,38,32,42,44,45,18,54,29,9
84;88;12033;3256;33,51,42,32,16,56,40,5,14,34,21,55,39,1,6,30,35,12,25,27,19,20,52,11,48,57,50,37,58,41,53,23,29,0,54,45,18,47,13,2,22,10,49,8,36,17,15,59,7,3,38,46,24,4,26,28,9,31,44,43
85;104;13118;3745;48,8,35,27,0,32,57,52,16,41,22,19,30,2,58,39,45,25,55,51,20,5,3,9,23,54,59,43,12,40,33,29,56,13,31,17,14,53,10,21,50,37,47,1,46,24,4,28,44,42,7,11,18,34,6,38,36,15,26,49
86;117;10311;2852;9,28,3,43,32,51,33,8,59,37,17,44,7,2,15,10,36,49,4,5,18,47,20,23,0,1,46,22,40,11,14,29,55,39,25,30,26,56,12,45,31,34,6,24,19,42,35,58,52,13,27,21,41,48,16,57,53,50,54,38
87;84;14582;4819;8,41,17,3,12,15,39,50,54,18,11,58,9,24,34,19,37,44,47,6,20,35,31,10,38,5,43,33,59,29,51,0,32,22,53,40,2,25,46,48,13,7,28,16,57,45,56,52,42,1,21,14,49,36,26,27,55,23,30,4
88;101;12808;4063;36,6,11,21,55,48,23,53,13,38,29,46,4,51,45,14,10,9,31,54,40,49,56,1,44,25,8,59,18,57,16,24,20,30,41,33,43,22,52,19,50,27,47,39,35,17,0,26,2,34,12,58,28,42,7,3,15,5,32,37
89;100;10247;3424;58,34,29,11,4,33,1,0,21,44,56,32,9,40,48,43,59,22,36,8,28,26,50,24,25,16,30,14,2,3,35,45,41,57,13,51,49,18,42,15,54,38,12,55,31,19,17,20,52,53,10,23,39,7,5,37,47,46,6,27
90;93;15137;4174;41,24,17,53,8,44,2,19,38,49,55,50,54,4,40,51,43,34,37,11,0,18,10,35,52,42,12,32,39,1,14,29,58,45,36,33,16,21,30,59,28,3,27,47,5,15,57,56,25,23,46,13,48,20,22,6,7,9,31,26
91;124;19336;5748;30,42,34,8,19,11,22,33,54,7,56,35,43,26,4,14,3,36,49,28,44,5,25,48,53,32,29,12,55,57,18,21,37,46,59,47,15,58,40,17,39,50,6,24,1,20,2,38,45,13,10,51,31,9,52,27,16,23,41,0
92;106;15959;4339;52,10,11,40,24,28,30,13,8,18,33,50,43,12,44,21,48,2,26,3,19,31,56,6,51,47,46,55,22,9,39,57,16,29,27,4,59,36,41,17,42,7,34,58,5,38,1,23,49,37,15,14,54,0,32,25,20,45,53,35
93;102;12272;3556;53,22,6,20,5,47,56,17,57,29,23,48,25,30,0,9,10,43,18,14,27,24,11,4,44,34,37,35,8,28,31,39,7,15,42,38,36,45,19,49,46,40,54,50,12,3,33,32,21,52,55,58,1,26,16,51,13,2,59,41
94;104;12499;4087;15,51,40,52,53,49,4,6,45,47,38,48,29,26,20,27,59,58,25,3,36,32,42,18,23,28,55,37,35,44,14,12,43,5,21,9,13,24,54,17,34,1,16,33,46,11,0,7,30,31,50,57,41,10,56,22,2,8,19,39
95;120;17328;4703;11,34,6,37,55,28,3,45,51,44,49,27,36,15,19,53,1,41,30,16,20,0,7,40,59,54,26,50,42,56,24,48,22,14,2,10,9,46,8,13,17,57,58,47,32,31,33,43,38,4,5,35,39,12,18,21,52,25,29,23
96;113;15979;4322;34,24,47,37,33,55,38,1,15,16,39,56,5,30,25,22,35,19,41,14,51,54,9,59,11,26,31,49,23,43,52,3,4,27,0,21,17,29,42,13,7,8,44,36,53,48,12,32,10,57,46,2,18,6,20,50,28,45,58,40
97;88;7438;2039;3,57,48,46,58,4,53,40,36,5,29,27,50,24,43,28,6,22,31,32,20,10,45,52,34,54,42,44,55,56,23,8,21,25,9,17,18,49,37,12,1,39,51,11,15,13,2,16,59,41,33,14,19,35,30,0,47,38,7,26
98;107;18341;4943;32,58,45,30,40,39,17,47,35,14,53,52,19,3,41,13,28,7,11,1,8,54,55,46,34,31,27,44,21,0,36,24,4,59,42,33,23,20,6,22,9,38,16,29,51,43,57,49,56,12,50,37,25,15,18,5,26,2,10,48
99;86;13973;3829;28,43,48,35,50,49,23,46,13,40,11,15,4,47,12,44,32,26,24,33,8,39,3,58,22,57,27,36,54,16,37,14,21,53,31,38,7,25,45,17,59,30,5,9,10,51,55,52,29,6,2,42,41,18,1,0,56,34,19,20
100;122;13297;3549;57,40,53,21,26,13,29,36,31,55,47,37,51,4,18,10,16,1,49,2,5,46,28,52,27,35,43,33,3,41,7,23,48,24,0,38,12,59,19,15,45,30,50,17,8,54,56,32,22,20,9,44,11,42,39,25,6,14,34,58
101;93;20596;5448;32,41,35,51,37,29,13,58,50,44,43,26,14,17,34,2,18,5,9,33,0,53,56,8,27,12,19,6,23,57,15,1,21,39,52,4,31,30,10,47,46,3,59,49,11,20,45,22,24,48,38,25,40,55,54,36,16,28,42,7
102;97;9035;2415;6,56,54,34,16,19,11,22,23,55,43,10,0,3,29,24,51,2,32,47,1,50,20,35,7,9,12,26,27,30,17,48,31,18,58,39,15,45,44,5,37,4,21,33,38,41,13,40,36,57,14,59,53,49,28,46,42,8,25,52
103;76;8286;2208;29,7,43,30,32,3,4,10,45,35,38,36,6,12,27,22,13,5,14,18,9,19,58,39,23,16,47,48,21,41,28,54,0,17,55,46,25,56,20,50,15,34,57,42,26,33,31,40,24,37,49,2,44,51,53,52,1,8,11,59
104;90;8573;2287;27,56,31,9,32,20,46,42,25,28,33,22,17,59,3,36,44,18,41,49,50,29,35,34,51,23,8,37,12,11,57,16,39,55,54,14,1,30,19,24,38,48,7,26,5,15,45,2,58,47,21,6,13,4,53,52,40,0,43,10
105;119;18914;5019;15,31,46,41,29,17,20,14,53,8,51,19,54,43,56,55,1,48,33,22,34,49,10,50,6,28,38,35,36,32,47,12,30,42,0,5,40,4,11,7,2,44,37,45,59,52,58,16,39,21,13,18,23,24,25,57,9,27,26,3
106;108;12362;3291;14,51,44,17,38,32,34,37,0,49,41,47,19,33,3,8,20,29,58,42,16,28,11,31,22,9,48,35,50,52,21,26,4,36,45,54,30,57,6,56,55,7,5,13,43,39,25,59,10,2,53,40,46,12,23,27,1,15,24,18
107;99;10032;2677;35,58,53,30,49,6,36,17,15,47,37,5,2,4,42,7,28,11,13,19,20,59,26,1,57,16,43,52,21,0,46,12,48,56,33,14,55,3,39,31,45,27,25,18,23,10,29,44,32,51,9,50,40,24,8,38,41,54,34,22
108;91;11539;3070;15,49,23,37,26,52,42,17,25,3,0,39,44,43,54,7,16,21,35,4,10,41,31,13,29,38,36,2,12,56,32,6,28,5,9,48,45,59,27,55,34,1,22,8,40,46,50,47,30,51,24,57,20,33,14,18,58,19,11,53
109;110;20657;5455;20,18,14,16,25,43,23,9,15,1,51,59,38,54,3,17,28,26,44,4,48,35,45,8,53,33,19,34,52,12,49,6,57,55,2,27,36,22,0,40,31,41,32,42,11,5,50,39,46,7,56,13,24,29,58,30,37,21,10,47
110;113;18489;4881;57,26,33,7,54,39,34,4,38,29,44,42,50,9,11,30,22,14,52,35,12,49,45,43,48,31,0,13,36,10,23,28,20,59,15,46,8,47,55,40,56,2,3,18,51,19,17,32,6,41,37,21,5,53,58,16,1,24,25,27
111;105;15340;4069;10,49,6,47,29,42,41,8,39,28,30,25,43,20,55,37,24,40,54,0,34,19,1,18,9,13,58,2,46,27,22,14,16,15,12,45,56,4,32,33,50,59,35,36,52,48,5,26,44,7,31,17,3,51,23,21,38,57,53,11
112;120;16102;4273;59,49,39,48,55,42,37,30,9,32,25,40,28,3,51,38,50,15,29,33,10,46,0,34,11,27,17,24,57,43,18,56,26,16,7,8,12,23,47,21,6,1,35,4,54,52,31,53,22,5,36,58,2,13,19,41,14,45,44,20
113;108;16060;4242;45,44,36,25,13,12,4,43,35,39,50,41,32,24,19,6,34,22,15,18,37,52,10,14,40,48,59,16,28,38,5,58,55,0,53,11,51,20,56,29,9,7,3,23,46,17,54,27,26,1,2,33,42,30,21,31,47,57,8,49
114;82;6885;1837;47,23,4,29,34,22,17,44,49,27,3,43,25,38,40,35,33,54,30,57,32,0,24,8,31,46,10,55,20,1,11,37,14,21,52,16,59,42,41,26,50,5,58,39,15,53,18,6,7,36,9,45,19,12,13,51,48,2,28,56
115;111;20337;5412;35,33,48,4,28,23,9,42,5,20,50,51,15,36,16,3,22,52,45,58,7,0,11,24,47,55,49,12,59,53,31,1,46,37,14,17,39,13,43,21,44,57,34,40,41,30,26,19,56,10,38,54,18,25,27,8,29,2,6,32
116;126;25075;6680;30,10,39,5,11,46,1,53,57,40,20,16,17,7,12,50,43,15,26,18,19,3,44,36,24,2,48,8,52,38,51,41,37,27,59,45,35,9,55,34,42,58,13,21,54,25,4,23,47,6,14,49,29,33,31,22,32,56,0,28
117;97;10245;2725;45,0,39,47,17,28,49,2,25,37,12,34,24,41,32,6,38,15,30,48,44,8,22,57,1,4,7,26,16,52,5,46,33,18,29,50,54,31,36,10,40,43,14,21,51,23,53,58,9,42,35,55,11,13,56,3,27,59,20,19
118;110;14565;3876;44,11,14,12,32,52,40,35,51,29,24,26,9,21,30,39,55,45,5,4,20,42,3,13,16,28,6,58,46,36,1,22,38,43,8,50,33,53,59,23,49,48,18,27,31,37,57,47,17,56,7,10,0,15,34,2,54,25,19,41
119;123;16946;4510;19,56,10,8,2,30,34,50,25,35,46,45,24,36,51,47,12,22,6,59,33,17,4,23,14,55,7,40,0,26,5,42,16,31,1,54,15,57,9,21,28,53,32,18,3,41,20,52,27,38,58,13,11,29,44,49,37,48,43,39
120;103;16105;4275;40,58,29,2,13,54,37,16,3,50,28,38,56,12,5,35,15,1,0,57,46,32,53,33,11,41,20,22,59,34,42,19,26,43,17,30,6,18,4,24,23,8,51,47,36,10,31,21,55,25,14,48,27,7,9,49,45,44,52,39
121;118;21235;5632;52,29,12,4,57,25,31,39,10,53,59,2,15,34,5,0,47,32,33,58,6,21,41,19,26,50,51,18,7,35,42,23,16,43,24,46,27,8,3,54,13,11,44,38,40,36,49,37,1,45,30,17,9,55,48,20,14,28,22,56
122;116;16300;4340;29,5,37,23,20,32,31,6,39,16,2,58,53,48,30,10,8,52,43,25,40,27,55,9,34,56,36,50,54,7,46,59,12,42,14,45,1,38,18,13,17,11,19,35,24,22,3,26,47,4,57,49,51,0,33,21,41,15,44,28
123;88;9251;2480;25,48,58,9,4,45,24,49,30,1,59,13,18,26,55,43,11,20,23,39,52,50,40,14,16,2,27,31,3,46,53,38,54,56,5,15,51,42,0,8,29,19,28,33,34,22,12,10,35,17,7,57,32,36,21,44,37,6,41,47
124;116;11181;2981;40,10,55,29,22,4,3,17,39,53,2,31,51,8,16,12,21,49,9,36,25,58,24,43,38,57,0,19,54,1,11,7,27,48,33,56,45,46,52,13,47,32,20,18,42,14,30,26,23,37,50,28,35,59,34,5,15,44,6,41
125;93;14393;3841;21,28,48,22,46,32,39,11,56,37,34,33,43,36,7,10,17,38,13,58,14,29,20,59,6,30,25,41,4,1,49,55,44,15,27,23,31,3,18,45,26,8,50,42,9,54,0,19,57,12,35,52,51,53,2,5,24,16,47,40
126;110;21874;5803;11,19,42,51,27,39,10,45,12,53,59,30,55,18,3,20,44,4,52,7,8,47,43,54,31,58,37,0,9,34,38,21,22,13,15,17,28,50,40,16,49,33,35,5,23,48,29,56,57,25,2,36,14,46,6,32,41,24,26,1
127;101;11519;3075;14,43,57,41,30,1,35,25,37,10,15,3,54,45,5,9,29,23,40,34,32,6,22,39,20,36,44,27,28,11,50,51,26,13,7,38,8,33,4,2,55,53,49,0,59,18,48,19,52,46,31,12,42,17,56,16,24,21,58,47
128;117;19160;5067;46,16,45,14,17,23,2,55,37,40,33,52,20,59,48,42,35,21,26,43,11,31,58,28,50,25,3,36,0,34,39,57,51,24,6,53,5,1,15,38,22,9,49,27,32,56,8,10,7,54,18,44,29,4,13,30,12,19,41,47
129;97;11310;3000;48,5,25,0,33,51,43,26,18,24,50,47,56,57,55,54,4,15,52,13,10,34,30,39,42,41,44,14,40,31,8,53,23,9,59,46,27,7,20,1,12,37,21,58,36,17,49,6,16,3,2,38,29,19,11,28,35,22,32,45
130;79;10548;2812;37,2,21,22,58,23,39,7,20,48,46,35,31,45,19,5,12,11,57,41,32,42,53,43,29,56,50,3,55,28,25,9,27,24,15,30,17,33,13,44,16,14,34,4,47,52,54,59,8,18,38,1,26,49,6,51,40,36,10,0
131;102;12483;3335;46,41,38,56,25,0,48,14,42,45,53,7,33,23,12,11,31,21,22,4,19,13,43,34,1,40,49,28,36,9,32,58,8,17,5,54,47,55,18,37,2,30,6,39,26,51,35,52,59,24,57,15,3,20,16,50,44,27,10,29
132;104;8674;2320;7,34,23,56,17,50,3,18,57,25,12,51,9,46,59,58,32,42,19,4,55,16,47,35,0,36,22,41,14,31,6,33,24,52,38,21,15,5,20,49,48,40,30,13,53,39,37,11,29,10,1,54,8,27,45,44,43,2,28,26
133;105;14272;3798;33,6,25,53,30,19,43,24,45,28,9,21,11,3,59,20,49,2,16,54,42,50,7,0,1,46,15,36,18,23,14,47,35,34,22,27,55,58,5,39,4,40,51,31,56,41,17,12,37,32,13,44,8,48,57,10,26,38,29,52
134;128;18293;4870;12,4,15,10,53,34,16,1,46,13,20,19,23,25,11,27,58,37,40,9,32,45,35,51,8,39,17,30,47,5,24,33,26,48,42,54,18,6,14,22,21,57,36,43,52,41,59,56,28,3,49,50,0,31,7,2,55,38,29,44
135;119;15601;4174;47,10,6,33,25,24,56,53,49,44,13,4,27,7,37,36,21,30,48,50,40,57,3,16,23,19,5,55,38,8,34,43,59,51,41,1,45,17,58,22,42,39,0,46,11,9,31,20,26,54,28,12,35,29,2,14,52,18,15,32
136;104;21449;6062;15,38,34,10,16,8,4,22,45,43,39,56,37,35,26,6,30,50,55,25,5,59,29,57,24,2,51,33,31,0,23,14,19,12,17,13,27,49,40,36,3,47,21,58,11,42,28,32,53,20,54,48,44,7,9,1,52,46,41,18
137;96;15674;4179;48,53,22,41,33,38,54,55,13,44,4,50,10,35,11,6,26,34,36,32,28,46,14,27,12,9,1,51,0,17,30,5,7,2,16,57,8,15,25,39,31,24,37,42,56,58,43,3,45,23,21,49,29,59,18,40,19,47,52,20
138;125;14335;3823;5,40,34,47,26,46,24,7,9,6,23,37,16,3,53,13,38,35,49,29,44,50,28,30,22,27,31,2,14,41,15,51,56,17,57,36,39,48,20,11,1,43,21,10,18,0,54,42,4,8,33,12,25,45,55,19,52,58,59,32
139;93;11427;3052;56,10,44,53,45,1,25,30,38,14,3,47,29,17,33,20,34,9,28,58,40,32,12,46,50,18,24,48,35,22,23,39,2,27,6,5,26,16,4,31,52,51,13,21,19,41,59,11,57,55,15,43,7,49,42,37,0,54,36,8
140;119;24168;6411;0,50,45,56,58,33,25,6,34,28,22,17,59,46,27,16,9,49,43,57,12,21,29,2,10,26,42,24,8,48,7,53,35,31,36,5,18,30,1,39,11,32,52,15,37,44,23,41,13,4,47,14,55,38,51,19,3,54,20,40
141;103;19311;5108;30,13,53,28,34,45,48,15,25,18,2,32,8,16,52,43,39,57,33,19,38,10,21,40,20,4,44,35,50,3,6,37,58,0,14,24,27,42,56,23,59,54,5,36,7,41,22,47,46,29,49,17,11,12,31,51,9,55,26,1
142;107;12017;3227;9,1,17,2,58,10,57,5,49,7,37,20,55,18,36,30,28,0,19,24,32,54,40,43,59,46,42,34,50,52,21,48,29,4,14,31,15,33,26,38,44,35,41,23,51,11,8,22,25,27,47,53,3,45,12,6,56,13,16,39
143;98;7689;2043;52,43,3,50,10,55,20,57,31,46,0,4,26,40,48,22,41,47,42,56,27,21,13,58,35,34,36,7,54,19,38,44,25,14,45,5,1,28,17,51,11,2,59,18,30,8,33,16,12,53,15,49,6,23,29,37,32,39,24,9
144;93;12364;3271;24,40,49,36,32,2,48,59,11,38,50,54,1,13,53,3,6,43,25,30,34,57,35,51,20,33,4,9,16,19,0,12,10,45,55,7,41,58,56,31,8,23,26,44,21,15,42,37,18,28,17,5,22,29,39,46,27,14,47,52
145;121;21018;5572;7,43,21,56,1,22,45,47,46,32,44,51,31,36,40,37,26,33,9,41,35,50,58,18,5,49,14,57,30,15,23,4,38,8,6,2,24,16,48,25,34,0,28,3,29,53,27,42,54,11,13,39,59,17,55,12,19,10,20,52
146;95;10174;2708;46,44,3,15,4,53,16,34,8,41,37,1,42,49,18,19,12,30,48,11,10,54,2,35,33,23,45,7,52,29,31,24,27,14,5,50,57,0,51,47,43,40,25,13,22,59,21,9,56,55,17,20,6,36,32,39,28,38,58,26
147;115;17369;4604;20,40,2,37,49,51,9,41,21,53,59,19,47,11,4,30,1,17,34,24,10,15,23,31,32,46,48,0,14,29,54,5,55,8,50,45,27,44,22,38,13,56,39,7,33,3,52,36,57,43,26,18,12,16,42,25,6,58,35,28
148;99;9286;2474;23,32,20,18,16,40,3,38,46,5,31,11,29,2,52,19,7,57,58,35,30,42,15,12,47,39,44,51,34,21,48,53,54,4,17,24,27,41,6,13,14,25,56,45,9,26,22,0,55,33,8,1,43,37,50,10,28,36,59,49
149;116;16353;4344;26,9,39,23,45,43,44,4,5,1,0,20,46,8,53,19,48,6,38,33,57,15,12,36,25,2,41,42,49,3,59,16,34,28,14,21,52,7,56,37,22,10,17,13,30,24,55,40,58,51,18,35,50,54,31,29,32,11,47,27
150;111;8327;2226;14,43,0,11,57,15,34,35,30,45,28,26,29,33,12,23,42,44,54,16,56,50,10,55,58,39,52,8,4,1,31,25,18,48,21,3,5,49,27,51,38,20,22,13,40,7,53,6,17,2,46,59,32,36,47,9,37,41,19,24
151;97;16114;4276;47,16,59,45,43,0,27,6,9,57,42,49,55,31,4,25,34,41,15,22,10,37,26,5,29,21,12,30,24,40,3,46,20,48,2,52,36,35,14,58,7,17,18,32,1,44,33,56,53,51,39,28,54,8,23,19,50,38,11,13
152;106;7644;2043;58,27,33,13,45,6,21,4,5,9,14,2,46,24,20,17,3,36,22,1,49,42,32,48,56,59,23,8,38,51,28,35,11,30,55,0,41,52,44,15,25,50,19,53,39,47,54,29,7,57,31,16,43,37,26,40,12,10,34,18
153;108;9414;2519;53,8,27,3,52,6,41,51,24,57,20,2,4,50,23,31,39,44,32,40,37,28,34,10,46,55,29,33,12,56,17,38,7,18,26,5,15,42,22,30,1,49,54,25,35,14,45,43,16,19,36,9,13,21,0,47,48,59,11,58
154;102;12167;3220;10,51,7,44,20,33,5,48,49,29,46,35,23,13,36,30,53,52,59,11,56,4,27,34,0,8,9,58,32,55,24,41,57,15,45,38,54,18,28,25,3,40,26,50,12,42,43,22,37,14,31,6,1,16,39,2,21,17,47,19
155;96;11796;3137;48,34,30,40,16,39,45,18,17,38,9,51,44,57,56,58,12,8,19,24,20,33,43,10,7,41,15,22,32,37,31,35,54,23,5,3,27,25,0,1,52,4,50,21,55,14,11,49,42,2,26,46,59,36,6,28,53,29,47,13
156;99;12794;3467;35,50,15,1,7,17,2,6,24,55,39,36,32,42,31,44,47,5,41,14,25,3,56,27,58,29,51,28,9,11,33,48,18,20,49,52,40,53,10,23,38,8,21,54,45,19,16,37,13,34,59,30,22,26,4,43,12,0,57,46
157;105;16844;4490;31,44,52,55,4,57,29,7,46,50,48,6,20,33,47,49,56,19,17,21,28,15,1,45,23,2,32,22,18,43,42,40,30,35,16,36,27,24,10,3,13,11,34,54,9,5,41,37,38,8,58,25,12,59,26,51,39,0,14,53
158;98;11532;3062;7,22,40,47,18,25,1,56,29,35,42,17,11,44,34,39,8,43,5,45,3,23,48,4,57,16,26,46,2,0,49,12,24,50,52,55,13,30,38,6,53,32,9,59,20,51,15,28,36,41,33,27,37,14,31,10,58,21,19,54
159;114;12887;5381;16,40,59,19,48,33,47,58,54,10,21,11,3,32,44,26,35,8,25,43,34,5,52,38,53,39,28,45,49,41,30,50,56,37,31,13,17,42,6,2,23,12,7,18,24,46,14,1,0,27,29,51,22,9,20,4,57,36,55,15
160;125;17279;4583;45,28,27,12,49,47,17,22,5,30,13,10,41,39,14,11,35,40,44,1,6,7,24,26,21,32,58,23,16,46,52,36,55,29,50,34,59,25,19,33,31,2,42,8,15,51,3,37,56,18,38,9,20,54,48,53,4,57,43,0
161;104;16190;4297;48,11,52,30,56,49,35,38,8,10,22,1,15,51,47,9,31,34,18,58,27,2,12,50,26,40,28,4,6,46,39,3,32,45,7,44,16,29,21,43,17,37,5,19,25,14,13,24,23,57,55,59,41,53,42,54,0,33,36,20
162;121;16716;4466;25,28,23,21,20,24,1,50,22,32,37,7,6,5,3,51,42,57,35,55,47,53,10,30,36,18,27,14,48,0,16,11,43,15,52,59,9,31,56,58,45,19,17,40,12,41,49,2,33,13,34,38,54,8,39,4,26,46,29,44
163;99;8833;2356;46,22,38,7,45,35,15,23,8,43,44,16,19,51,50,10,56,5,11,12,57,42,21,2,53,29,0,18,13,20,6,26,25,36,55,54,30,59,3,33,31,1,47,39,52,41,24,32,9,17,37,49,40,34,4,14,27,48,28,58
164;104;9673;2580;17,26,19,43,8,39,27,47,25,22,45,7,56,34,33,13,1,40,10,53,37,6,48,21,9,35,28,2,41,50,54,18,52,29,15,58,14,59,51,49,12,24,0,4,46,32,55,11,38,36,57,20,16,31,30,23,42,5,3,44
165;114;14410;3824;23,30,24,48,1,47,49,58,27,15,7,18,34,16,6,38,40,29,19,5,3,14,46,35,50,9,41,22,51,20,57,45,21,12,13,33,44,32,25,0,52,54,31,10,42,56,17,2,11,59,53,55,36,8,28,4,37,39,43,26
166;103;9563;2614;24,47,48,56,26,34,9,23,5,27,14,59,42,17,4,32,30,41,51,33,22,55,58,3,35,11,45,44,12,40,1,19,43,39,8,46,18,20,0,6,10,28,57,36,29,16,52,50,15,7,37,49,13,31,54,25,53,21,2,38
167;117;10023;2726;55,9,47,49,20,25,2,33,13,56,52,1,22,28,46,58,38,30,41,14,0,48,57,8,59,26,45,6,54,43,24,40,11,23,32,34,19,37,35,18,29,10,44,21,53,31,15,5,36,4,50,42,3,7,12,17,27,51,16,39
168;129;19272;5161;6,19,21,38,49,26,28,3,31,56,14,9,47,57,44,27,1,16,32,35,25,20,52,43,53,39,34,12,7,55,54,18,58,17,41,33,40,46,50,13,30,45,29,11,42,37,48,24,59,36,8,15,23,2,22,4,51,0,5,10
169;118;16133;4347;50,35,51,48,30,52,49,56,34,21,0,31,47,36,40,38,6,20,10,32,55,15,16,46,4,27,7,22,42,28,12,11,26,39,33,18,53,9,29,54,14,25,41,2,13,45,57,3,43,44,23,58,24,5,17,19,37,59,1,8
170;98;15699;4228;47,32,18,3,4,10,42,28,49,52,34,31,54,25,39,58,38,24,45,15,1,19,43,44,17,40,46,37,12,56,51,48,22,59,36,23,8,2,35,57,13,16,0,26,27,53,21,6,41,14,11,5,29,50,9,7,33,55,30,20
171;101;12061;3310;35,4,55,54,58,30,59,12,5,40,2,15,42,46,39,19,34,52,21,14,41,49,24,53,25,44,18,51,23,43,13,8,47,3,16,7,45,33,29,27,38,31,28,57,56,36,0,22,32,17,50,26,48,20,9,37,6,11,1,10
172;110;17277;4618;27,4,17,22,58,38,59,0,46,53,52,2,56,15,26,34,43,54,33,44,10,47,41,39,25,50,19,20,49,37,55,40,11,45,7,13,42,8,29,21,9,51,36,28,3,24,23,1,57,5,31,14,48,18,6,12,32,30,16,35
173;100;12050;3282;30,3,53,40,43,10,8,26,12,16,42,28,57,31,32,6,56,46,13,49,7,14,24,4,29,2,54,51,1,20,35,0,44,18,37,15,5,21,59,38,17,55,25,36,41,23,27,33,9,11,34,45,22,52,58,50,39,48,47,19
174;69;8767;2376;59,26,5,49,12,27,57,54,21,47,53,16,22,29,46,34,40,8,3,23,0,55,32,36,10,28,52,9,19,30,50,37,11,1,31,45,17,14,51,43,7,56,35,15,39,48,2,33,6,25,38,4,58,18,20,41,13,42,44,24
175;103;9878;2679;15,19,29,9,24,36,47,10,45,25,37,28,48,12,38,34,3,5,42,2,41,50,55,23,22,49,44,17,56,32,1,4,8,54,58,30,26,18,31,27,51,59,20,52,33,6,16,57,13,40,7,39,21,35,46,11,43,53,14,0
176;108;14792;4004;12,59,16,9,10,51,52,27,2,14,17,50,20,28,19,42,4,18,30,13,40,29,34,36,55,41,48,56,15,0,47,11,32,33,5,45,57,44,58,53,21,37,39,54,1,8,23,3,22,38,25,35,43,7,24,6,31,49,26,46
177;99;13138;3545;23,42,3,4,9,47,0,36,53,17,16,25,51,1,6,20,41,29,5,40,43,46,44,39,54,15,58,10,30,57,14,24,52,45,56,18,37,28,34,7,35,59,38,50,33,11,2,12,48,8,55,13,19,31,22,49,26,21,27,32
178;96;10369;2821;18,41,54,3,28,56,36,1,30,14,7,37,33,45,43,47,40,42,35,50,23,46,59,12,17,4,8,55,52,51,39,15,53,9,26,49,27,32,11,6,57,21,25,38,58,29,24,22,2,10,0,16,34,31,48,13,5,44,19,20
179;90;15292;4180;53,15,50,17,42,19,57,12,35,32,16,4,51,37,45,22,6,8,31,25,26,30,10,38,54,34,13,7,58,46,39,11,44,21,24,2,28,29,47,27,9,43,52,0,18,56,33,55,59,49,23,20,1,36,3,48,5,14,41,40
180;109;8496;2308;2,35,33,12,47,30,31,42,34,20,28,46,18,58,10,0,5,51,53,26,56,32,19,9,49,43,50,22,7,41,40,52,57,59,45,55,25,17,8,38,29,16,39,21,24,4,11,37,54,15,13,48,23,3,6,44,27,1,14,36
181;101;12839;3402;32,54,29,52,53,31,22,36,9,38,50,57,25,47,23,10,26,1,45,3,43,59,55,19,34,46,28,24,8,56,44,48,35,5,18,27,37,14,17,15,49,40,51,0,6,33,12,2,20,30,42,39,7,21,4,16,41,13,58,11
182;102;10946;2912;30,1,21,46,58,47,56,29,39,45,19,31,5,48,26,33,40,3,6,53,35,23,49,44,42,20,9,7,51,28,59,22,50,16,13,25,4,15,27,14,57,12,38,0,17,32,36,2,8,43,24,34,41,55,52,37,11,54,10,18
183;130;22509;5959;0,26,31,27,44,11,30,57,39,5,29,16,21,1,13,42,10,55,28,58,20,8,18,49,25,36,45,40,51,35,50,52,3,6,48,38,37,12,24,54,4,19,34,7,23,2,46,56,15,53,59,33,22,17,9,14,32,43,41,47
184;113;14865;3988;35,8,47,39,41,57,51,29,16,5,25,13,19,14,18,38,15,36,11,12,32,48,0,26,21,44,7,10,49,17,55,40,46,30,50,3,6,54,34,23,27,2,52,4,28,37,59,58,43,24,20,33,56,45,42,1,31,53,22,9
185;103;12049;3191;57,59,23,40,5,24,14,25,54,22,52,15,16,8,12,7,41,36,42,34,26,35,48,47,20,6,43,49,29,0,58,11,30,9,56,46,13,1,53,32,21,33,38,45,28,37,55,10,27,39,50,18,44,51,4,31,19,17,3,2
186;86;12274;3260;7,11,13,6,26,20,15,2,45,27,40,47,19,24,30,18,37,39,25,48,41,44,28,31,34,56,50,52,0,22,16,21,54,38,36,3,12,17,29,4,23,1,58,53,10,32,8,14,51,5,46,33,49,35,42,55,57,9,59,43
187;123;12694;3381;32,56,49,43,55,21,13,6,59,24,57,38,1,48,18,39,11,47,50,10,44,26,8,46,4,45,3,37,41,19,15,9,27,42,51,2,29,0,30,23,35,54,28,33,22,53,31,34,17,40,12,14,25,7,36,5,20,16,52,58
188;91;14210;3767;55,7,10,58,48,19,47,57,23,25,31,32,15,45,11,51,54,38,52,53,41,16,6,0,30,28,44,18,42,3,46,12,5,2,33,21,8,1,59,56,37,14,24,36,27,4,49,43,13,39,50,34,35,9,40,17,29,20,22,26
189;111;9997;2669;11,57,9,28,48,46,52,15,14,59,0,3,32,8,24,36,7,55,22,5,44,16,27,2,45,42,53,51,17,47,49,20,10,21,50,38,18,30,56,6,29,43,31,23,39,37,35,19,25,54,1,33,40,13,4,26,41,58,12,34
190;101;14501;3880;55,17,13,42,26,5,59,36,46,0,11,43,41,15,14,33,37,58,10,39,6,22,51,7,57,49,56,27,44,32,4,23,34,21,45,9,24,8,38,18,54,50,16,3,48,1,25,29,20,30,53,12,2,35,40,31,52,28,19,47
191;78;6300;1683;11,44,30,34,6,48,0,46,36,25,33,42,9,21,51,24,12,15,31,27,53,17,57,45,23,56,2,22,47,43,8,7,40,58,59,18,4,20,41,3,39,14,1,26,35,19,50,32,54,28,29,49,10,52,55,13,38,16,37,5
192;106;19115;5087;47,32,12,37,38,41,23,18,53,44,51,56,10,17,30,55,33,40,0,28,20,50,19,31,6,11,46,59,39,13,4,42,43,35,36,9,21,48,27,24,16,34,8,15,2,1,49,29,7,14,26,5,54,52,25,45,3,58,57,22
193;100;20914;5542;28,19,42,26,7,30,50,49,51,17,38,15,9,53,58,3,37,16,23,33,1,21,34,46,57,32,14,12,48,44,55,13,2,0,11,54,31,8,47,6,40,25,41,24,52,56,45,29,59,36,4,39,27,10,22,20,5,18,35,43
194;126;15802;4255;55,51,27,18,16,0,59,48,10,35,49,1,26,45,42,20,29,14,44,58,28,30,11,25,4,9,32,2,54,6,33,5,22,41,17,39,8,57,21,46,12,23,53,36,38,13,7,43,15,37,50,31,56,3,19,24,52,34,47,40
195;101;19686;5285;25,36,58,2,57,7,31,26,27,1,42,43,4,38,20,32,18,13,9,8,40,29,19,34,15,59,47,17,54,16,28,37,48,53,30,23,49,56,11,44,50,39,10,0,14,12,3,52,35,46,5,45,24,21,33,6,41,55,22,51
196;112;27476;7354;32,2,1,12,20,13,23,54,16,40,26,11,43,59,35,48,34,3,50,55,14,6,51,0,28,53,10,58,9,29,19,7,4,30,24,39,36,47,52,38,31,49,18,27,17,33,45,22,42,56,5,44,21,25,8,15,46,57,41,37
197;85;14902;4032;21,25,10,40,56,13,55,9,23,33,14,36,20,46,50,42,52,24,8,58,29,28,6,19,26,59,49,35,41,57,47,43,30,18,5,31,45,1,12,16,11,22,15,17,51,44,0,37,39,48,2,3,34,54,7,27,38,53,32,4
198;102;14427;3876;1,11,51,48,35,58,5,24,26,2,37,8,18,47,55,31,39,4,40,42,10,21,22,34,14,38,50,36,30,44,15,33,19,54,28,17,46,9,45,27,23,12,20,32,25,43,7,3,16,53,13,49,52,6,0,59,56,41,29,57
199;108;19588;5245;30,3,22,59,44,20,1,49,48,25,38,45,27,12,37,13,55,28,6,53,17,34,56,42,10,32,2,36,43,26,7,46,39,15,31,14,0,18,29,21,16,19,11,47,35,8,51,9,33,50,24,23,5,58,40,4,54,52,57,41
200;89;8418;2288;38,40,53,29,42,34,59,0,55,14,18,54,4,25,39,56,28,46,26,43,11,31,32,1,47,44,48,6,36,8,33,41,3,10,30,5,58,51,24,21,9,12,7,50,57,2,16,19,35,17,22,20,15,23,27,13,49,52,37,45
201;101;16583;4453;30,35,52,17,47,28,43,0,3,45,25,51,31,13,40,9,26,41,53,11,22,36,19,27,49,18,14,34,15,44,2,46,55,29,23,33,16,54,10,38,20,24,8,50,56,1,21,42,4,39,12,57,32,37,5,7,6,59,48,58
202;90;9778;2670;33,39,54,41,21,19,2,47,45,34,10,46,53,37,52,44,5,4,48,23,56,43,17,7,38,8,40,32,31,20,24,29,55,6,14,0,42,50,22,35,12,11,16,18,51,57,36,9,30,26,59,49,58,13,3,28,1,15,27,25
203;93;13289;3579;38,2,57,39,55,22,36,6,58,37,56,12,27,50,15,9,41,19,40,33,59,35,1,30,23,44,17,5,3,51,45,0,4,13,31,32,7,16,34,46,42,10,28,52,43,47,11,49,29,26,25,21,54,53,14,8,18,24,20,48
204;99;13673;3676;20,10,0,23,55,39,15,33,45,16,48,21,19,26,41,18,11,38,22,5,12,7,56,27,4,3,25,52,1,37,31,47,28,58,6,34,59,14,8,24,35,50,46,42,53,29,36,32,9,43,44,57,40,51,13,2,30,17,54,49
205;117;17096;4585;35,21,29,43,40,34,20,25,50,12,45,30,5,47,42,26,3,6,11,56,19,36,32,10,51,0,2,49,8,17,33,48,52,59,46,23,38,13,41,18,37,58,57,16,14,24,7,39,31,44,1,53,15,54,27,4,9,22,55,28
206;117;11643;3158;6,26,24,45,50,44,58,20,38,7,57,46,35,12,27,21,40,18,23,14,32,42,34,54,33,25,9,55,59,4,31,28,43,30,39,36,11,48,8,53,56,51,41,37,16,29,47,19,15,10,13,52,3,17,22,0,1,5,49,2
207;80;7708;2102;39,43,18,16,30,47,54,24,29,28,3,35,53,33,31,20,23,26,13,4,52,45,22,8,1,12,2,40,49,0,7,50,15,32,17,59,9,36,5,27,42,34,14,37,25,58,21,51,10,48,57,55,56,46,11,38,44,19,41,6
208;125;15454;4090;10,43,58,49,51,20,19,52,18,39,16,13,28,42,40,22,3,15,33,53,34,14,32,46,30,11,54,56,25,44,6,31,27,57,36,17,38,1,12,5,37,50,26,4,59,47,21,8,0,23,7,41,45,35,48,2,9,55,29,24
209;102;16588;4609;36,44,12,34,52,46,56,6,45,26,47,10,37,58,39,13,24,35,3,1,41,49,40,51,11,48,53,5,17,30,18,15,23,14,33,27,0,20,38,2,8,28,19,43,9,42,4,16,50,54,7,21,57,31,25,22,55,29,32,59
210;114;26657;7051;39,34,30,20,25,9,41,59,23,40,52,56,27,17,2,21,43,37,4,58,28,49,44,50,29,24,51,22,8,10,11,14,6,46,26,45,31,38,19,12,16,42,15,3,54,36,33,1,0,18,53,55,7,5,47,57,48,13,32,35
211;126;18865;5016;23,28,47,48,35,52,50,17,18,57,15,53,21,44,11,42,4,40,29,38,7,5,43,39,30,36,27,8,41,26,55,25,51,33,0,31,19,1,24,12,3,9,34,56,37,46,13,58,22,59,49,45,6,54,32,20,2,16,10,14
212;111;13339;3551;56,44,27,24,38,25,42,54,46,57,14,37,26,55,0,7,50,1,31,51,9,39,2,29,19,34,12,47,45,10,15,13,28,33,16,23,52,6,4,58,36,48,43,30,53,20,21,40,5,35,3,17,11,49,22,18,32,8,59,41
213;116;15499;4103;52,57,19,51,48,6,27,37,36,16,29,13,17,3,33,20,43,15,26,55,4,9,32,0,49,24,39,58,11,34,46,56,50,53,23,5,38,35,10,21,2,47,44,31,42,40,45,22,7,14,12,8,25,30,28,59,41,18,54,1
214;109;7899;2108;41,18,53,27,29,6,7,9,31,36,12,40,21,37,24,51,38,15,20,39,56,28,1,19,5,48,23,35,3,26,14,2,49,50,45,42,13,16,10,8,34,46,25,52,30,0,59,57,55,47,33,54,43,22,44,4,58,17,32,11
215;118;12445;3308;52,20,5,49,35,47,57,7,31,36,13,22,18,51,28,48,32,19,37,53,55,15,43,1,17,39,29,21,23,40,3,56,42,16,25,14,2,45,11,9,33,8,59,41,12,54,34,26,6,30,24,58,4,10,0,27,44,50,38,46
216;96;10068;2685;57,53,19,13,49,27,20,21,15,1,39,8,10,22,33,5,17,40,4,18,16,9,35,42,2,14,59,11,3,26,38,25,29,0,7,47,48,34,50,46,24,56,44,37,51,58,52,41,12,6,45,30,32,28,31,55,23,54,43,36
217;120;17415;4649;15,43,28,9,8,26,24,46,23,39,16,20,48,42,10,55,25,1,29,45,54,51,47,37,57,2,32,22,13,12,27,0,40,6,14,38,17,53,56,31,49,50,21,4,5,52,30,44,33,36,41,35,3,34,19,7,58,18,11,59
218;126;18030;4794;38,5,18,44,17,45,12,51,58,56,41,29,9,43,6,16,57,23,13,10,32,35,27,36,1,39,22,26,59,50,8,3,53,34,40,2,7,30,15,46,0,55,48,42,28,21,31,11,20,19,25,33,14,49,4,54,47,37,24,52
219;96;13028;3455;57,39,17,3,29,25,35,23,46,36,51,48,59,20,6,18,24,5,4,45,56,50,30,54,55,42,12,8,58,16,38,15,32,43,52,7,0,21,37,41,47,31,34,14,9,11,49,26,33,1,19,2,27,13,44,28,22,53,10,40
220;109;12202;3219;9,44,53,20,26,25,24,30,18,1,42,47,40,17,35,8,2,37,4,5,6,54,51,15,14,56,46,7,59,34,55,19,52,22,43,45,36,21,12,38,57,27,50,29,13,0,3,10,23,11,49,16,32,41,58,48,33,31,39,28
221;112;14346;3831;52,3,28,22,1,48,2,6,54,56,44,40,42,16,58,29,26,18,8,7,43,30,32,34,31,0,9,38,46,20,15,25,12,57,49,13,33,53,19,21,4,5,45,10,35,27,23,24,14,11,59,51,36,47,55,50,17,39,37,41
222;106;20343;5423;42,49,38,18,52,2,58,4,8,22,11,15,32,35,6,33,41,55,34,43,19,26,16,59,9,54,0,51,21,20,39,30,7,56,27,23,14,3,46,17,25,37,57,1,44,47,12,10,50,40,13,28,5,31,29,48,36,24,53,45
223;89;9715;2644;20,44,51,54,29,6,35,50,7,36,9,12,37,4,47,18,39,53,8,10,11,26,32,21,46,57,16,49,2,15,59,3,0,42,27,56,1,38,55,34,45,22,19,25,5,14,52,43,24,40,31,17,13,33,28,23,48,30,58,41
224;120;15772;4233;1,49,5,6,8,47,50,29,9,32,20,26,30,59,22,46,0,25,35,34,40,12,41,21,18,28,3,19,27,14,38,13,31,16,44,57,2,53,10,23,4,36,54,24,48,52,39,42,56,55,7,17,58,37,15,33,51,45,11,43
225;112;15098;4069;31,32,18,41,3,4,46,9,50,40,35,44,51,34,26,6,45,8,47,22,48,19,42,14,24,55,38,5,15,57,17,54,27,39,21,1,49,33,2,23,0,52,12,59,20,10,13,36,11,58,53,16,30,25,28,37,7,43,56,29
226;99;12224;3295;40,28,34,6,4,5,15,13,47,25,50,11,21,8,32,52,55,30,36,51,12,20,38,42,49,24,18,26,22,54,2,58,48,29,46,59,17,31,19,27,37,45,35,41,44,0,39,57,7,33,10,23,56,14,9,1,3,43,16,53
227;113;13368;3595;56,43,41,52,53,58,13,6,1,21,37,12,57,42,31,9,39,16,8,32,24,29,26,7,15,50,11,49,17,33,35,2,47,25,4,46,34,28,0,23,59,20,55,36,3,19,51,54,38,48,40,30,18,14,5,44,10,45,22,27
228;114;10469;2840;0,27,11,22,44,32,25,57,36,58,16,53,47,46,9,54,6,13,7,1,10,3,43,52,33,50,2,28,12,40,15,55,8,42,35,21,34,23,20,49,26,37,56,51,31,39,17,29,24,18,14,30,59,45,5,4,19,38,48,41
229;107;14390;3903;16,44,31,54,24,53,6,45,42,56,55,0,37,50,7,19,3,11,1,4,32,39,34,26,5,47,13,29,59,41,18,30,2,58,27,15,14,48,8,35,51,57,49,46,10,20,38,43,28,17,9,23,21,36,22,25,12,33,40,52
230;104;9565;2606;19,43,51,24,10,47,39,20,30,34,4,36,9,41,15,37,57,3,56,33,52,25,0,49,31,58,32,5,12,28,13,45,48,16,23,18,50,55,40,14,42,1,26,44,29,17,46,2,21,35,6,38,53,54,22,7,59,8,11,27
231;105;14068;3796;44,35,45,9,49,15,18,30,8,51,31,11,29,36,4,48,53,55,14,0,20,3,6,57,22,13,2,26,59,19,37,28,7,17,54,38,12,32,41,50,40,58,47,24,16,33,21,39,34,5,46,42,43,1,56,23,25,10,52,27
232;99;12458;3409;10,12,55,54,9,49,58,42,33,29,34,3,53,26,30,50,16,6,39,59,28,52,36,35,4,57,41,0,40,46,20,2,19,1,15,45,17,14,23,47,25,32,13,11,18,38,21,48,22,5,37,8,31,43,44,7,51,24,56,27
233;113;25470;6814;36,10,29,1,13,45,25,22,33,58,16,48,41,4,11,43,3,47,26,59,38,2,19,21,24,44,6,18,17,8,23,50,5,35,14,31,49,54,32,42,51,30,28,57,27,12,53,40,0,46,37,39,20,15,7,34,56,52,55,9
234;119;19256;5193;11,49,44,10,2,27,23,1,9,6,54,28,47,36,51,15,20,3,25,14,19,21,0,59,16,37,45,42,57,41,18,33,40,29,53,24,13,31,50,39,17,7,4,35,46,30,5,32,38,52,8,12,22,55,34,56,26,48,43,58
235;91;12326;3330;8,43,53,56,20,3,34,51,5,41,40,32,29,47,49,12,24,1,6,7,10,23,33,28,50,26,16,17,31,0,25,14,44,39,54,37,57,30,19,15,46,48,35,9,45,42,55,58,18,13,4,38,36,27,22,11,21,2,59,52
236;106;20236;5405;57,9,11,47,55,27,48,15,5,12,25,44,6,36,39,56,14,52,21,4,32,49,0,16,24,23,17,20,33,19,30,1,41,58,38,35,8,53,26,34,3,43,29,2,28,45,51,40,54,50,42,59,22,18,31,10,37,13,46,7
237;107;11917;3218;3,58,27,1,5,39,32,25,35,59,24,20,10,47,30,52,16,42,41,29,44,56,17,54,23,9,22,40,50,21,28,12,36,51,14,48,2,34,7,45,19,13,37,15,57,43,46,0,6,18,8,33,4,49,31,26,11,55,53,38
238;86;11181;3044;24,47,11,48,35,54,2,5,31,18,55,56,7,59,13,57,16,19,51,52,39,15,43,8,45,29,30,21,28,3,4,10,50,20,53,42,38,58,0,27,6,12,17,23,22,26,49,44,14,37,36,34,1,40,33,41,25,9,32,46
239;89;11640;3146;30,16,55,29,37,50,42,7,44,1,15,33,34,48,47,38,9,43,28,27,18,5,20,59,23,25,41,35,6,3,52,12,19,40,51,8,24,53,21,56,32,14,13,54,17,26,46,10,57,36,4,2,31,49,58,22,39,0,11,45
240;127;16337;4400;7,19,9,57,1,36,25,58,49,16,17,30,28,55,52,15,51,42,5,4,8,32,3,31,53,44,47,14,10,34,23,33,43,13,38,54,48,50,0,45,22,26,59,40,2,56,39,24,21,20,11,6,18,35,46,27,37,12,41,29
241;84;14540;3914;9,36,49,32,54,55,34,59,39,10,6,13,17,35,22,20,11,53,57,33,43,46,26,25,37,29,3,51,40,41,38,4,48,12,7,24,15,14,5,18,8,28,23,16,50,21,56,42,52,19,31,2,47,30,45,58,1,0,27,44
242;104;8313;2257;51,32,42,18,54,41,27,28,23,13,25,55,58,9,17,38,0,57,29,47,2,15,46,5,45,7,59,14,11,52,56,34,44,30,50,3,12,36,37,16,53,49,26,1,10,21,31,4,39,43,40,48,35,20,24,19,6,8,22,33
243;106;12912;3524;39,34,2,40,18,57,13,59,27,20,6,44,1,28,51,43,49,3,45,33,48,35,42,21,26,8,24,0,36,22,38,32,47,19,23,9,46,25,55,50,29,17,41,31,53,14,7,10,12,37,52,5,15,16,54,4,56,30,11,58
244;101;10876;2982;41,0,11,6,9,12,18,43,25,45,42,57,54,37,26,27,36,58,59,8,24,7,29,49,28,13,19,17,30,10,14,35,34,1,48,31,15,21,56,38,55,22,46,52,16,51,23,47,40,3,50,39,5,33,20,2,32,53,4,44
245;81;7350;2049;21,4,6,16,59,51,8,19,20,3,53,9,46,40,13,17,29,47,50,22,48,26,31,44,28,14,0,1,41,42,38,58,25,45,39,2,36,57,12,15,34,18,52,30,27,11,56,10,23,43,5,55,49,33,32,37,35,54,7,24
246;98;11569;3067;58,16,45,18,47,15,30,33,49,8,54,3,34,51,40,22,20,42,12,43,57,56,37,53,38,26,36,52,31,48,0,25,35,28,13,7,21,50,6,46,9,44,24,10,55,27,23,41,11,59,17,5,32,1,19,4,14,2,39,29
247;107;18314;4859;53,58,31,17,50,54,57,42,39,26,11,51,14,35,15,9,0,16,40,19,22,29,34,28,25,13,33,1,3,43,37,8,56,47,46,21,20,45,44,18,38,23,55,12,5,10,2,32,52,49,7,30,4,48,41,59,24,27,6,36
248;106;11563;3073;37,16,33,56,57,17,34,23,5,10,21,36,6,25,3,40,22,31,11,38,45,7,30,32,47,26,41,50,28,43,20,58,24,1,0,46,12,15,51,48,42,9,44,13,52,27,54,55,4,8,39,49,14,59,29,35,19,53,2,18
249;84;10681;2838;0,26,8,29,17,34,12,10,13,7,3,19,30,4,31,39,59,5,40,28,20,51,11,46,38,14,22,1,42,54,47,9,21,24,2,58,18,41,37,16,55,49,25,15,48,6,32,57,43,36,45,50,52,35,56,23,53,44,27,33
250;106;10665;2839;12,56,53,32,33,18,49,10,9,58,42,34,26,43,5,50,24,55,48,40,35,59,6,31,3,57,7,38,44,2,22,21,0,17,30,45,11,36,23,13,25,52,46,47,1,8,19,41,20,37,14,4,15,39,28,54,51,27,29,16
251;108;13051;3469;10,2,36,57,4,53,12,55,51,34,21,0,56,16,58,42,29,6,41,54,20,31,43,15,22,40,46,14,39,50,49,32,13,24,37,5,27,47,25,17,45,3,44,18,19,52,30,1,8,28,11,7,38,9,35,23,59,33,48,26
252;78;10471;2784;2,56,7,27,15,48,49,55,6,17,5,18,9,20,39,16,26,41,57,29,46,28,58,12,36,47,50,13,33,34,23,38,52,22,44,42,35,31,45,51,14,53,1,37,8,0,10,40,43,24,54,4,19,21,3,25,59,30,32,11
253;87;17276;4586;22,53,48,30,12,46,28,42,54,11,33,17,10,45,39,13,1,59,29,52,16,58,32,47,6,27,34,9,55,2,14,7,43,18,38,15,31,49,19,36,4,37,8,20,25,51,23,56,24,44,3,0,50,21,35,57,41,5,40,26
254;83;7716;2100;55,42,52,56,50,46,23,39,21,29,9,24,53,13,4,44,33,12,45,30,28,18,0,5,43,49,7,25,22,3,40,32,26,14,20,16,51,10,41,36,2,58,34,1,59,27,8,17,15,37,54,48,35,38,31,11,57,6,47,19
255;90;12336;3283;54,43,21,23,50,46,10,27,33,32,2,25,57,55,22,19,6,58,38,35,42,13,41,28,30,36,40,49,51,37,59,4,24,20,17,18,29,53,52,5,0,7,12,39,47,3,56,1,8,9,34,45,26,16,48,44,11,15,14,31
256;86;9176;2448;43,14,33,12,34,38,54,40,57,9,36,19,29,55,20,58,59,22,41,48,11,49,0,31,47,39,44,8,2,56,27,3,6,23,28,13,50,17,7,25,4,52,18,45,21,53,51,30,26,35,46,15,32,37,10,5,24,16,42,1
257;113;12273;3255;52,26,46,48,1,40,43,54,5,41,8,20,29,21,11,57,50,0,31,13,51,59,34,55,39,18,44,32,37,16,3,19,47,30,6,36,7,17,33,45,9,58,53,28,4,2,27,22,12,14,25,10,49,15,35,23,56,38,42,24
258;102;13719;3642;58,46,45,1,18,49,6,59,17,23,29,11,12,25,2,26,53,33,35,5,32,4,42,14,41,28,52,37,43,15,50,54,40,22,7,57,3,21,30,36,38,27,9,20,31,16,51,0,13,44,39,47,19,56,24,8,48,55,10,34
259;96;9510;2527;19,14,57,7,32,13,30,27,8,52,44,6,16,46,33,48,53,36,12,34,20,35,37,21,15,42,59,23,50,9,47,1,29,41,4,39,3,11,10,49,56,24,43,31,28,51,2,22,38,0,5,58,54,45,26,17,25,55,40,18
260;96;15075;4007;2,6,47,34,1,32,8,3,22,7,35,21,59,50,42,44,48,24,10,57,40,39,20,25,0,13,49,43,37,53,18,38,51,17,27,41,19,45,31,15,16,36,12,58,29,26,5,30,23,14,9,55,56,46,28,52,54,33,11,4
261;89;8633;2303;25,42,21,16,14,2,12,30,46,51,27,17,20,26,54,31,9,34,55,19,37,22,44,52,40,38,50,0,35,3,53,23,18,48,45,33,13,47,1,59,58,4,39,7,8,41,32,24,29,6,57,10,43,49,15,36,5,28,56,11
262;98;12807;3387;30,10,52,20,47,40,27,57,5,23,13,49,24,36,41,3,37,22,43,26,19,1,16,33,11,51,18,9,53,48,21,28,59,12,15,54,8,35,0,38,55,58,32,39,50,17,2,42,25,46,6,34,29,14,56,45,4,31,44,7
263;83;7300;1945;41,47,28,37,10,31,21,1,25,2,59,58,55,53,39,51,16,40,50,7,54,20,26,6,32,44,49,36,34,19,46,29,5,35,33,45,57,42,14,23,30,38,18,4,3,22,24,27,9,52,56,12,48,8,0,13,11,17,43,15
264;131;21829;5803;26,35,41,32,47,52,49,37,45,42,22,48,39,38,58,31,11,27,25,18,54,59,1,23,12,46,4,6,8,44,10,51,56,5,3,14,0,30,29,17,36,9,28,7,20,13,16,19,21,33,24,2,53,40,50,55,34,57,15,43
265;113;11774;3161;22,12,3,30,54,57,46,2,45,59,0,29,47,33,18,14,42,40,15,34,10,53,1,50,36,35,31,43,28,6,39,32,56,26,7,8,4,13,24,51,52,25,58,27,19,16,17,41,37,20,23,55,11,48,38,5,21,44,49,9
266;130;24473;6551;42,23,59,18,31,24,30,7,14,41,37,12,40,3,28,17,11,13,48,1,56,20,22,58,54,53,6,19,4,2,47,39,44,15,50,27,21,36,32,57,51,35,43,29,38,52,46,9,16,26,8,10,34,5,45,33,49,25,0,55
267;115;17583;4669;49,59,58,2,17,1,42,7,38,54,39,47,40,9,0,56,31,27,6,26,41,18,20,45,13,51,50,52,5,30,14,34,53,29,33,4,12,43,44,3,10,8,35,28,36,16,55,48,24,11,46,15,37,57,22,21,19,23,25,32
268;105;11028;2929;4,24,20,23,0,27,14,45,15,35,39,1,10,46,32,52,11,19,6,9,21,29,58,5,8,51,38,18,41,34,12,42,13,44,50,54,31,40,28,47,17,53,43,49,3,56,26,48,25,16,57,36,37,33,7,22,30,2,59,55
269;120;12843;3421;18,56,51,11,10,25,52,12,55,49,38,9,20,59,41,53,58,37,7,40,34,46,24,30,17,1,29,8,39,26,2,5,54,23,47,21,4,32,43,14,28,3,19,45,6,15,36,16,33,22,57,31,50,48,13,42,0,27,35,44
270;98;13697;3651;16,27,38,22,10,29,54,14,36,58,19,30,28,35,48,53,25,32,5,40,26,4,43,31,47,15,1,18,0,57,42,20,17,13,46,8,3,51,6,49,23,9,59,45,37,56,34,41,21,52,12,50,39,2,24,33,7,11,55,44
271;117;14588;3869;57,22,39,3,12,48,9,14,13,55,38,27,31,47,41,25,26,29,35,37,32,10,56,36,1,54,20,4,8,52,15,34,0,49,6,50,23,5,59,33,43,11,45,17,53,58,40,51,21,24,42,46,28,30,18,16,44,7,19,2
272;98;14238;3784;35,41,19,29,7,52,22,23,25,3,16,48,18,20,2,28,9,47,59,0,30,50,46,55,39,40,26,27,36,8,13,1,44,43,24,14,57,51,37,15,31,17,58,5,21,4,49,56,38,45,33,34,6,53,10,42,54,11,32,12
273;82;14014;3774;20,7,0,16,55,57,27,26,36,25,50,12,21,34,6,52,35,31,43,10,22,42,28,3,29,46,47,58,2,51,5,23,17,9,19,39,33,44,48,30,15,37,18,54,40,32,24,59,1,14,38,13,56,45,11,49,8,41,4,53
274;100;15373;4158;49,19,16,48,56,45,25,54,24,8,33,36,26,28,57,17,12,3,10,53,41,42,34,27,35,59,14,38,46,29,13,44,58,0,6,37,40,20,11,7,9,51,18,5,43,2,55,32,50,39,1,15,4,23,21,52,47,22,30,31
275;108;16399;4390;52,40,21,41,56,39,44,34,36,1,0,17,10,53,20,35,31,11,6,30,22,5,55,38,37,49,29,43,24,26,59,4,47,58,23,46,50,42,16,19,8,14,57,27,13,25,12,9,7,18,2,45,33,32,28,48,3,15,54,51
276;107;12487;3398;14,47,40,19,50,23,43,24,32,26,44,49,54,37,25,48,58,21,41,30,11,4,34,45,15,17,7,57,33,0,18,52,53,55,29,36,39,46,51,3,5,13,8,59,20,12,38,31,28,1,6,9,22,56,16,27,35,2,10,42
277;124;13461;3638;33,58,3,16,50,30,49,34,59,14,24,23,36,41,11,54,40,42,19,37,52,26,12,9,31,46,7,32,5,57,22,10,0,28,4,21,29,47,6,38,45,25,43,15,48,27,8,53,1,13,2,55,56,39,17,51,18,20,44,35
278;106;11863;3205;14,33,41,20,47,6,12,54,52,31,18,49,7,27,16,59,46,55,1,38,19,53,5,8,22,21,40,34,2,0,24,43,56,13,39,50,36,48,17,11,15,37,42,45,23,10,3,32,4,9,44,35,25,30,29,51,26,57,28,58
279;98;14615;3948;29,7,2,47,0,20,18,55,16,26,31,27,56,25,49,40,4,35,39,14,52,57,9,51,3,41,12,44,38,43,48,15,46,28,36,50,13,5,37,23,21,54,30,33,42,10,59,22,8,11,24,6,45,1,53,58,32,17,19,34
280;91;13783;3705;22,28,6,33,37,16,43,41,21,3,20,27,54,8,12,49,40,38,55,58,52,7,10,24,14,2,26,5,51,44,46,31,30,0,23,45,4,9,19,59,39,47,48,34,25,29,17,32,13,53,57,18,42,50,1,11,36,15,56,35
281;101;16243;4359;45,41,21,33,3,15,17,53,2,50,12,10,56,24,47,34,1,49,43,29,11,22,38,58,20,8,37,6,7,48,55,36,42,51,13,5,54,46,25,27,0,39,31,40,9,28,52,44,23,57,35,14,32,59,26,30,16,18,19,4
282;103;12556;3378;9,53,31,42,11,27,16,46,28,43,26,49,41,24,19,33,15,34,8,39,48,17,44,6,50,21,12,36,56,0,7,4,37,14,38,55,40,57,13,51,59,32,58,1,20,22,23,10,29,5,30,18,2,52,3,45,35,54,47,25
283;99;16016;4408;13,38,46,12,19,0,8,14,34,25,3,20,15,43,54,59,22,5,51,55,56,18,4,57,58,11,30,1,7,28,21,24,36,53,33,49,23,35,10,45,2,6,16,39,37,47,26,44,52,48,50,42,31,27,17,41,29,32,40,9
284;107;17284;4646;58,25,56,18,22,40,43,28,17,34,1,46,12,53,57,33,9,52,4,38,26,36,19,27,7,15,6,3,35,5,54,31,37,50,13,23,49,2,20,41,21,10,51,0,16,44,29,39,48,59,30,47,32,45,24,14,8,42,55,11
285;110;14492;3909;21,4,18,10,14,42,7,38,33,23,43,2,28,51,19,50,47,58,44,35,11,37,53,13,16,0,3,12,29,52,45,31,9,15,56,46,22,1,32,30,59,26,25,54,55,41,5,49,57,8,48,20,40,39,6,17,36,27,24,34
286;105;10817;3019;7,20,0,52,10,35,11,9,23,5,21,31,32,8,55,40,48,37,4,47,36,45,54,51,19,49,3,18,34,24,17,30,12,50,28,13,15,44,26,25,57,14,1,29,22,43,6,56,38,27,53,33,41,46,16,59,2,39,58,42
287;105;12782;3414;7,13,27,24,53,23,22,16,46,35,12,57,43,1,26,32,10,2,19,45,42,34,47,58,54,55,11,4,21,49,17,38,0,31,48,15,9,37,29,3,6,28,44,30,33,5,18,56,8,40,36,14,39,51,50,25,41,52,20,59
288;125;16068;4266;58,17,42,49,32,16,39,27,59,52,7,30,25,34,1,0,20,48,18,26,37,14,28,9,35,33,15,56,57,13,51,5,12,23,24,31,36,21,10,29,45,22,40,4,50,11,8,43,46,6,54,44,41,38,2,55,53,3,47,19
289;93;6725;1787;13,8,14,57,32,24,9,7,27,17,44,36,3,0,55,31,41,54,48,58,43,38,40,34,1,30,21,10,46,33,35,39,2,56,45,23,25,49,22,6,15,28,47,51,26,37,5,4,29,52,50,11,16,53,12,20,19,18,59,42
290;104;13196;3520;3,43,20,44,47,33,40,48,14,45,50,16,38,30,52,37,22,25,10,23,29,5,35,2,7,51,58,11,41,32,9,55,8,49,13,36,27,42,0,6,57,46,15,53,31,56,34,1,17,39,4,24,18,54,26,12,19,21,59,28
291;96;13810;3654;10,26,50,48,21,34,4,31,15,5,3,24,16,41,51,0,52,29,55,18,20,47,40,28,44,14,22,37,6,45,12,43,13,36,33,17,39,27,58,35,1,19,25,38,57,9,49,30,7,8,53,2,56,46,23,54,11,42,32,59
292;82;7732;2055;5,48,42,13,28,26,18,40,36,8,41,31,47,52,7,1,6,23,49,0,27,33,2,15,29,39,35,50,59,51,57,38,30,46,55,17,45,21,16,10,11,22,53,4,20,43,54,19,3,14,9,56,12,37,32,44,25,58,34,24
293;98;10680;2840;58,10,27,36,33,50,35,47,31,40,1,2,13,15,21,41,45,20,48,39,19,46,30,16,12,9,37,24,8,55,3,56,43,51,11,23,54,38,29,5,28,6,32,7,44,59,52,17,25,14,34,4,42,49,18,22,26,0,57,53
294;91;15212;4024;37,19,0,25,10,39,29,38,24,20,48,58,49,2,45,31,32,52,11,12,51,40,44,5,42,26,16,55,34,18,4,7,1,27,8,36,54,50,6,30,35,59,15,21,9,53,41,56,57,3,47,22,43,13,17,14,46,23,33,28
295;100;8440;2249;31,20,15,14,16,38,5,43,26,7,50,34,40,44,35,37,52,39,8,30,41,17,29,32,33,59,57,54,47,56,1,10,4,18,25,21,27,23,2,46,48,49,9,58,3,19,51,12,0,53,36,55,13,24,42,45,22,28,11,6
296;96;9880;2714;28,41,21,3,37,38,5,20,17,6,33,52,27,54,7,49,58,15,13,19,1,50,26,8,0,34,25,14,45,35,53,29,12,59,16,23,10,47,18,46,39,2,42,51,22,32,24,43,36,40,31,56,9,55,30,48,57,4,44,11
297;112;16325;4463;42,1,49,57,29,36,22,31,27,39,17,3,38,15,4,7,26,23,55,47,32,52,58,43,9,54,16,2,11,10,40,59,33,21,13,30,50,37,45,18,44,8,53,14,25,56,5,19,51,20,46,34,28,35,12,24,48,6,41,0
298;130;18585;5030;33,26,31,46,57,4,15,41,20,13,53,50,24,56,49,42,48,35,6,43,1,17,25,11,18,14,0,2,5,19,27,51,47,36,38,16,28,39,21,58,10,34,40,54,37,44,23,52,9,29,8,7,22,3,32,30,55,45,12,59
299;89;8285;2313;51,21,50,34,39,9,37,44,28,30,48,0,31,12,25,59,43,47,11,2,41,10,40,13,20,52,4,53,23,33,38,15,58,36,55,18,16,56,6,45,17,42,26,24,57,19,35,5,32,3,7,46,29,14,8,49,1,27,54,22
300;104;14865;4010;24,30,34,51,10,32,15,53,31,3,20,56,47,59,2,12,0,37,35,9,52,58,14,46,27,39,45,28,21,42,4,16,7,50,22,13,1,36,48,54,29,44,49,8,17,43,55,25,26,41,5,19,38,23,33,57,6,18,40,11
301;103;19315;5168;33,17,43,49,22,58,13,16,21,3,0,8,53,1,31,54,48,15,25,40,29,44,10,41,19,46,34,35,39,56,42,7,30,38,12,14,52,27,57,18,50,26,20,9,23,32,51,11,36,59,5,2,28,55,45,4,47,37,6,24
302;106;21478;5760;58,46,20,29,3,17,27,1,23,49,26,51,28,44,4,24,5,40,52,7,39,50,11,30,18,36,41,56,14,2,21,22,53,59,13,55,16,15,43,33,35,8,32,38,10,12,0,48,57,31,6,34,37,25,45,42,54,9,19,47
303;108;19360;5183;37,52,41,46,27,2,12,40,30,11,22,34,43,36,57,33,18,9,29,0,26,42,20,51,14,24,50,8,13,19,4,49,53,38,55,45,35,58,28,21,56,54,16,1,48,17,10,44,31,47,6,15,3,23,39,25,59,5,32,7
304;97;14999;4023;53,22,58,27,24,30,37,46,2,1,54,8,28,32,41,4,40,35,38,45,11,25,16,14,12,47,52,5,44,43,48,18,3,6,31,33,59,9,55,34,42,10,17,50,56,23,57,26,21,0,7,15,29,39,20,13,49,19,51,36
305;117;18869;5052;50,32,17,51,8,20,6,25,49,4,2,35,48,29,52,0,1,27,31,57,41,38,47,12,28,58,39,16,30,11,22,7,9,18,54,5,34,21,56,43,53,46,44,36,40,42,26,59,3,14,45,23,37,33,19,15,10,55,13,24
306;107;14855;4001;1,24,13,32,56,59,34,23,46,28,52,17,58,5,37,57,7,49,35,31,27,55,42,45,0,18,48,4,22,33,39,38,43,26,47,15,14,6,9,10,25,11,16,53,2,40,51,41,21,36,50,44,20,54,8,3,29,12,30,19
307;105;13363;3615;8,11,14,7,19,12,45,49,18,30,33,0,34,44,37,36,55,21,57,15,41,5,38,17,47,53,42,40,54,3,48,50,13,10,32,25,59,31,43,4,6,2,35,58,29,20,46,16,51,22,24,39,9,1,28,52,56,23,26,27
308;107;13200;3496;55,20,33,5,1,48,16,42,8,41,47,0,53,22,9,56,18,36,12,59,10,17,24,32,14,7,31,39,58,52,40,44,37,25,23,21,28,11,4,15,43,34,29,46,54,26,2,51,38,30,45,13,49,6,57,3,27,50,19,35
309;100;19373;5140;25,46,41,45,22,51,48,14,36,49,0,5,50,19,16,33,4,37,54,3,38,10,8,52,12,30,27,35,39,56,29,57,11,21,43,42,59,1,58,55,47,7,26,9,23,44,2,20,18,28,53,15,32,17,40,6,34,13,24,31
310;85;13406;3555;16,12,21,19,56,54,0,59,27,30,39,3,31,57,18,32,6,40,20,58,43,15,5,23,28,34,13,52,10,22,8,49,41,48,33,47,14,37,44,55,7,4,42,2,1,46,24,26,25,45,50,17,53,51,29,35,11,38,9,36
311;95;6589;1774;22,12,15,37,29,13,48,24,33,0,55,32,34,43,39,51,56,58,35,2,10,47,16,11,9,8,3,42,26,18,57,45,41,14,23,46,21,4,19,31,5,6,7,20,40,36,17,28,52,1,50,27,54,59,38,53,44,49,30,25
312;101;13059;3487;48,53,15,41,11,20,1,6,49,2,27,42,3,35,13,25,33,34,55,47,28,26,22,4,19,16,21,51,12,43,58,9,18,56,36,38,59,39,29,45,50,30,14,24,7,8,31,44,52,0,46,23,17,5,10,54,40,37,32,57
313;110;13672;3626;12,14,2,44,3,39,37,56,8,53,6,0,26,48,46,34,29,9,18,28,41,20,16,23,15,22,11,27,25,17,5,33,54,24,30,45,57,55,52,21,1,4,31,36,49,47,59,58,13,32,19,7,38,40,42,43,10,35,51,50
314;111;10979;2917;8,30,12,22,40,27,20,33,59,3,51,7,24,0,6,38,36,57,44,1,52,29,42,43,32,5,16,35,21,17,23,28,14,54,48,31,4,34,41,55,50,39,49,45,46,26,47,10,53,13,9,15,56,25,58,11,18,37,2,19
315;106;15199;4047;51,10,5,30,50,49,1,27,16,34,52,57,55,35,17,22,54,26,13,0,28,19,40,53,7,8,33,36,12,46,20,48,37,15,3,31,18,2,32,21,59,4,25,11,39,43,14,58,38,45,6,23,41,9,44,42,24,29,56,47
316;108;13352;3566;31,32,25,40,15,29,28,55,50,30,47,52,45,12,59,2,0,57,3,53,41,58,22,21,23,35,26,24,8,33,48,51,42,18,1,27,37,14,56,4,34,6,19,38,9,44,13,11,5,39,10,36,16,54,20,43,17,46,7,49
317;113;11390;3027;27,2,36,50,57,10,13,29,39,34,3,48,52,4,30,40,0,11,21,33,24,53,35,45,8,41,49,14,7,19,38,9,56,17,32,23,43,1,28,18,42,46,59,6,55,54,31,20,26,51,5,37,22,25,15,12,44,47,58,16
318;94;14394;3860;14,55,40,32,12,5,22,23,25,34,19,48,6,46,18,28,57,24,43,4,36,33,56,7,38,20,39,49,10,54,58,30,42,29,26,8,13,47,51,17,31,41,45,11,9,50,53,44,21,15,35,1,37,59,52,27,16,2,3,0
319;87;10779;2878;39,57,33,48,55,47,36,23,2,26,20,50,58,38,34,18,5,25,30,44,19,52,6,21,51,24,29,0,11,32,10,56,16,35,8,15,42,45,1,12,49,37,27,41,43,3,4,40,7,53,13,22,54,59,28,17,9,31,14,46
320;112;15027;4028;42,10,52,3,30,22,58,28,35,41,33,20,29,44,59,1,17,5,34,48,16,4,56,50,24,21,31,43,15,37,53,6,47,39,18,46,25,14,2,54,9,36,0,45,13,19,27,12,26,32,23,7,57,38,55,40,8,11,49,51
321;86;9479;2538;19,44,39,25,10,43,9,8,59,55,11,56,12,31,17,32,46,37,57,40,24,29,34,54,0,35,4,41,33,18,27,58,20,51,42,13,1,23,16,2,45,6,30,15,48,36,5,53,28,21,14,50,47,22,49,3,38,26,7,52
322;124;18797;4996;50,29,54,18,56,59,6,10,42,40,22,48,41,58,57,9,53,26,36,47,34,8,16,0,49,20,1,14,46,39,21,25,12,31,11,2,33,4,30,15,52,45,38,44,37,13,51,43,3,28,5,32,27,23,35,55,17,7,19,24
323;119;12982;3447;0,39,18,49,23,3,24,46,27,34,1,26,53,59,6,33,44,20,4,45,10,48,57,37,42,55,29,19,43,22,12,40,17,28,13,21,2,51,25,16,52,47,15,8,56,58,38,11,30,9,7,31,41,36,5,14,50,54,32,35
324;92;14867;3982;11,48,32,19,49,12,42,43,52,55,0,57,24,47,31,15,16,35,6,10,22,17,29,26,41,38,28,9,2,51,4,23,7,39,3,33,54,53,21,30,18,8,20,14,36,34,13,1,45,27,50,5,56,44,46,58,59,37,25,40
325;112;19362;5140;45,1,56,58,22,38,28,0,23,30,10,46,24,7,43,21,19,18,15,39,32,16,42,6,55,47,20,52,17,9,25,26,54,57,14,33,5,50,36,53,4,8,37,3,35,27,34,44,12,41,49,48,40,59,31,13,2,11,51,29
326;118;13641;3635;57,3,55,53,12,9,52,14,58,50,0,22,11,16,37,31,1,54,42,20,32,33,19,15,36,47,27,6,39,24,51,7,30,21,18,26,2,28,46,23,35,29,34,45,8,59,10,40,41,43,25,38,44,5,4,13,49,17,48,56
327;114;21560;5728;41,9,46,56,58,57,21,33,5,43,30,18,50,27,34,42,10,20,22,52,47,13,1,48,12,37,49,39,54,26,8,55,11,45,28,2,17,0,32,6,15,25,24,36,19,29,16,4,31,3,38,59,44,14,51,7,40,23,35,53
328;118;14470;3842;48,33,29,16,35,26,47,18,17,40,0,38,9,20,27,14,55,43,42,57,28,24,32,10,36,49,52,56,3,59,2,23,51,22,39,25,44,6,37,4,46,58,15,30,7,5,54,41,8,53,45,50,1,11,12,21,19,31,13,34
329;95;15681;4175;21,41,32,12,16,30,24,58,9,46,37,59,51,23,48,7,0,29,6,2,34,17,22,45,14,57,5,1,19,36,44,28,54,40,15,39,33,4,26,49,53,56,50,18,43,3,31,20,42,27,38,8,11,47,10,55,25,35,52,13
330;111;13580;3606;14,54,40,44,56,55,20,28,35,30,0,58,41,9,8,11,39,15,43,51,29,50,23,17,32,19,37,3,52,45,42,24,48,26,21,59,5,6,18,31,49,38,47,27,1,34,4,53,12,57,33,36,7,22,10,13,46,2,25,16
331;98;10189;2711;44,52,20,58,32,26,51,49,7,10,9,11,55,18,3,29,34,8,40,25,41,36,19,1,30,13,53,23,33,56,0,14,48,17,35,45,28,42,6,22,27,12,24,57,31,15,43,47,5,16,50,4,54,39,21,38,37,2,46,59
332;121;12348;3298;12,27,49,28,0,10,9,53,26,22,14,15,34,58,4,32,20,48,11,19,41,38,40,13,37,59,17,25,29,50,57,8,18,30,21,33,44,24,47,23,2,55,39,42,36,56,3,16,45,1,46,7,6,5,31,35,54,43,52,51
333;111;11184;2980;58,18,57,22,53,49,55,12,45,39,0,46,23,27,32,42,9,52,50,48,56,36,16,34,6,29,7,3,54,25,21,59,2,5,51,11,13,37,1,35,10,40,26,31,20,17,14,24,41,43,38,19,28,8,4,30,15,33,44,47
334;89;5702;1525;2,54,36,11,46,33,58,9,45,40,23,48,25,35,20,6,50,44,52,16,12,34,0,19,15,59,43,7,4,49,18,10,1,27,24,38,57,47,14,28,21,31,3,8,26,39,56,32,42,22,37,13,17,30,29,5,41,53,55,51
335;117;20655;5475;56,4,23,17,49,48,44,21,14,35,5,12,25,15,0,55,34,3,16,28,37,11,43,1,19,22,13,54,40,18,46,59,32,31,24,7,52,9,41,47,27,53,58,51,45,20,50,26,33,36,38,29,10,2,6,8,39,30,42,57
336;96;10893;2897;48,7,13,28,19,14,43,54,29,24,31,56,44,8,39,6,46,18,55,33,1,59,37,42,36,27,20,0,25,22,38,21,32,57,23,3,9,30,4,50,17,34,5,45,47,26,2,10,53,11,35,51,49,12,58,40,16,41,52,15
337;106;14043;3737;38,17,56,54,30,21,36,33,23,24,5,0,11,44,32,8,52,59,1,3,19,47,16,27,29,55,49,39,34,48,12,10,25,31,9,46,45,50,40,14,2,35,22,42,18,6,4,58,7,37,15,51,43,28,20,53,13,57,26,41
338;119;14765;3948;22,30,51,36,45,34,39,4,3,54,59,53,17,0,26,57,18,8,44,35,56,15,42,49,32,9,52,29,46,16,11,25,10,6,50,37,38,58,41,27,14,12,28,21,55,47,23,7,2,1,5,43,33,31,24,20,19,13,40,48
339;106;15551;4226;59,0,48,12,41,25,3,38,2,47,32,24,27,50,34,5,54,36,35,26,20,42,6,51,11,39,14,43,55,13,15,10,4,19,30,45,57,9,22,21,31,1,18,46,28,37,16,53,23,33,7,17,52,56,8,49,58,40,29,44
340;107;15140;4033;10,55,56,40,24,3,59,42,58,18,28,2,12,44,14,48,32,49,23,15,39,57,37,33,51,46,20,13,50,47,11,17,25,9,54,27,8,36,1,31,6,35,41,7,5,52,38,19,16,26,45,21,0,34,4,53,30,43,29,22
341;117;13239;3557;26,32,11,50,19,56,46,1,2,13,40,10,34,12,6,48,15,37,27,42,54,20,14,41,18,39,16,57,33,0,45,9,23,4,25,3,58,49,35,36,24,44,43,7,53,30,5,17,28,51,38,21,22,31,47,8,29,59,55,52
342;122;13694;3705;7,54,52,41,33,1,22,49,15,10,17,32,58,36,21,59,57,24,48,26,9,50,43,18,19,31,12,8,51,38,55,3,47,2,23,13,42,53,20,25,16,29,37,45,11,44,46,34,27,6,4,5,35,30,56,40,39,28,14,0
343;91;15092;4075;3,57,55,32,6,38,40,41,26,1,54,8,47,33,10,53,46,7,14,30,0,31,20,44,17,51,29,11,49,58,15,23,36,37,2,42,35,16,18,13,19,4,24,52,12,43,25,22,9,48,27,21,39,34,50,59,28,45,56,5
344;106;13759;3697;47,5,49,41,38,54,56,52,9,44,7,31,4,26,1,48,25,2,57,39,40,27,32,58,50,14,19,42,0,12,29,20,22,17,3,21,8,15,53,51,28,11,55,34,16,43,6,10,24,33,46,13,45,35,30,36,23,37,18,59
345;114;13558;3667;23,10,30,5,16,18,59,42,17,52,34,2,9,11,54,39,0,20,4,47,22,21,36,46,12,57,29,35,41,32,33,40,27,50,38,45,15,55,26,1,13,25,56,8,31,19,3,51,7,37,14,49,58,44,48,6,53,24,28,43
346;103;12099;3273;19,59,16,2,38,8,58,41,51,44,30,42,33,56,6,0,12,28,50,10,18,17,11,27,21,35,40,20,26,36,39,53,47,57,23,4,14,22,55,54,9,46,45,49,34,1,5,43,37,31,52,13,32,24,48,25,29,15,3,7
347;120;17671;4738;37,29,2,7,54,46,48,39,57,15,6,51,5,12,33,55,14,23,32,34,56,49,19,36,31,47,0,40,9,44,53,20,45,52,10,38,21,3,24,17,18,50,25,11,27,26,8,22,16,42,28,59,58,43,1,30,41,35,13,4
348;132;28831;7691;26,27,51,56,7,0,59,11,46,52,4,2,53,16,58,22,32,57,10,42,43,47,31,15,17,18,55,37,30,20,23,41,1,54,36,9,35,29,24,25,50,34,5,12,40,39,19,28,14,8,38,13,49,45,6,33,48,21,44,3
349;89;21299;5749;8,46,31,53,56,25,0,26,27,22,5,28,32,59,9,12,36,14,34,4,43,21,49,6,39,23,33,10,58,29,54,40,37,19,42,16,57,47,48,55,38,11,51,35,13,7,18,52,17,20,3,45,30,44,24,15,50,2,41,1
350;93;9645;2625;24,47,55,22,13,28,27,11,12,14,56,57,7,9,53,50,26,36,33,10,42,4,16,8,6,37,39,49,29,20,58,59,30,46,1,31,44,18,34,25,3,45,52,17,41,23,0,48,43,35,40,38,32,21,19,5,2,15,51,54
351;116;14262;3840;9,35,39,36,10,57,40,8,15,56,12,22,5,13,30,42,58,44,16,53,4,45,48,51,27,7,11,54,59,17,0,37,24,28,26,14,43,21,49,50,23,19,34,47,33,1,18,29,41,25,31,20,52,2,46,6,32,55,3,38
352;110;12484;3367;54,34,7,45,50,30,28,51,31,43,37,18,24,27,4,59,2,40,32,15,20,11,56,1,17,12,3,14,35,42,26,22,41,16,38,49,23,25,5,36,10,48,47,9,55,0,53,6,21,13,52,8,44,46,29,33,58,57,19,39
353;81;9404;2555;6,20,35,9,55,8,42,17,2,41,15,59,12,43,31,53,51,18,37,36,25,14,26,29,11,27,48,44,1,28,49,54,39,50,7,21,52,46,57,33,47,5,23,16,19,56,38,40,22,32,3,24,10,34,58,45,0,13,30,4
354;87;16042;4298;37,18,17,32,29,12,21,8,5,13,56,14,22,54,48,55,10,34,2,6,46,9,20,44,42,53,52,50,47,19,26,41,11,27,0,31,35,7,28,36,59,33,16,23,40,43,38,4,15,30,57,58,45,24,1,51,25,39,3,49
355;99;13607;3667;17,52,58,35,23,33,40,9,14,19,8,51,37,16,59,44,6,1,32,34,41,46,48,22,3,4,39,0,38,49,36,18,30,20,15,25,56,24,26,11,12,43,53,47,29,57,55,10,21,45,31,28,42,50,27,5,7,13,54,2
356;103;12595;3347;53,6,38,28,16,33,15,25,26,7,9,2,40,58,56,20,5,30,37,24,11,46,13,42,1,59,57,45,31,55,14,10,4,51,36,35,48,0,18,47,3,19,29,39,34,22,50,12,52,23,21,8,54,17,44,27,43,49,41,32
357;122;26681;7070;36,10,25,37,42,3,27,24,58,31,7,38,8,51,40,41,11,54,49,20,4,55,22,21,19,5,57,18,50,2,43,13,28,12,6,15,47,44,29,33,17,30,9,1,39,59,46,0,45,52,34,35,16,48,23,53,32,14,26,56
358;98;13021;3456;28,13,53,40,24,5,7,12,25,49,16,34,46,29,33,20,19,4,21,0,35,39,1,2,36,59,58,11,37,44,55,22,8,51,57,15,26,45,38,17,10,14,54,6,32,47,50,30,27,23,56,42,41,3,43,48,52,31,9,18
359;96;13599;3608;31,58,35,42,19,32,51,11,24,4,12,2,34,40,38,17,49,36,28,15,50,59,29,41,6,0,33,57,56,23,5,45,21,10,30,13,16,46,44,53,7,3,18,1,54,37,27,48,20,9,25,14,47,8,22,52,43,39,26,55
360;98;7991;2138;35,18,14,58,10,25,21,8,46,1,0,26,39,41,42,37,56,47,54,27,32,17,50,29,48,7,52,4,57,34,55,30,44,28,19,15,38,6,40,51,2,3,12,45,33,13,22,24,5,9,11,59,43,31,20,23,53,49,36,16
361;115;9088;2420;6,11,37,0,51,48,27,2,47,7,4,35,41,58,24,43,56,49,22,23,12,14,28,13,26,25,38,45,30,42,5,44,59,3,8,31,21,29,20,54,36,57,46,50,18,52,33,40,1,10,34,17,15,16,55,53,39,9,19,32
362;107;12731;3385;4,37,15,47,48,36,6,24,18,12,13,11,57,33,28,56,25,41,14,30,19,31,1,58,22,3,5,49,10,34,51,16,21,45,8,46,55,29,26,39,40,23,44,50,54,9,59,42,52,35,20,38,43,27,2,7,17,53,0,32
363;101;17621;4702;13,20,40,10,46,19,18,33,54,55,30,31,11,1,53,57,51,28,0,32,56,15,58,2,44,36,59,43,42,16,4,45,52,22,38,21,48,39,37,12,25,6,27,7,24,29,5,3,23,17,14,50,47,35,49,9,8,26,41,34
364;103;10922;2902;28,43,54,36,1,58,45,38,18,42,33,0,8,57,48,32,4,16,22,5,41,52,53,50,25,59,40,24,21,35,34,2,27,19,44,15,3,7,20,6,49,55,46,37,30,39,29,17,51,9,23,13,11,31,10,26,12,14,56,47
365;110;19366;5139;33,4,36,55,52,53,47,25,2,30,21,42,9,31,40,57,27,34,5,54,32,50,24,1,12,39,10,0,59,22,38,43,56,11,14,7,51,48,35,3,26,16,49,8,6,19,17,44,15,20,46,13,28,58,45,18,37,23,41,29
366;104;14810;3953;38,37,33,6,11,8,56,28,15,7,30,26,42,12,39,59,44,55,41,40,9,2,19,29,32,4,3,51,13,53,58,17,54,27,21,45,49,34,22,14,23,18,16,24,50,57,43,47,48,10,5,0,36,31,20,25,46,35,52,1
367;108;17053;4605;35,22,53,29,32,46,54,8,23,43,19,17,56,9,1,14,38,11,36,10,44,45,48,55,58,31,24,42,59,50,30,33,51,37,3,13,28,47,40,49,2,12,27,57,21,18,25,34,7,52,4,20,6,39,16,0,26,5,41,15
368;102;14594;3934;44,18,38,56,7,52,59,39,17,48,49,1,29,5,40,55,25,23,3,13,32,11,35,36,21,2,30,34,37,10,26,53,50,15,9,54,51,16,33,57,58,27,46,31,12,43,24,22,6,8,42,45,19,41,14,47,4,0,20,28
369;126;26130;6989;31,53,5,22,21,41,36,14,33,49,47,35,19,15,9,12,26,1,0,2,32,43,55,27,50,29,37,34,39,24,38,59,40,46,30,45,4,54,6,51,13,58,8,57,23,3,44,20,18,17,42,48,28,7,10,11,25,56,52,16
370;109;25413;6790;44,51,7,29,37,4,33,0,15,21,13,48,38,57,14,56,12,53,5,22,40,50,32,2,28,31,34,55,59,20,49,39,54,16,43,1,11,52,27,3,9,42,25,46,17,26,47,10,35,19,8,24,18,45,58,23,36,30,6,41
371;111;10949;2957;18,49,16,51,30,17,21,19,20,10,15,38,22,36,46,44,59,27,43,41,32,53,47,7,11,52,14,58,39,56,42,54,0,1,31,2,57,50,6,35,48,34,29,3,45,28,23,12,13,5,4,26,8,40,25,55,37,9,24,33
372;96;12145;3287;50,52,33,48,53,57,23,10,20,56,21,25,34,28,13,1,31,18,49,55,29,38,26,59,24,4,12,7,42,9,47,32,54,3,17,14,0,41,30,19,15,46,16,36,8,6,5,51,37,22,27,40,11,43,35,39,45,44,58,2
373;130;15751;4239;9,16,1,51,10,25,0,36,59,3,38,19,47,50,41,20,35,43,12,5,29,15,17,57,45,30,46,32,23,26,24,52,34,18,55,37,44,11,27,58,39,4,48,13,22,6,2,56,53,49,31,33,42,40,7,21,54,14,28,8
374;88;12052;3283;6,32,3,39,33,1,2,27,8,40,25,20,57,56,53,42,10,23,24,37,12,50,22,35,51,16,43,52,19,36,45,4,31,48,13,5,18,7,46,59,0,21,14,17,30,44,54,41,49,28,38,11,26,9,29,55,47,15,58,34
375;96;8162;2225;51,57,1,44,40,33,42,12,55,16,50,23,10,38,31,6,7,21,15,30,3,25,49,37,9,13,36,32,27,28,17,52,56,22,58,2,47,8,11,45,24,54,48,46,5,18,35,20,29,41,0,14,34,59,4,43,26,39,53,19
376;92;9981;2698;5,43,9,16,26,50,49,37,45,8,10,44,14,39,32,15,27,54,53,59,20,33,4,57,29,25,56,6,1,3,31,55,17,47,12,58,28,42,24,0,18,51,22,36,52,40,34,19,41,11,7,21,2,46,13,23,30,48,38,35
377;111;16565;4455;34,44,49,53,7,50,5,15,17,22,4,24,43,36,28,52,48,35,20,46,41,23,55,40,47,1,29,21,32,56,27,39,10,30,12,37,59,51,26,45,14,54,9,42,8,31,18,16,6,58,57,2,0,25,11,19,13,33,3,38
378;101;12658;3436;47,2,56,9,24,41,57,10,45,8,55,4,5,29,17,46,0,30,40,48,22,23,59,31,39,33,35,20,18,19,3,15,44,53,58,11,42,25,32,37,52,49,51,54,38,26,36,14,21,12,6,7,34,27,28,50,43,1,16,13
379;97;13283;3561;33,34,39,30,19,45,37,50,38,2,10,35,55,9,56,48,41,15,0,3,42,25,58,22,44,46,4,21,36,53,12,31,32,28,54,24,14,52,40,51,7,6,8,27,59,57,47,49,1,26,16,13,23,17,11,18,43,20,29,5
380;114;15581;4185;24,26,15,6,38,31,14,53,5,21,54,58,57,10,42,13,28,27,16,3,32,36,1,18,22,43,59,8,37,39,55,51,29,4,7,45,25,20,2,47,9,44,46,35,0,30,40,12,33,41,48,50,34,19,49,23,11,17,56,52
381;113;17810;4783;6,31,54,20,58,10,14,17,23,44,24,55,2,27,29,57,51,47,48,34,49,21,59,50,56,32,37,16,8,19,52,42,35,46,9,13,33,4,28,5,18,3,30,0,7,26,15,43,22,11,40,25,45,41,36,12,1,39,38,53
382;107;11807;3206;44,0,28,34,26,15,41,58,45,43,55,29,30,53,16,13,36,38,59,17,9,27,14,46,21,3,8,33,51,50,23,19,57,47,48,31,1,6,25,7,2,42,52,54,5,56,35,37,49,20,12,39,32,22,4,10,40,11,24,18
383;99;11424;3093;10,7,51,47,49,12,35,54,23,53,14,58,8,4,52,37,19,55,17,39,25,0,43,42,50,45,32,31,38,41,1,57,46,48,59,33,3,2,30,24,21,5,36,6,44,27,13,15,22,18,40,29,11,16,28,56,26,34,9,20
384;112;23792;6365;41,19,18,43,33,12,9,22,3,45,42,31,59,4,44,36,47,2,32,13,34,53,49,5,28,1,30,26,17,54,50,16,27,38,23,14,40,55,0,48,21,10,7,24,52,56,57,6,46,35,39,15,37,8,25,20,11,51,58,29
385;104;11367;3058;10,22,39,21,38,25,51,29,13,32,27,42,3,45,36,40,41,55,57,26,47,9,19,33,56,34,49,11,30,59,31,43,2,12,48,4,16,54,6,18,53,1,23,8,44,28,15,0,58,7,5,20,37,46,35,17,52,14,24,50
386;101;9743;2687;1,32,38,33,29,25,45,39,27,20,37,35,28,15,2,31,55,8,7,43,41,54,12,58,50,0,26,10,21,34,44,24,52,4,3,16,14,36,6,59,13,48,53,9,57,47,46,40,42,11,5,23,56,51,18,22,19,30,17,49
387;115;11354;3082;10,11,26,33,54,15,34,41,57,37,12,40,36,19,4,49,46,43,29,38,47,16,56,2,20,42,9,39,35,24,55,27,13,23,48,31,53,32,5,17,50,58,22,3,7,1,8,44,28,30,59,52,25,51,6,21,45,0,14,18
388;101;8995;2439;26,16,47,32,13,53,57,59,14,24,43,1,45,55,7,25,46,35,52,42,6,15,56,39,27,58,3,50,51,22,4,48,54,49,36,31,23,8,17,38,10,33,28,30,41,5,9,12,40,20,37,44,18,2,34,21,19,11,29,0
389;99;7584;2060;18,10,57,38,26,48,46,16,9,12,40,47,20,15,43,8,19,0,39,27,29,1,56,59,49,42,31,52,25,55,36,34,54,3,23,21,58,32,53,33,45,50,2,5,44,14,4,35,17,11,37,7,22,51,13,30,41,28,6,24
390;89;8604;2351;41,9,51,23,26,46,20,2,33,28,50,34,58,19,35,39,30,18,5,52,48,27,16,7,47,44,29,22,3,10,0,6,37,11,57,1,36,8,43,59,24,4,49,17,25,56,14,40,31,21,54,32,38,42,15,45,53,12,55,13
391;109;15144;4075;2,7,4,56,39,11,37,21,42,45,50,13,19,8,26,12,14,47,33,36,40,46,44,31,32,0,38,55,34,15,17,28,10,43,48,16,59,22,29,20,6,54,9,57,58,27,23,41,51,18,35,1,3,25,30,24,53,5,52,49
392;94;7745;2119;26,19,28,33,25,40,41,55,46,27,20,31,0,29,52,18,6,45,23,13,36,12,14,44,30,53,59,11,38,37,9,56,58,1,43,16,5,54,47,7,21,17,24,42,2,3,50,4,35,39,15,49,48,22,32,34,57,10,8,51
393;74;9513;2590;3,10,5,33,58,49,7,17,46,55,42,25,8,53,51,11,59,34,12,21,14,31,1,18,54,43,24,2,27,6,0,20,41,40,4,28,22,13,29,57,36,32,47,15,37,19,45,44,30,52,48,50,26,38,39,23,16,9,56,35
394;93;13153;3542;26,1,9,39,30,48,20,53,27,45,46,36,47,59,52,43,24,10,42,34,19,58,49,35,6,23,37,40,21,57,54,17,28,4,18,16,2,50,22,15,29,32,33,38,13,5,8,56,55,7,31,0,14,25,3,44,41,11,12,51
395;89;13883;3750;46,43,8,20,22,40,21,9,29,4,38,7,53,3,10,16,41,37,30,2,51,15,5,1,11,58,34,25,49,50,6,52,57,13,33,55,23,18,0,54,27,32,14,36,56,59,48,47,19,44,42,24,35,31,12,28,39,17,26,45
396;116;15992;4313;57,53,56,40,28,38,11,23,15,25,45,16,54,3,35,27,43,29,34,0,22,1,44,14,20,6,31,48,58,9,5,8,13,52,50,17,12,7,55,19,33,10,26,30,2,4,41,32,39,37,49,47,36,42,51,59,21,46,18,24
397;82;9147;2473;37,13,30,32,53,35,23,11,4,51,9,19,58,45,34,20,3,40,44,10,43,57,26,6,42,16,17,56,14,36,55,5,41,21,7,18,39,0,47,12,46,2,52,28,54,33,24,48,50,59,49,31,25,1,8,27,22,38,29,15
398;88;7328;2029;29,30,11,32,14,49,50,0,1,47,27,6,10,46,4,35,43,59,55,8,24,15,36,18,40,25,57,23,21,9,45,17,34,31,54,53,3,20,48,13,19,52,16,22,33,12,38,51,26,28,37,7,58,39,42,44,41,2,56,5
399;100;27189;7235;5,1,42,35,10,45,58,23,55,56,2,14,22,31,16,44,37,27,41,49,19,7,48,20,32,25,51,28,40,59,53,39,11,43,8,46,47,12,6,29,33,24,17,54,38,34,30,52,15,9,26,50,21,13,4,3,18,0,57,36
400;98;10479;2847;32,24,45,30,6,41,33,18,35,27,55,10,22,9,40,2,8,47,23,48,51,56,52,58,43,3,49,26,4,1,25,37,11,13,14,31,5,38,44,50,46,28,29,59,34,53,57,19,12,7,36,21,20,0,17,16,42,15,39,54
401;96;14214;3832;7,27,36,55,48,33,54,14,31,40,49,43,23,29,28,38,53,20,17,10,44,45,47,18,25,41,9,32,13,57,35,24,39,21,46,6,16,22,34,19,52,1,4,8,59,51,15,30,37,5,12,11,50,3,56,2,42,0,58,26
402;83;8196;2231;46,57,27,56,50,58,1,54,45,29,40,16,25,9,38,12,19,24,22,51,6,18,20,36,42,39,5,10,3,28,43,7,26,35,37,31,47,2,48,53,59,52,30,15,55,34,17,32,33,14,0,23,49,13,44,21,41,11,8,4
403;119;16855;4532;47,32,31,41,25,34,18,26,45,40,59,28,55,17,46,14,53,12,27,15,0,42,37,2,22,29,35,50,43,44,54,24,8,39,3,36,57,13,10,56,49,33,11,38,16,52,21,6,9,5,4,7,58,23,19,51,30,48,20,1
404;106;8644;2359;4,14,28,52,35,33,50,59,7,43,26,20,32,15,3,39,18,34,6,23,0,29,54,13,58,8,22,45,41,37,21,49,40,36,56,27,55,57,30,31,2,38,16,17,48,12,9,10,24,42,25,47,1,5,53,19,11,46,44,51
405;119;10661;2895;26,5,15,40,20,38,44,17,31,7,35,19,14,36,33,25,28,39,6,56,43,8,16,0,47,11,49,29,27,50,1,4,53,59,9,2,10,55,22,54,46,23,42,21,13,18,45,12,30,41,51,52,58,24,34,32,37,3,57,48
406;113;11196;3056;47,25,0,55,34,27,14,35,56,19,54,6,7,57,16,53,43,32,11,15,24,33,41,58,23,51,8,46,44,5,13,12,59,38,50,39,18,28,20,45,42,52,3,49,21,10,1,37,2,26,31,30,40,48,4,9,22,17,29,36
407;109;14305;3846;10,3,52,22,7,42,54,33,57,48,16,51,36,23,41,13,1,58,47,50,26,11,18,43,5,34,17,25,30,12,32,55,38,21,27,0,28,59,46,2,35,4,20,49,8,19,31,40,24,29,14,45,9,37,15,44,39,56,6,53
408;116;18159;4884;37,28,24,7,45,22,0,32,25,12,58,1,44,47,2,15,27,13,48,39,19,33,20,17,4,46,34,36,31,26,11,51,29,43,14,38,5,50,40,55,42,57,3,54,21,16,23,35,8,18,9,49,56,41,59,30,52,10,6,53
409;123;16384;4404;36,20,7,22,31,23,46,45,13,8,40,58,17,4,21,41,53,51,19,1,26,35,24,9,43,16,48,3,38,28,11,12,32,27,5,57,29,30,34,15,18,54,59,55,37,2,14,10,6,39,56,25,52,49,50,0,44,33,47,42
410;128;22298;5934;53,40,24,25,18,0,16,6,2,42,29,45,59,51,56,9,55,31,5,49,32,7,34,57,48,8,41,46,22,26,11,23,17,27,21,35,38,50,44,36,3,28,47,43,39,20,14,12,15,19,13,37,33,10,1,30,58,52,4,54
411;85;11604;3127;20,32,1,41,42,29,47,50,7,21,3,26,54,33,4,12,36,25,0,13,59,5,30,51,35,37,14,55,10,24,9,39,46,23,52,27,16,49,15,48,28,11,8,40,43,6,57,19,17,38,2,44,53,18,45,31,56,58,34,22
412;84;9259;2511;50,30,52,40,53,31,14,48,36,56,29,38,24,46,33,11,4,35,2,5,10,54,37,47,43,27,39,57,28,15,20,16,34,42,21,9,26,51,41,3,25,6,8,45,59,12,0,19,22,58,18,49,7,55,17,13,23,32,44,1
413;103;15146;4098;57,14,1,34,58,59,31,35,18,41,0,43,39,22,28,12,16,19,49,11,44,38,23,47,42,53,32,10,37,17,46,9,7,55,20,15,29,54,4,25,50,48,26,6,30,24,13,8,45,3,56,27,36,5,2,21,40,33,52,51
414;109;11172;3040;3,7,12,8,52,46,31,51,36,54,25,35,26,28,33,4,49,32,38,40,43,17,13,15,5,34,37,9,19,42,18,48,0,14,20,2,23,58,10,50,6,41,24,22,59,29,1,16,21,56,30,27,44,45,11,47,57,53,39,55
415;108;17144;4599;25,59,16,47,17,41,9,4,1,51,33,19,28,35,53,49,39,58,52,12,43,56,44,0,24,45,30,31,55,32,6,34,40,38,15,13,42,57,22,2,50,26,11,36,23,7,5,29,21,10,48,46,37,14,8,3,18,54,20,27
416;94;10993;2990;14,56,20,35,44,38,16,12,49,27,21,11,59,41,15,9,7,1,55,5,32,26,54,47,4,23,22,33,57,24,42,28,48,34,8,31,29,50,58,53,46,40,37,2,43,3,30,0,51,17,6,36,19,25,10,13,39,45,52,18
417;95;11679;3147;46,0,21,56,57,4,38,49,5,6,43,42,14,13,41,24,55,36,58,26,11,23,44,59,10,33,52,37,7,29,15,27,20,16,28,39,31,51,19,48,12,45,35,3,54,32,18,22,1,17,2,9,53,25,8,50,40,34,47,30
418;124;18797;5044;31,11,15,26,8,4,28,54,12,51,38,6,9,43,22,1,56,55,2,10,16,29,32,13,39,41,48,19,49,59,7,5,35,50,30,25,18,21,37,52,58,46,14,53,42,47,33,17,45,23,3,0,36,20,57,40,44,27,34,24
419;102;17558;4717;50,33,35,39,54,41,15,7,14,32,49,34,52,5,0,19,10,55,8,40,56,6,53,57,1,45,12,21,28,38,42,36,9,51,48,24,26,31,47,43,13,25,4,16,46,20,59,29,37,22,17,2,11,3,18,23,27,58,30,44
420;90;15421;4141;50,16,53,4,20,56,18,52,27,2,12,26,23,1,19,37,25,33,43,13,40,30,3,39,41,36,29,42,0,22,32,28,24,49,11,45,21,47,8,31,10,6,54,51,58,55,5,44,59,38,7,35,46,17,15,48,57,34,14,9
421;130;25978;6932;41,16,9,57,51,27,10,55,28,34,42,7,49,44,13,31,5,52,35,19,0,23,29,4,54,50,22,40,18,43,58,38,37,24,2,17,53,14,39,33,48,15,8,32,3,25,12,59,46,56,20,45,30,36,47,21,1,6,26,11
422;117;12703;3424;19,3,52,38,15,11,43,0,39,6,46,26,54,7,44,36,28,57,48,17,35,10,55,5,22,18,23,4,31,32,2,21,59,40,58,14,25,27,51,47,37,53,8,45,50,41,30,42,33,29,49,13,56,20,12,16,34,9,24,1
423;122;20016;5371;49,30,10,33,26,59,48,14,58,23,4,3,42,24,45,0,11,18,22,6,50,57,20,34,43,38,9,5,46,29,21,32,35,25,41,7,53,56,19,15,55,39,28,17,16,12,54,52,27,37,31,47,1,2,36,44,40,13,8,51
424;124;18740;5027;4,20,26,48,8,19,43,40,38,16,3,58,27,31,28,6,29,23,17,59,0,44,32,33,42,45,52,21,12,37,46,7,5,39,47,50,18,14,11,2,49,41,51,36,57,56,13,22,25,9,15,35,55,34,24,10,30,54,53,1
425;102;13406;3620;39,46,15,19,53,48,40,57,13,26,27,7,55,3,35,21,23,24,5,42,20,45,10,28,49,22,11,4,50,37,1,44,6,59,29,12,38,58,34,31,9,18,32,36,47,52,14,56,0,41,2,25,43,51,8,33,54,17,16,30
426;104;12939;3540;33,36,2,55,50,22,27,41,31,0,42,10,43,35,37,56,8,4,6,25,28,39,49,53,5,3,47,16,1,20,17,23,57,13,9,46,34,29,26,21,38,32,51,59,40,30,24,52,14,44,7,19,54,58,48,11,12,45,18,15
427;94;9386;2557;44,26,38,14,25,50,27,29,21,2,53,22,23,18,58,32,16,9,35,28,48,42,3,41,12,10,43,37,47,4,51,0,30,46,15,13,39,1,33,5,54,17,36,31,56,20,24,40,57,52,49,7,34,55,6,45,59,11,19,8
428;118;15820;4250;32,19,0,20,34,38,39,58,36,16,52,49,15,46,41,59,11,54,28,5,29,21,56,25,8,12,50,26,7,35,13,9,44,47,53,17,45,31,6,30,14,23,37,2,48,3,55,42,51,33,1,57,22,27,10,18,24,4,43,40
429;106;11441;3086;34,19,25,47,15,31,9,38,41,30,37,3,8,57,23,53,6,32,5,22,50,45,43,39,51,35,14,58,44,18,16,1,55,7,48,54,27,59,26,29,10,42,36,2,0,17,13,12,28,40,46,52,24,4,49,33,20,21,11,56
430;103;14657;3934;22,14,49,10,19,38,1,59,8,52,25,11,4,46,51,34,53,54,6,9,29,3,16,45,40,17,13,15,58,56,32,57,42,12,55,36,0,7,5,50,44,48,37,27,28,18,2,47,20,21,39,31,30,23,26,33,24,43,41,35
431;99;8707;2364;33,19,5,16,37,40,25,35,26,14,11,13,22,36,7,23,58,43,48,38,28,15,1,55,9,24,34,50,59,47,17,6,32,44,8,30,42,4,57,2,39,29,54,31,0,51,49,41,46,27,52,3,20,12,10,45,53,21,18,56
432;107;14258;3830;26,38,30,28,34,55,42,0,17,49,23,58,43,20,37,59,1,2,29,39,40,27,19,46,11,45,3,9,13,51,4,56,31,21,53,35,33,15,6,50,8,7,16,48,12,10,41,44,14,25,32,57,54,36,5,24,22,18,52,47
433;123;15331;4138;49,34,40,0,51,47,11,58,36,28,59,39,42,43,16,4,56,3,46,5,7,2,44,31,14,52,50,25,23,15,21,19,33,45,37,17,18,57,32,54,35,8,12,53,9,30,55,48,13,26,10,27,1,38,20,22,41,29,6,24
434;83;9449;2561;48,49,19,56,1,20,15,55,6,38,46,5,31,40,4,23,45,34,54,26,35,3,58,50,12,13,44,59,33,41,28,51,27,57,37,14,24,9,36,39,21,32,47,2,25,53,10,43,52,7,17,18,29,0,30,42,8,16,22,11
435;107;15348;4115;28,33,5,9,4,34,12,2,17,58,49,46,30,25,54,40,44,22,15,1,56,29,26,24,52,31,41,50,32,42,11,53,55,0,48,8,13,19,37,45,10,47,14,23,51,43,38,16,39,7,18,59,35,3,36,20,6,21,27,57
436;104;17800;4795;49,27,6,7,2,47,25,43,18,3,26,28,55,24,32,35,15,53,44,19,52,11,41,8,56,48,30,1,36,20,4,22,50,51,13,0,23,33,10,5,54,45,42,12,59,21,58,29,34,57,31,37,16,14,17,38,40,39,46,9
437;105;10923;2990;53,30,17,11,41,39,7,16,50,51,57,20,37,43,48,56,19,58,22,25,32,5,1,15,47,13,35,42,40,18,27,29,4,46,14,9,21,2,6,8,31,55,59,49,36,0,12,26,3,45,38,23,28,33,52,54,44,24,34,10
438;125;14774;3926;49,29,34,26,21,37,5,33,23,2,43,41,35,1,12,0,45,46,54,32,19,3,20,58,15,52,25,28,31,48,27,8,4,6,38,14,7,24,36,17,16,22,40,13,47,11,59,56,55,18,39,50,51,57,9,30,44,53,10,42
439;127;22204;5876;10,2,46,39,54,50,43,42,15,24,6,9,29,8,58,40,17,0,25,51,22,59,26,12,48,1,20,34,14,44,56,7,47,3,37,35,27,31,49,18,4,52,55,11,19,21,45,32,53,30,5,36,33,13,16,23,57,38,41,28
440;106;17675;4698;3,43,24,45,40,33,5,21,9,50,11,32,18,52,29,35,15,10,37,8,25,16,13,54,55,44,34,20,41,57,46,31,12,14,30,2,42,49,36,0,38,39,59,6,51,48,28,47,17,58,23,22,1,27,4,26,56,53,7,19
441;91;17723;4693;44,52,38,47,25,37,11,33,50,14,39,1,54,40,26,29,34,53,49,58,10,5,13,8,48,16,22,4,6,27,0,51,21,17,32,45,46,41,12,23,19,20,2,9,31,15,35,42,30,56,55,57,36,18,59,24,28,7,43,3
442;74;8798;2399;56,16,39,17,29,49,48,8,9,28,27,19,34,55,47,5,21,24,58,3,44,31,26,33,2,57,20,6,11,43,15,25,0,59,7,35,10,12,32,46,14,38,53,30,51,23,13,18,40,4,52,50,54,45,37,22,1,41,42,36
443;110;15645;4203;1,0,33,37,22,53,57,41,49,16,26,8,47,19,34,58,15,54,17,13,44,11,39,18,25,28,36,2,5,38,35,51,27,42,23,14,46,4,59,29,45,30,52,7,32,6,43,3,9,21,12,50,20,24,31,56,40,55,48,10
444;86;14356;3855;58,56,53,28,21,15,18,33,41,54,37,30,42,16,5,26,47,3,1,39,19,59,40,29,48,46,0,38,20,24,13,22,7,35,34,17,36,57,32,23,51,8,31,11,12,44,25,50,14,27,55,6,2,45,10,9,49,43,52,4
445;84;14928;4018;10,7,49,33,41,56,23,15,2,43,3,17,34,4,57,30,31,24,8,47,1,45,22,39,13,14,35,19,46,9,50,54,26,25,27,53,28,51,5,16,59,36,32,58,37,40,42,44,38,55,12,52,0,20,11,18,6,21,29,48
446;92;15307;4119;11,24,23,29,1,8,4,5,54,20,30,32,19,40,53,22,55,46,36,17,2,0,6,10,7,35,56,48,51,49,45,57,26,16,33,58,44,9,41,50,15,27,18,52,31,28,14,37,42,47,25,21,12,59,13,39,3,38,34,43
447;113;14017;3769;34,20,35,0,46,53,17,48,36,56,37,44,24,22,5,41,9,26,21,3,10,55,18,50,32,30,6,51,23,8,38,57,16,25,4,13,43,11,29,27,33,42,52,28,31,58,45,47,59,39,19,54,12,1,40,15,7,14,49,2
448;99;13446;4609;28,44,7,58,6,21,23,30,33,53,48,49,37,16,22,8,34,1,42,43,41,36,3,10,26,52,4,31,27,54,45,0,29,25,12,50,35,47,24,14,17,51,13,55,9,40,59,11,18,56,57,38,20,32,2,39,46,15,19,5
449;106;15010;4050;43,12,28,10,52,17,53,1,57,36,15,2,56,46,19,6,54,8,23,7,44,42,9,37,55,39,16,21,29,11,4,31,59,32,5,13,0,58,20,35,14,27,18,34,47,49,3,22,24,26,45,30,48,25,51,50,41,33,40,38
450;101;18685;5050;52,40,5,10,58,28,31,12,45,16,29,2,56,53,54,43,3,42,34,15,6,38,9,8,35,4,48,18,51,26,59,19,27,49,11,25,13,36,33,39,46,32,23,57,55,7,1,41,44,21,37,14,20,24,17,47,30,0,22,50
451;103;16088;4328;26,44,49,36,56,50,34,41,8,9,37,55,40,16,13,43,28,48,42,5,58,22,10,38,52,35,2,54,12,32,31,4,17,53,3,23,7,27,30,6,46,29,57,47,33,20,11,19,1,15,21,59,0,45,18,39,51,24,25,14
452;95;11919;3222;11,19,32,54,37,0,15,25,28,48,14,3,35,22,12,38,47,27,4,18,56,7,10,52,26,13,53,8,31,41,5,58,43,59,55,45,46,33,17,23,24,44,42,2,30,51,21,34,9,16,39,57,29,50,20,1,36,49,40,6
453;114;19571;5244;14,57,2,35,15,53,42,49,8,10,25,59,40,43,17,32,54,46,24,13,11,58,44,21,36,0,29,5,52,22,27,51,26,31,38,28,9,47,37,20,4,3,30,55,41,1,19,33,7,18,39,16,34,45,48,12,23,6,56,50
454;97;13774;3706;9,52,7,12,19,15,28,35,27,38,53,55,31,25,24,51,56,16,2,0,26,58,22,21,37,23,29,30,3,8,6,44,41,48,33,45,54,47,5,49,57,32,42,39,13,10,18,40,14,50,34,36,43,20,11,59,1,17,4,46
455;120;15527;4188;27,24,2,34,56,55,9,47,21,20,49,25,31,35,30,3,19,6,1,28,40,43,7,59,5,58,13,10,46,37,8,57,26,4,39,16,12,53,0,36,15,41,14,18,29,54,33,17,42,22,38,23,32,48,52,50,11,51,45,44
456;109;15016;4046;37,32,47,49,19,25,12,13,24,22,5,21,4,29,16,34,1,35,44,38,41,28,40,30,0,53,2,55,23,57,45,15,58,36,54,50,46,27,48,17,8,52,20,59,39,7,51,43,6,3,18,42,9,31,11,33,56,14,10,26
457;112;13601;3660;9,8,35,34,47,43,26,40,13,32,25,38,24,50,57,21,41,28,59,39,37,22,51,15,33,17,16,11,2,55,27,29,42,30,7,36,1,6,5,23,44,14,56,53,19,49,4,20,52,46,3,18,48,54,58,10,0,45,12,31
458;102;10254;2787;3,38,12,44,27,35,19,23,15,20,2,56,21,17,53,50,30,1,37,10,8,4,28,32,0,42,39,49,58,54,9,43,40,46,14,11,31,45,34,36,59,18,13,48,33,52,47,16,29,5,25,26,55,51,24,57,6,22,41,7
459;110;10299;2791;18,22,26,33,36,28,15,56,46,44,38,25,35,8,6,10,52,41,1,49,55,27,51,0,40,45,34,54,37,11,7,5,29,13,42,9,31,4,19,57,14,39,24,43,47,16,59,2,20,23,17,53,30,32,58,21,48,3,50,12
460;95;10693;2906;24,44,14,10,30,55,26,22,50,54,3,32,11,21,56,33,15,18,17,29,43,8,20,2,59,46,9,47,23,19,13,12,16,42,37,45,34,38,5,52,35,25,39,28,57,58,7,40,49,48,31,36,6,1,53,41,51,0,4,27
461;113;14275;3842;3,30,36,24,57,20,51,7,54,25,9,8,47,58,5,42,39,6,11,28,44,59,32,13,1,14,52,23,43,26,38,49,21,45,0,46,17,16,41,4,48,40,19,31,33,12,50,35,27,37,56,34,15,2,55,10,53,18,22,29
462;103;11584;3128;22,27,24,41,58,10,59,36,15,21,25,9,44,56,49,47,20,32,57,39,43,50,16,38,2,40,29,54,51,17,45,48,13,23,33,34,31,5,35,4,28,3,30,7,6,19,8,0,46,37,53,52,26,14,12,1,11,42,55,18
463;102;8527;2330;22,48,49,37,59,14,43,20,45,40,25,1,33,55,30,52,16,41,31,35,19,50,44,8,0,34,46,42,57,56,18,27,13,6,11,21,54,7,32,23,53,47,15,58,3,36,17,5,39,38,9,2,10,29,28,4,26,51,12,24
464;105;11751;3200;55,31,3,20,26,8,40,57,36,49,7,56,15,58,32,18,51,44,33,10,11,21,43,39,9,59,29,17,23,22,28,5,41,14,4,2,46,1,19,12,50,34,37,16,13,48,54,38,53,25,27,45,24,35,30,6,47,42,52,0
465;108;18436;4971;11,40,44,50,45,24,8,3,6,30,46,0,43,16,41,20,26,47,31,58,22,32,19,34,39,27,49,23,4,17,36,1,55,28,25,2,52,13,53,38,29,9,15,10,42,56,37,59,54,35,5,51,18,21,33,12,7,57,48,14
466;104;13588;3647;0,48,36,2,1,12,14,20,3,38,21,44,51,41,28,15,6,50,40,55,32,9,10,31,58,46,53,26,37,54,57,18,22,11,25,49,5,47,56,30,4,8,43,19,7,52,35,59,45,13,27,42,34,39,24,17,33,23,16,29
467;98;27182;7317;44,9,53,3,27,40,55,7,49,10,48,29,56,1,45,54,30,2,20,5,39,16,4,23,41,38,57,36,31,51,14,58,35,0,52,24,15,21,19,46,13,28,47,11,42,59,25,12,8,33,18,26,43,22,50,6,34,17,37,32
468;96;9927;2703;12,43,15,34,48,56,47,49,31,57,6,39,2,30,28,59,37,13,52,24,19,45,16,46,38,32,41,9,22,29,17,26,5,55,20,27,23,33,35,54,18,25,10,21,14,4,53,40,3,1,51,8,42,11,36,50,44,7,0,58
469;91;8900;2430;9,37,4,42,40,28,22,21,23,52,11,2,54,6,57,53,41,58,1,20,33,12,29,24,48,30,45,43,47,44,50,31,59,38,26,17,36,3,7,51,18,49,56,0,27,34,46,19,14,5,10,32,55,15,16,8,13,39,35,25
470;104;11992;3241;21,24,0,4,44,26,23,54,8,9,35,31,32,51,38,50,19,52,5,20,49,39,34,16,18,1,40,17,41,6,37,42,56,25,45,57,14,36,28,12,48,55,59,13,58,47,11,29,3,22,15,46,10,2,30,33,7,43,53,27
471;110;15120;4058;21,26,2,29,56,4,20,13,35,37,53,3,11,15,8,14,28,50,36,40,55,48,57,33,12,54,49,27,58,16,5,52,9,25,39,23,47,43,7,45,1,17,32,30,6,42,38,41,59,44,22,51,0,31,24,18,34,46,19,10
472;98;10021;2708;12,57,58,15,13,39,26,16,34,40,35,5,37,8,25,56,29,20,44,14,53,30,36,27,7,46,23,49,28,55,59,42,24,6,51,17,11,45,10,31,32,4,41,21,33,52,2,1,22,38,54,18,48,3,9,50,19,0,47,43
473;103;22052;5891;19,40,51,7,25,17,53,49,46,20,2,41,29,44,3,56,42,9,24,13,58,18,36,39,22,28,27,23,59,43,54,34,1,0,16,47,12,50,15,21,35,10,57,37,8,52,30,32,33,31,26,38,48,45,6,5,4,55,11,14
474;115;17581;4713;59,58,40,19,57,25,17,6,35,28,27,38,55,20,11,39,24,29,45,33,18,21,56,49,32,50,42,1,36,16,48,43,51,22,31,7,2,46,44,4,47,8,13,23,9,52,54,30,12,5,37,14,3,34,41,0,53,15,26,10
475;116;13083;3529;34,29,7,13,23,17,58,52,48,27,50,5,35,31,14,57,36,40,20,53,16,54,43,47,42,39,6,10,51,28,22,8,26,55,33,46,3,59,38,25,56,37,11,30,9,18,21,41,15,49,0,45,4,2,24,44,1,12,32,19
476;116;16785;4537;20,14,11,9,12,43,37,53,57,31,51,4,48,10,0,21,55,26,25,59,34,45,19,3,29,33,49,56,8,27,46,44,16,30,6,36,24,28,42,13,18,22,39,50,47,35,2,41,5,38,15,58,54,17,7,23,32,40,1,52
477;119;27185;7277;59,19,29,37,48,25,3,10,23,6,40,27,15,35,22,20,8,47,46,33,32,53,4,24,12,51,34,7,5,2,57,14,11,50,30,45,36,21,26,42,49,55,17,38,39,56,31,43,18,16,54,0,52,28,44,58,13,1,9,41
478;90;12926;3498;13,30,39,6,32,9,8,12,56,19,23,29,44,54,14,22,25,2,5,53,40,4,49,45,11,16,51,21,57,58,35,34,28,41,24,27,43,42,26,59,3,38,1,33,46,55,36,47,52,50,7,48,20,0,37,15,18,17,10,31
479;108;9517;2594;48,11,20,17,57,58,16,28,49,35,51,39,1,4,52,5,23,26,13,19,8,22,54,18,47,50,43,45,46,32,12,10,41,59,15,55,44,7,0,25,37,27,38,42,33,56,29,24,30,9,53,36,40,14,6,21,2,31,3,34
480;102;13909;3748;23,35,38,43,29,41,16,14,45,24,54,27,39,1,55,25,47,26,13,51,19,44,9,4,37,2,50,10,53,20,33,17,58,12,36,15,0,59,28,7,48,8,11,32,30,40,57,52,21,56,6,18,42,46,22,5,49,31,3,34
481;96;17288;4632;16,25,23,30,43,22,0,35,57,59,32,51,12,9,11,29,54,6,44,47,55,1,7,45,20,40,52,27,49,46,28,34,42,18,33,21,41,38,10,58,53,13,15,5,3,4,8,56,19,37,14,24,17,39,50,31,36,2,48,26
482;87;9806;2664;12,22,25,56,51,11,45,9,48,31,50,35,40,16,52,17,4,37,7,36,26,30,53,34,27,5,21,15,46,32,24,23,39,57,58,8,2,47,44,42,13,19,29,14,38,49,0,41,18,10,33,54,43,59,1,28,20,55,3,6
483;82;6876;1885;17,3,39,4,23,9,7,18,33,32,42,16,20,37,29,19,46,6,8,47,27,14,56,10,54,5,35,0,24,38,2,26,51,31,15,28,53,1,41,59,21,25,50,52,49,40,36,48,22,11,58,44,43,57,55,13,45,30,34,12
484;95;16605;4451;41,13,39,34,55,49,56,47,45,33,8,29,1,19,11,6,5,58,24,54,10,16,57,4,14,15,17,48,7,23,3,59,28,36,2,30,12,35,25,42,27,38,40,44,32,51,46,37,31,21,20,26,0,9,18,53,22,52,43,50
485;91;11562;3133;4,30,6,58,55,32,13,47,42,12,35,8,18,48,31,49,16,24,41,38,19,20,11,26,0,37,43,22,44,10,25,57,59,34,46,7,54,9,27,21,23,14,28,45,5,52,51,50,53,40,29,2,39,33,56,17,3,15,1,36
486;119;18250;4897;39,47,30,32,18,59,49,8,25,54,52,46,28,16,26,2,55,58,53,50,29,51,19,17,20,45,24,57,13,10,44,36,48,6,42,9,4,11,43,23,22,38,56,3,40,15,12,1,5,35,41,31,14,0,7,27,37,34,21,33
487;111;13713;3701;14,11,50,32,34,42,5,19,13,9,24,36,47,51,38,23,28,27,26,55,58,12,17,25,31,39,41,33,20,4,15,16,44,48,53,45,29,49,6,30,3,56,59,2,43,1,18,40,35,57,54,37,7,46,10,21,22,0,52,8
488;128;21334;5728;16,9,12,25,56,17,44,45,49,48,42,32,59,31,15,19,37,51,27,4,43,47,24,53,0,46,22,52,11,29,58,33,40,8,13,2,21,50,7,38,36,1,30,23,3,26,5,34,54,55,6,28,20,39,18,35,41,14,57,10
489;107;12639;3448;24,52,43,58,55,29,14,37,2,38,9,22,30,15,56,41,12,8,23,57,42,26,6,46,0,34,45,44,27,49,51,1,39,33,5,50,28,40,3,31,13,16,25,7,17,19,18,54,35,11,4,21,20,47,53,59,32,36,48,10
490;98;9933;2714;26,28,7,1,48,2,22,50,23,12,11,54,44,35,6,37,41,17,20,47,39,13,31,55,21,58,34,30,59,42,27,46,0,49,36,4,15,9,40,5,8,19,43,38,29,14,53,18,16,57,51,52,32,45,33,10,56,3,25,24
491;127;16523;4436;19,29,17,18,14,28,0,11,42,48,39,51,5,34,25,4,3,58,40,1,12,33,13,45,6,47,49,16,50,36,32,9,35,43,38,2,7,27,10,52,20,53,24,31,22,26,8,41,54,56,46,15,44,37,23,30,55,59,57,21
492;107;14883;4001;51,6,1,57,33,44,40,50,21,0,2,20,38,37,14,49,24,56,15,48,32,46,52,5,41,59,43,12,17,45,39,36,58,16,8,9,13,10,11,29,23,18,53,3,28,42,30,25,34,47,7,26,35,55,22,31,4,27,54,19
493;122;26847;7150;33,6,8,55,40,0,14,42,57,47,41,30,44,51,25,27,12,35,59,4,49,31,21,43,48,11,22,46,34,53,58,16,7,18,54,17,15,50,29,19,38,37,5,39,9,26,2,52,20,13,3,24,56,1,10,23,36,28,32,45
494;108;13843;3730;4,47,48,52,40,33,28,29,50,37,1,36,51,34,7,16,57,53,24,56,22,45,2,18,42,13,21,39,32,43,19,14,20,3,23,31,9,25,12,30,26,10,59,46,27,54,6,11,5,55,49,15,0,8,38,17,41,58,35,44
495;109;18722;5023;46,0,4,15,50,53,18,35,45,9,26,55,30,20,51,40,12,52,6,58,28,7,5,1,16,21,23,54,24,3,11,14,10,13,59,48,33,38,27,42,49,17,32,2,31,34,57,29,19,39,44,36,37,8,22,41,43,47,25,56
496;134;23042;6160;46,4,13,10,22,56,6,36,26,30,9,58,40,25,33,48,1,47,28,38,41,27,32,21,29,19,7,3,51,5,34,49,35,18,54,0,52,57,14,15,45,2,53,12,59,44,42,31,23,17,43,55,37,50,8,39,16,11,20,24
497;126;12891;3477;3,52,15,34,58,14,31,7,28,42,16,44,41,33,12,50,18,45,24,22,1,47,25,53,4,2,55,54,30,0,23,19,49,35,36,48,37,10,11,5,13,27,29,39,38,26,56,32,46,8,59,21,9,57,40,51,17,43,20,6
498;88;10443;2825;38,36,0,40,10,25,33,18,53,45,14,29,30,2,20,48,12,47,41,51,19,50,15,3,27,39,8,26,55,11,13,4,24,52,21,31,5,6,43,7,46,59,23,44,34,1,9,37,17,57,16,49,32,28,22,42,54,58,35,56
499;112;19232;5148;41,51,3,40,55,37,50,44,35,38,15,36,43,13,24,48,29,49,30,21,47,27,59,58,10,20,9,34,45,22,7,26,5,23,31,2,42,25,52,1,53,4,6,46,56,14,57,11,39,32,12,54,19,33,0,28,17,8,16,18
